years
 1991 1992 1993 1994 1995 1996 1997 1998 1999 2000 2001 2002 2003 2004 2005 2006 2007 2008 2009 2010 2011 2012 2013 2014 2015 2016 2017 2018 2019 2020 2021 2022
reclasobs
 0 0 0 0 0 0 0 0 0 252601 567819 844713 477998 351125 339783 2.1784e+06 2.13404e+06 4.81314e+06 1.55562e+06 2.62356e+06 3.21686e+06 3.843e+06 1.13348e+06 3.07943e+06 1.97215e+06 2.03268e+06 2.025e+06 2.42433e+06 2.27542e+06 1.05018e+06 2.36338e+06 3.18982e+06
reclaspred
 3.30664e+06 1.8117e+06 918909 921445 924002 1.52735e+06 868277 763885 547284 377795 502402 673044 653153 486749 488542 1.35935e+06 1.23526e+06 3.1349e+06 2.48457e+06 1.79535e+06 3.10308e+06 2.54196e+06 1.96161e+06 3.06591e+06 2.27895e+06 2.02648e+06 2.42107e+06 2.66965e+06 2.1758e+06 1.48255e+06 2.03951e+06 2.22398e+06
pelacesobs
 0 0 0 0 0 0 0 0 0 0 0 0 0 0 0 552880 188675 0 991730 2.46772e+06 1.41603e+06 1.21717e+06 2.29649e+06 1.80582e+06 0 1.4828e+06 1.56532e+06 1.57751e+06 1.42118e+06 867257 1.10002e+06 1.06204e+06
pelacespred
 1.80182e+06 1.08276e+06 538106 444415 478991 820761 407055 476774 314484 201026 288155 318727 341964 261112 272803 641526 585526 1.75199e+06 1.39987e+06 925209 1.6025e+06 1.3739e+06 1.08109e+06 1.88085e+06 1.32713e+06 1.18667e+06 1.62386e+06 1.6062e+06 1.18151e+06 922353 1.07893e+06 1.21374e+06
mphobs
 0 0 0 0 0 0 0 0 0 0 0 498337 0 5186 125008 0 168611 109162 213762 579715 649985 157893 87575 83554 0 0 0 0 0 0 0 0
mphpred
 508084 337920 163259 90494.8 97091.2 113876 149956 82087.6 75336.1 48639.4 30498.6 60321.9 64280.2 51887.8 32218.5 41967.3 153368 138025 312907 219939 229636 280003 269442 217413 308732 254287 209309 224059 328596 222885 146899 262102
desembarqueobs
 494567 514787 250237 358949 120608 361735 552515 73892 212993 205616 52469 317467 293654 387597 252695 516296 358380 742168 942051 627588 828172 859565 418607 520667 417249 300574 415391 372974 316634 284311 391294 218835
desembarquepred
 494570 513851 250675 358984 120614 361745 552547 73897.1 213052 205671 52471.7 317531 293695 387592 252675 516228 358403 742016 941751 627372 828251 859553 418610 520694 417240 300571 415385 372946 316619 284304 391252 218838
Reclutas
 173289 96205.2 99170.5 148006 120760 211594 85614.9 38004.1 36416.8 48345.8 91890.6 129078 106607 75849.5 71566.5 385970 77609.5 626825 339907 269967 376065 524362 104704 302105 259457 116614 255859 299651 95507.2 87953.6 244715 103249
log_desv_Rt
 0.181791 -0.406685 -0.376328 0.0240819 -0.179365 0.381503 -0.523309 -1.33548 -1.37814 -1.09479 -0.45257 -0.112751 -0.304023 -0.644417 -0.702542 0.98259 -0.621479 1.4675 0.855503 0.62513 0.956592 1.28901 -0.322032 0.737604 0.585423 -0.214302 0.571458 0.729449 -0.413967 -0.49636 0.526925 -0.336026
SSB
 2.28811e+06 1.52179e+06 735219 407534 437240 512830 675310 369673 339268 219042 137347 271654 289479 233671 145093 188995 690676 621583 1.40914e+06 990471 1.03414e+06 1.26097e+06 1.21341e+06 979097 1.39034e+06 1.14516e+06 942602 1.00903e+06 1.4798e+06 1.00374e+06 661545 1.18035e+06
BT
 3.18204e+06 2.1653e+06 1.06913e+06 978772 829497 1.56574e+06 1.11745e+06 796270 694075 505068 486889 752989 789770 801964 671274 1.40131e+06 1.17749e+06 3.34223e+06 3.04722e+06 1.98091e+06 3.12964e+06 2.90359e+06 2.02042e+06 3.37009e+06 2.42192e+06 2.08554e+06 2.91567e+06 2.81124e+06 2.07324e+06 1.69108e+06 1.98658e+06 2.03285e+06
Ftot
 0.186563 0.344249 0.338066 0.527084 0.176642 0.336871 0.771237 0.12983 0.513163 0.708769 0.158826 0.646245 0.610579 1.06003 0.755391 0.592074 0.37321 0.359962 0.503599 0.470256 0.371439 0.466819 0.272593 0.246971 0.243912 0.194716 0.246566 0.205666 0.180999 0.24619 0.282748 0.128284
BD_Bspro_t
 0.970706 0.797804 0.603772 0.507248 0.49606 0.584402 0.573777 0.382425 0.444532 0.386817 0.345069 0.59524 0.47263 0.374244 0.262054 0.317706 0.512798 0.473896 0.605449 0.489783 0.45475 0.501557 0.521253 0.507007 0.624147 0.634238 0.641961 0.683001 0.742914 0.669452 0.610597 0.701111
BD_Bspro
 2.20008 1.46324 0.706934 0.391856 0.420419 0.4931 0.64933 0.355451 0.326216 0.210616 0.132063 0.261203 0.278342 0.224682 0.139511 0.181724 0.664104 0.59767 1.35493 0.952366 0.994358 1.21245 1.16672 0.941429 1.33685 1.1011 0.906338 0.970209 1.42287 0.965124 0.636094 1.13494
BD_Bo
 1.46443 0.973973 0.470554 0.26083 0.279842 0.328221 0.432212 0.236598 0.217138 0.140191 0.0879049 0.173863 0.185272 0.149554 0.0928621 0.120961 0.442046 0.397825 0.901878 0.63392 0.661871 0.807042 0.776603 0.626641 0.889845 0.732922 0.603283 0.645797 0.947099 0.642412 0.423401 0.755447
BD_Brms
 2.6626 1.77086 0.855553 0.474235 0.508804 0.596765 0.785839 0.430178 0.394797 0.254893 0.159827 0.316115 0.336858 0.271917 0.16884 0.219928 0.803719 0.723318 1.63978 1.15258 1.2034 1.46735 1.412 1.13935 1.6179 1.33259 1.09688 1.17418 1.722 1.16802 0.769821 1.37354
Sel_flota
 0.684785 0.976346 0.998727 0.999933 0.999996
 0.684785 0.976346 0.998727 0.999933 0.999996
 0.684785 0.976346 0.998727 0.999933 0.999996
 0.684785 0.976346 0.998727 0.999933 0.999996
 0.684785 0.976346 0.998727 0.999933 0.999996
 0.684785 0.976346 0.998727 0.999933 0.999996
 0.684785 0.976346 0.998727 0.999933 0.999996
 0.684785 0.976346 0.998727 0.999933 0.999996
 0.684785 0.976346 0.998727 0.999933 0.999996
 0.684785 0.976346 0.998727 0.999933 0.999996
 0.684785 0.976346 0.998727 0.999933 0.999996
 0.684785 0.976346 0.998727 0.999933 0.999996
 0.684785 0.976346 0.998727 0.999933 0.999996
 0.684785 0.976346 0.998727 0.999933 0.999996
 0.684785 0.976346 0.998727 0.999933 0.999996
 0.684785 0.976346 0.998727 0.999933 0.999996
 0.684785 0.976346 0.998727 0.999933 0.999996
 0.684785 0.976346 0.998727 0.999933 0.999996
 0.684785 0.976346 0.998727 0.999933 0.999996
 0.684785 0.976346 0.998727 0.999933 0.999996
 0.684785 0.976346 0.998727 0.999933 0.999996
 0.684785 0.976346 0.998727 0.999933 0.999996
 0.684785 0.976346 0.998727 0.999933 0.999996
 0.684785 0.976346 0.998727 0.999933 0.999996
 0.684785 0.976346 0.998727 0.999933 0.999996
 0.684785 0.976346 0.998727 0.999933 0.999996
 0.684785 0.976346 0.998727 0.999933 0.999996
 0.684785 0.976346 0.998727 0.999933 0.999996
 0.684785 0.976346 0.998727 0.999933 0.999996
 0.684785 0.976346 0.998727 0.999933 0.999996
 0.684785 0.976346 0.998727 0.999933 0.999996
 0.684785 0.976346 0.998727 0.999933 0.999996
Sel_reclas
 1 1 1 1 1
 1 1 1 1 1
 1 1 1 1 1
 1 1 1 1 1
 1 1 1 1 1
 1 1 1 1 1
 1 1 1 1 1
 1 1 1 1 1
 1 1 1 1 1
 1 1 1 1 1
 1 1 1 1 1
 1 1 1 1 1
 1 1 1 1 1
 1 1 1 1 1
 1 1 1 1 1
 1 1 1 1 1
 1 1 1 1 1
 1 1 1 1 1
 1 1 1 1 1
 1 1 1 1 1
 1 1 1 1 1
 1 1 1 1 1
 1 1 1 1 1
 1 1 1 1 1
 1 1 1 1 1
 1 1 1 1 1
 1 1 1 1 1
 1 1 1 1 1
 1 1 1 1 1
 1 1 1 1 1
 1 1 1 1 1
 1 1 1 1 1
Sel_pelaces
 1 1 1 1 1
 1 1 1 1 1
 1 1 1 1 1
 1 1 1 1 1
 1 1 1 1 1
 1 1 1 1 1
 1 1 1 1 1
 1 1 1 1 1
 1 1 1 1 1
 1 1 1 1 1
 1 1 1 1 1
 1 1 1 1 1
 1 1 1 1 1
 1 1 1 1 1
 1 1 1 1 1
 1 1 1 1 1
 1 1 1 1 1
 1 1 1 1 1
 1 1 1 1 1
 1 1 1 1 1
 1 1 1 1 1
 1 1 1 1 1
 1 1 1 1 1
 1 1 1 1 1
 1 1 1 1 1
 1 1 1 1 1
 1 1 1 1 1
 1 1 1 1 1
 1 1 1 1 1
 1 1 1 1 1
 1 1 1 1 1
 1 1 1 1 1
pf_obs 
 0.8446 0.082 0.0669 0.0065 0
 0.8095 0.147 0.0364 0.0071 0
 0.9664 0.0169 0.016 0.0007 0
 0.9276 0.0648 0.0075 0.0001 0
 0.7033 0.2144 0.0806 0.0017 0
 0.9318 0.0425 0.0243 0.0014 0
 0.5671 0.3108 0.0964 0.0239 0.0018
 0.0768 0.2599 0.5324 0.112 0.0189
 0.490249 0.384438 0.106611 0.0170017 0.00170017
 0.7925 0.1577 0.0466 0.003 0.0002
 0.840416 0.127587 0.0312969 0.00059994 9.999e-05
 0.8084 0.0986 0.0794 0.0134 0.0002
 0.7335 0.1905 0.0724 0.0035 0.0001
 0.4001 0.4547 0.1325 0.0127 0
 0.49795 0.308269 0.164784 0.0264974 0.00249975
 0.9179 0.0499 0.0305 0.0017 0
 0.2467 0.6533 0.0926 0.0074 0
 0.9418 0.0223 0.034 0.0019 0
 0.707729 0.231977 0.0356964 0.0245975 0
 0.517169 0.277429 0.184464 0.0207286 0.00020938
 0.811772 0.124168 0.05621 0.00726502 0.000585176
 0.764997 0.148141 0.077277 0.00933861 0.000247198
 0.163321 0.427699 0.378323 0.0303852 0.000271297
 0.753843 0.0900009 0.118128 0.0371064 0.000921714
 0.721811 0.176058 0.0630433 0.0369309 0.00215725
 0.143369 0.312575 0.442814 0.0836902 0.0175525
 0.692698 0.0596174 0.167031 0.0765114 0.00414204
 0.394062 0.376323 0.152708 0.0712218 0.00568511
 0.125707 0.32114 0.495352 0.0537591 0.00404204
 0.23352 0.215282 0.420074 0.123614 0.00750983
 0.796117 0.104755 0.0508955 0.0450114 0.00322123
 0.162477 0.292055 0.404252 0.121198 0.0200186
pf_pred 
 0.454096 0.136415 0.384346 0.0251421 8.76243e-07
 0.407755 0.325833 0.0677886 0.186443 0.012181
 0.568182 0.219647 0.118163 0.0239454 0.0700622
 0.716584 0.188343 0.0489994 0.0256761 0.0203974
 0.644837 0.282954 0.048461 0.0122488 0.0114991
 0.739575 0.188679 0.0574411 0.00960482 0.00470058
 0.460871 0.436578 0.0748408 0.0221914 0.00551872
 0.458282 0.31442 0.185207 0.0307321 0.0113586
 0.537828 0.254272 0.121863 0.0701214 0.0159158
 0.714574 0.183936 0.0565771 0.0263428 0.0185695
 0.827751 0.137961 0.0223492 0.00666051 0.00527814
 0.737013 0.229925 0.0266076 0.00420871 0.00224531
 0.681478 0.259888 0.0514615 0.00577433 0.00139829
 0.639304 0.278279 0.0676215 0.0129881 0.00180728
 0.752503 0.186579 0.0474001 0.011095 0.00242265
 0.938699 0.0509672 0.00785298 0.00193121 0.000549777
 0.365543 0.60903 0.0212475 0.00317724 0.00100216
 0.905574 0.0436984 0.048747 0.00165581 0.000325228
 0.567034 0.40505 0.0131038 0.014234 0.000577629
 0.60086 0.266516 0.124306 0.00390778 0.00441031
 0.727473 0.190212 0.0554772 0.0251573 0.00168083
 0.743223 0.205641 0.035982 0.0102175 0.00493585
 0.306141 0.565844 0.103098 0.0175407 0.0073758
 0.728782 0.106788 0.13472 0.023934 0.00577641
 0.61458 0.308004 0.0309473 0.0380821 0.00838718
 0.420467 0.405761 0.139577 0.0136803 0.0205144
 0.716461 0.145626 0.0972641 0.0326585 0.00799028
 0.681093 0.251467 0.0350627 0.0228432 0.00953387
 0.350931 0.491 0.125295 0.0170508 0.0157241
 0.473374 0.23141 0.224632 0.0559636 0.0146199
 0.787398 0.121344 0.0406685 0.0385063 0.0120831
 0.456108 0.460103 0.048358 0.0158017 0.0196295
pobs_RECLAS
 0 0 0 0 0
 0 0 0 0 0
 0 0 0 0 0
 0 0 0 0 0
 0 0 0 0 0
 0 0 0 0 0
 0 0 0 0 0
 0 0 0 0 0
 0 0 0 0 0
 0 0 0 0 0
 0.991045 0.00858322 0.000360255 1.14367e-05 0
 0.934742 0.0480273 0.0164251 0.00080598 0
 0.827803 0.169806 0.00239088 0 0
 0.941827 0.0461693 0.0120037 0 0
 0.791401 0.0380133 0.147996 0.0225897 0
 0.846168 0.0940531 0.0597789 0 0
 0.134021 0.677848 0.182769 0.00536245 0
 0.80878 0.0450904 0.141981 0.00414843 0
 0.846168 0.0940531 0.0597789 0 0
 0.905697 0.0802665 0.012482 0.00150086 5.37128e-05
 0.989698 0.0102097 9.19794e-05 0 0
 0.975433 0.0193895 0.00387452 0.00125025 5.28907e-05
 0.303575 0.632131 0.0575291 0.00676475 0
 0.966965 0.00978017 0.0227588 0.000495775 0
 0.843318 0.132988 0.00938335 0.0141283 0.000182051
 0.564624 0.303363 0.111486 0.0197234 0.00080311
 0.826376 0.0876187 0.0782897 0.00655872 0.00115652
 0.89761 0.0855135 0.0140674 0.00269457 0.000114338
 0.34875 0.467042 0.161289 0.0227151 0.000203297
 0.318654 0.224769 0.449479 0.00709798 0
 0.937255 0.0296025 0.0250945 0.00804832 0
 0.456809 0.399803 0.12412 0.0192676 0
ppred_RECLAS
 0.548103 0.114895 0.316333 0.0206677 7.20253e-07
 0.500712 0.277707 0.0564343 0.15502 0.0101273
 0.657268 0.176393 0.092692 0.0187602 0.0548872
 0.787234 0.142562 0.0362057 0.0189477 0.0150512
 0.723257 0.221522 0.0370755 0.00935951 0.00878614
 0.804577 0.142505 0.0423774 0.00707713 0.0034633
 0.557767 0.359832 0.0601571 0.0178136 0.00442971
 0.549965 0.26374 0.151832 0.0251633 0.00929981
 0.630534 0.205514 0.0961541 0.0552573 0.0125412
 0.787119 0.138421 0.0415338 0.0193129 0.0136131
 0.873623 0.101689 0.0160987 0.00479186 0.00379708
 0.804007 0.171884 0.0194084 0.00306594 0.00163554
 0.757921 0.198403 0.038339 0.0042963 0.0010403
 0.726886 0.211986 0.0501675 0.00962211 0.00133881
 0.8178 0.138204 0.0342435 0.00800469 0.00174775
 0.957231 0.035706 0.00536924 0.00131869 0.00037538
 0.454085 0.524531 0.017873 0.00266927 0.000841879
 0.933337 0.0312415 0.0340398 0.00115479 0.000226805
 0.655396 0.322894 0.010198 0.0110634 0.000448934
 0.687201 0.210522 0.0958702 0.00301001 0.00339687
 0.794982 0.144125 0.0410559 0.0185943 0.00124226
 0.808074 0.154443 0.0263855 0.00748297 0.0036146
 0.389056 0.500375 0.0890702 0.0151353 0.00636392
 0.79647 0.0812785 0.100185 0.0177766 0.00429005
 0.696998 0.243297 0.0238848 0.0293551 0.00646472
 0.511541 0.344378 0.115758 0.0113318 0.0169916
 0.785859 0.111245 0.0725953 0.0243453 0.00595597
 0.754767 0.194337 0.0264777 0.0172289 0.00719019
 0.437907 0.427605 0.106631 0.0144931 0.0133645
 0.566666 0.19293 0.18298 0.0455304 0.0118935
 0.84324 0.0903924 0.0295967 0.0279884 0.00878208
 0.54628 0.385198 0.0395677 0.0129135 0.0160407
pobs_PELACES
 0 0 0 0 0
 0 0 0 0 0
 0 0 0 0 0
 0 0 0 0 0
 0 0 0 0 0
 0 0 0 0 0
 0 0 0 0 0
 0 0 0 0 0
 0 0 0 0 0
 0 0 0 0 0
 0 0 0 0 0
 0 0 0 0 0
 0 0 0 0 0
 0 0 0 0 0
 0 0 0 0 0
 0 0 0 0 0
 0.505614 0.472636 0.0217494 0 0
 0 0 0 0 0
 0.443492 0.261883 0.143347 0.151278 0
 0.227955 0.32914 0.350689 0.0885471 0.00366901
 0.970185 0.0296113 0.000203453 0 0
 0.997202 0.00247181 0.000326279 0 0
 0.445219 0.490057 0.0546422 0.010081 0
 0.90214 0.0892962 0.00764917 0.000914606 0
 0 0 0 0 0
 0.581667 0.319106 0.0959925 0.00289975 0.000334073
 0.762889 0.0836404 0.116647 0.0363945 0.000428098
 0.88444 0.0763242 0.0277011 0.0115352 0
 0.521256 0.241999 0.230069 0.00667565 0
 0.616807 0.101726 0.260614 0.0208532 0
 0.833518 0.0704572 0.0857862 0.0102388 0
 0.697417 0.212968 0.0787535 0.0105354 0.000325836
ppred_PELACES
 0.5528 0.113819 0.312937 0.0204442 7.12464e-07
 0.509284 0.273259 0.0553894 0.152129 0.0099384
 0.664833 0.172713 0.0905321 0.0183206 0.0536006
 0.795818 0.13699 0.0346555 0.0181326 0.0144036
 0.726698 0.218825 0.0365764 0.00923286 0.00866722
 0.809728 0.138843 0.0411859 0.00687723 0.00336546
 0.576247 0.345167 0.0573775 0.0169853 0.00422367
 0.553154 0.261976 0.150672 0.0249698 0.00922826
 0.642355 0.199281 0.092885 0.0533678 0.0121122
 0.798623 0.131186 0.0391574 0.0182028 0.0128304
 0.875326 0.100342 0.0158669 0.00472255 0.00374215
 0.81371 0.163471 0.0183705 0.00290125 0.00154766
 0.768681 0.189739 0.0364999 0.00408921 0.000990147
 0.746992 0.196726 0.0461932 0.00885611 0.0012322
 0.828574 0.130209 0.032083 0.0074974 0.00163696
 0.959531 0.0338099 0.00506193 0.00124292 0.000353807
 0.463028 0.515995 0.0175337 0.00261822 0.00082577
 0.935545 0.0302494 0.0328713 0.00111499 0.000218987
 0.666309 0.312743 0.00984075 0.0106737 0.000433116
 0.697084 0.204103 0.0926247 0.00290757 0.00328123
 0.800878 0.140097 0.039799 0.0180224 0.00120404
 0.815047 0.148934 0.0253568 0.00718987 0.00347299
 0.395396 0.495365 0.088001 0.014952 0.0062868
 0.800472 0.0797687 0.0981444 0.0174129 0.00420225
 0.702008 0.239362 0.0234562 0.0288255 0.00634806
 0.516328 0.341149 0.114508 0.0112086 0.0168067
 0.789971 0.109205 0.0711348 0.0238531 0.00583554
 0.75847 0.191464 0.0260467 0.016947 0.00707253
 0.442278 0.424417 0.105695 0.0143648 0.0132462
 0.572723 0.190428 0.180279 0.0448538 0.0117167
 0.846921 0.0883504 0.0288678 0.027296 0.00856477
 0.549373 0.382628 0.0392664 0.0128145 0.0159177
pobs_pel_tallas
 0 0 0 0 0 0 0 0 0 0 0 0 0 0 0 0 0 0 0 0 0 0 0 0 0 0
 0 0 0 0 0 0 0 0 0 0 0 0 0 0 0 0 0 0 0 0 0 0 0 0 0 0
 0 0 0 0 0 0 0 0 0 0 0 0 0 0 0 0 0 0 0 0 0 0 0 0 0 0
 0 0 0 0 0 0 0 0 0 0 0 0 0 0 0 0 0 0 0 0 0 0 0 0 0 0
 0 0 0 0 0 0 0 0 0 0 0 0 0 0 0 0 0 0 0 0 0 0 0 0 0 0
 0 0 0 0 0 0 0 0 0 0 0 0 0 0 0 0 0 0 0 0 0 0 0 0 0 0
 0 0 0 0 0 0 0 0 0 0 0 0 0 0 0 0 0 0 0 0 0 0 0 0 0 0
 0 0 0 0 0 0 0 0 0 0 0 0 0 0 0 0 0 0 0 0 0 0 0 0 0 0
 0 0 0 0 0 0 0 0 0 0 0 0 0 0 0 0 0 0 0 0 0 0 0 0 0 0
 0 0 0 0 0 0 0 0 0 0 0 0 0 0 0 0 0 0 0 0 0 0 0 0 0 0
 0 0 0 0 0 0 0 0 0 0 0 0 0 0 0 0 0 0 0 0 0 0 0 0 0 0
 0 0 0 0 0 0 0 0 0 0 0 0 0 0 0 0 0 0 0 0 0 0 0 0 0 0
 0.00862536 0 0 0.000197151 0.00414017 0.0128641 0.00837892 0.0270097 0.101434 0.158115 0.152841 0.127902 0.109271 0.109419 0.0830992 0.0579132 0.0238553 0.00714673 0.00463305 0.00128148 0.00103504 0.000492878 0.000147863 0.000147863 4.92878e-05 0
 0 0 0 0 0 0 0 0 0 0 0 0 0 0 0 0 0 0 0 0 0 0 0 0 0 0
 0 0 0 0 0 0 0 0.0054083 0.00873648 0.0413646 0.0450493 0.0745869 0.0622846 0.0627006 0.0613931 0.0827291 0.12552 0.122667 0.0946155 0.0697135 0.0546179 0.0294188 0.0215738 0.0213955 0.0102223 0.00600262
 0 0 0 0 0.00359764 0.0251062 0.0480494 0.140153 0.205849 0.193036 0.1447 0.116669 0.0760912 0.0342217 0.00950174 0.001854 0.000860785 0 0 0 0.000165536 0 0.000143464 0 0 0
 0 0 0 0 0 0 0 0.000145254 0.000435761 0.0275982 0.070085 0.0708112 0.156366 0.174668 0.174014 0.160142 0.0824315 0.0480064 0.0283245 0.00493863 0.00203355 0 0 0 0 0
 0 0 0 0 0 0 0 0 0 0 0 0 0 0 0 0 0 0 0 0 0 0 0 0 0 0
 0 0 1.00437e-05 0.000401748 0.00122533 0.00171747 0.00176769 0.0269171 0.070346 0.194647 0.189555 0.159765 0.064822 0.0314167 0.0384472 0.0292271 0.0345202 0.0313363 0.0194345 0.0106764 0.0143323 0.0359363 0.0279516 0.0138201 0.00172751 0
 0 0.0021121 0.0136068 0.0755702 0.200478 0.177729 0.0527432 0.0373336 0.0318909 0.0142505 0.0149659 0.0166563 0.0217959 0.0798694 0.0677717 0.0528807 0.04013 0.0224614 0.0357745 0.0225083 0.00881397 0.00855152 0.00135912 0.000746735 0 0
 0 0 0 0 5.4009e-05 0.00500934 0.000945158 0.0243581 0.138947 0.33067 0.221406 0.137944 0.0707744 0.0437923 0.0131692 0.00525238 0.0047753 0.00276346 9.45158e-05 9.00151e-06 2.25038e-05 9.00151e-06 4.50075e-06 0 0 0
 0.000866109 0.00284123 0.00948549 0.0512746 0.133035 0.25785 0.225252 0.132002 0.0553304 0.0519788 0.0540692 0.017754 0.00435017 0.00159236 0.00146478 0.000404838 0.000125132 0.000115318 0.000107957 0.000100596 0 0 0 0 0 0
 0 0 0 0 0.00144013 0.00171154 0.00461396 0.0210425 0.0478622 0.0707936 0.0888783 0.103762 0.0637923 0.0337046 0.0602308 0.124433 0.169614 0.0934646 0.0462172 0.0250306 0.0313229 0.00938855 0.002487 0.000210481 0 0
 0 0.00764035 0.051015 0.0998891 0.058973 0.0496711 0.0374665 0.0718981 0.12319 0.153886 0.159021 0.0857701 0.0377988 0.023471 0.0147837 0.00900784 0.00315554 0.000888139 0.00291439 0.00214683 0.00393193 0.00274676 0.000635225 9.99891e-05 0 0
 0 0 0 0 0 0 0 0 0 0 0 0 0 0 0 0 0 0 0 0 0 0 0 0 0 0
 0 0 0 0 0 0 0 0 0 0 0 0 0 0 0 0 0 0 0 0 0 0 0 0 0 0
 0 0 0 0 0 0 0 0 0 0 0 0 0 0 0 0 0 0 0 0 0 0 0 0 0 0
 0 0 0 0 0 0 0 0 0 0 0 0 0 0 0 0 0 0 0 0 0 0 0 0 0 0
 0 0 0 0 0 0 0 0 0 0 0 0 0 0 0 0 0 0 0 0 0 0 0 0 0 0
 0 0 0 0 0 0 0 0 0 0 0 0 0 0 0 0 0 0 0 0 0 0 0 0 0 0
 0 0 0 0 0 0 0 0 0 0 0 0 0 0 0 0 0 0 0 0 0 0 0 0 0 0
 0 0 0 0 0 0 0 0 0 0 0 0 0 0 0 0 0 0 0 0 0 0 0 0 0 0
ppred_pel_tallas
 1.11111e-16 4.55334e-05 0.000442601 0.00294124 0.0133705 0.0416005 0.0886347 0.129367 0.129379 0.0886908 0.0417902 0.0139242 0.00435339 0.00359882 0.0062547 0.0108274 0.0168918 0.0239397 0.0313819 0.0387857 0.0458427 0.0520224 0.0563051 0.0574128 0.0544881 0.047709
 1.18607e-16 4.19491e-05 0.00040776 0.00270971 0.012318 0.0383259 0.0816584 0.119188 0.119215 0.0817876 0.0387597 0.0135721 0.00586225 0.00730582 0.0131924 0.0218825 0.031869 0.0408755 0.0466785 0.0484286 0.0472154 0.0452912 0.0445373 0.0453546 0.0466757 0.0468468
 1.13565e-16 5.47615e-05 0.000532301 0.00353733 0.0160802 0.0500315 0.106598 0.155587 0.155603 0.10668 0.0503071 0.0168777 0.00554501 0.00493482 0.00847475 0.0140803 0.0206521 0.0267762 0.0310614 0.032918 0.0328943 0.0322162 0.0319031 0.0321675 0.0324694 0.0320177
 1.05292e-16 6.55505e-05 0.000637175 0.00423425 0.0192483 0.0598887 0.1276 0.186238 0.186251 0.127664 0.0601059 0.0198763 0.00581224 0.00408741 0.00663469 0.0109092 0.0158166 0.0201257 0.0226368 0.022823 0.0211423 0.0187028 0.0165501 0.0151364 0.0142859 0.0135273
 1.03505e-16 5.98572e-05 0.000581834 0.00386649 0.0175765 0.0546872 0.116518 0.170065 0.170086 0.116621 0.0550334 0.0185768 0.00637783 0.00606597 0.0104808 0.0172471 0.0248752 0.0313593 0.0346973 0.0339719 0.029891 0.0242911 0.0190176 0.0150556 0.0124151 0.0105824
 1.02484e-16 6.66962e-05 0.000648311 0.00430826 0.0195847 0.0609354 0.12983 0.189493 0.189507 0.129895 0.0611557 0.0202214 0.00590807 0.00414625 0.00672613 0.0110564 0.0160195 0.0203512 0.0228043 0.0227952 0.0207273 0.0176713 0.0146772 0.0122658 0.0104022 0.00880356
 1.04163e-16 4.74648e-05 0.000461374 0.003066 0.0139376 0.0433652 0.0923954 0.134861 0.134894 0.092558 0.0439114 0.0155152 0.00702689 0.00911061 0.0164815 0.0271923 0.0392145 0.0494143 0.0546247 0.0533826 0.0467858 0.0377154 0.0290788 0.0224472 0.0178803 0.0146325
 1.08481e-16 4.55626e-05 0.000442885 0.00294313 0.013379 0.0416273 0.0886923 0.129454 0.12948 0.0888167 0.0420454 0.0145889 0.00598899 0.00712133 0.0128151 0.0213385 0.0312594 0.0404071 0.0465675 0.048677 0.0473519 0.0442519 0.0408454 0.0376138 0.0341903 0.0300565
 1.10134e-16 5.29099e-05 0.000514303 0.00341773 0.0155365 0.0483399 0.102994 0.150327 0.150346 0.103089 0.0486576 0.0164555 0.0057304 0.00558293 0.00973879 0.0161749 0.0236733 0.0305798 0.0352494 0.0369561 0.0362885 0.0346302 0.0331537 0.0321468 0.0310958 0.0292692
 1.05161e-16 6.57816e-05 0.00063942 0.00424917 0.0193161 0.0600997 0.128049 0.186894 0.186907 0.128111 0.060308 0.0199182 0.00576246 0.00394965 0.00637262 0.0104849 0.0152266 0.0194272 0.0219464 0.0222796 0.0208504 0.018688 0.0167524 0.0154401 0.0145669 0.0136943
 1.01591e-16 7.20995e-05 0.000700833 0.00465728 0.0211713 0.0658719 0.140347 0.204843 0.204853 0.140395 0.0660306 0.0216299 0.00580856 0.00321476 0.0048485 0.00790685 0.0113963 0.0143602 0.0158769 0.0155261 0.0136348 0.0110492 0.00862033 0.00680321 0.00560262 0.00477978
 1.01125e-16 6.70242e-05 0.000651499 0.00432944 0.019681 0.0612351 0.130468 0.190426 0.190441 0.130545 0.0614934 0.0204271 0.00620168 0.00473725 0.00782257 0.0128155 0.0184293 0.0231209 0.0253646 0.0244547 0.0209223 0.016175 0.0116609 0.00820546 0.00590174 0.00442306
 1.0168e-16 6.33153e-05 0.000615447 0.00408986 0.0185919 0.0578465 0.123249 0.179889 0.179907 0.123338 0.0581469 0.0194596 0.00626839 0.00537331 0.0091055 0.0149687 0.0215925 0.0272251 0.0301186 0.0294549 0.0258138 0.0207513 0.0158464 0.0119669 0.00918051 0.00713686
 1.02481e-16 6.15288e-05 0.000598082 0.00397447 0.0180674 0.0562143 0.119771 0.174814 0.174833 0.119864 0.056526 0.018968 0.00623662 0.00554101 0.00946257 0.0155813 0.0225212 0.0284905 0.0316985 0.0313077 0.0279079 0.023071 0.0183672 0.0146214 0.0118457 0.00965569
 1.01989e-16 6.82486e-05 0.0006634 0.00440853 0.0200405 0.0623536 0.132851 0.193903 0.193916 0.132913 0.06256 0.0206369 0.00590654 0.00393716 0.0062963 0.0103287 0.0149369 0.0189188 0.0210941 0.0209139 0.0187697 0.0156959 0.0127177 0.0103606 0.00861111 0.00719813
 1.0034e-16 7.90353e-05 0.000768252 0.0051053 0.023208 0.0722086 0.153848 0.224547 0.22455 0.153864 0.0722621 0.0233624 0.00549304 0.00161476 0.00168695 0.00266436 0.00383179 0.00482117 0.0053161 0.00517198 0.00449678 0.00357542 0.00269741 0.00202244 0.00156139 0.00124387
 1.01041e-16 3.81391e-05 0.000370725 0.0024636 0.0111992 0.0348452 0.0742432 0.10837 0.10842 0.0744857 0.0356592 0.0135493 0.00835807 0.0132235 0.0244041 0.0401694 0.057591 0.0718512 0.078066 0.0739825 0.0613512 0.044811 0.0292165 0.0174585 0.0100125 0.00585987
 1.01106e-16 7.70596e-05 0.000749047 0.00497768 0.0226278 0.0704036 0.150002 0.218933 0.218936 0.150017 0.0704523 0.0227692 0.00533468 0.00153533 0.00159068 0.00256052 0.0038033 0.00503574 0.00601583 0.00661602 0.00686607 0.00687812 0.00672413 0.00638161 0.00578624 0.00492613
 1.01508e-16 5.48831e-05 0.000533483 0.00354518 0.0161159 0.0501427 0.106835 0.155936 0.155966 0.106982 0.0506362 0.0175404 0.00711837 0.00832531 0.0148282 0.0243624 0.0349392 0.0436236 0.0474691 0.0451292 0.0376814 0.0279417 0.0188346 0.0120669 0.00786072 0.00553091
 1.03573e-16 5.74179e-05 0.000558123 0.00370892 0.0168602 0.0524586 0.111769 0.163135 0.163154 0.111866 0.0527833 0.0177995 0.00607135 0.00573058 0.00992534 0.0164331 0.0239335 0.0306475 0.0347749 0.0354413 0.0331482 0.029305 0.0252615 0.0216407 0.0183722 0.0151647
 1.03196e-16 6.59673e-05 0.000641225 0.00426117 0.0193707 0.0602694 0.128411 0.187422 0.187436 0.128477 0.0604917 0.0200132 0.00587571 0.00417173 0.00678862 0.0111651 0.0161875 0.0205905 0.0231301 0.0232357 0.0213312 0.0185027 0.0157928 0.013683 0.0120735 0.0106132
 1.02079e-16 6.71344e-05 0.00065257 0.00433656 0.0197134 0.0613357 0.130683 0.190738 0.190753 0.130753 0.0615713 0.0203942 0.00604591 0.00438542 0.00716045 0.0117419 0.0169331 0.0213472 0.0236182 0.0231183 0.0203235 0.0164771 0.0128297 0.0100517 0.00815755 0.00681302
 1.0523e-16 3.25683e-05 0.000316576 0.00210376 0.00956341 0.0297556 0.0633992 0.0925429 0.0925907 0.0636326 0.0305395 0.0118279 0.00778937 0.0127326 0.0236255 0.0390387 0.0563085 0.0709639 0.078453 0.0766572 0.0671238 0.053959 0.0413219 0.0314859 0.024591 0.0196451
 1.05311e-16 6.59338e-05 0.0006409 0.00425901 0.0193608 0.0602388 0.128345 0.187325 0.187333 0.128384 0.0603678 0.0197354 0.00520605 0.00273079 0.00410107 0.00684824 0.0102623 0.0137496 0.01673 0.0189075 0.0203661 0.0213517 0.0219413 0.0219175 0.0209481 0.0188832
 1.04704e-16 5.78235e-05 0.000562065 0.00373512 0.0169793 0.0528291 0.112559 0.164288 0.164311 0.112672 0.0532075 0.0180721 0.00647783 0.00654879 0.0114263 0.0187965 0.0270712 0.034054 0.0375606 0.036619 0.0320653 0.0259871 0.0204647 0.0165787 0.0142627 0.012815
 1.0736e-16 4.25293e-05 0.0004134 0.00274719 0.0124883 0.038856 0.0827881 0.120839 0.120872 0.0829494 0.0393977 0.0140542 0.00668274 0.00902152 0.0164402 0.0272402 0.0395366 0.0503459 0.0566337 0.0569754 0.0523423 0.0453141 0.0383964 0.0327965 0.0283813 0.0244461
 1.05461e-16 6.50689e-05 0.000632493 0.00420314 0.0191069 0.0594486 0.126662 0.184869 0.18488 0.126714 0.0596233 0.0196126 0.00547714 0.00342908 0.00542183 0.00898023 0.0132123 0.0172115 0.0200924 0.0214452 0.0215342 0.0210139 0.0204072 0.0197856 0.0188602 0.0173128
 1.03698e-16 6.24742e-05 0.000607272 0.00403553 0.018345 0.0570781 0.121612 0.1775 0.177518 0.121702 0.0573809 0.0192197 0.00623154 0.00540203 0.00917143 0.0150717 0.0217273 0.0273756 0.030271 0.0296282 0.0260938 0.0213043 0.016891 0.0137033 0.0117022 0.0103666
 1.06841e-16 3.64299e-05 0.000354112 0.0023532 0.0106973 0.0332836 0.0709157 0.103512 0.103553 0.071116 0.0339562 0.0126411 0.00723586 0.0110246 0.0203356 0.03365 0.0486775 0.0616458 0.068715 0.0680933 0.0610572 0.050987 0.0412418 0.0335596 0.027918 0.0234398
 1.11733e-16 4.71745e-05 0.000458553 0.00304724 0.0138523 0.0430999 0.0918295 0.134032 0.13405 0.0919206 0.0434063 0.0147406 0.00528922 0.00539372 0.00954039 0.0160134 0.0238043 0.0314924 0.0376294 0.0415152 0.0434877 0.0444084 0.0448093 0.044464 0.0426859 0.0389824
 1.05043e-16 6.97598e-05 0.00067809 0.00450615 0.0204843 0.0637343 0.135793 0.198196 0.198204 0.135835 0.0638747 0.0208905 0.00552759 0.00291426 0.00433581 0.00710933 0.0103604 0.0133045 0.0152037 0.01575 0.0152472 0.0143768 0.0137303 0.0134777 0.0133753 0.0130221
 1.0521e-16 4.52512e-05 0.000439858 0.00292301 0.0132876 0.0413429 0.0880868 0.128573 0.12861 0.0882669 0.0419476 0.0150338 0.00730517 0.0100032 0.0181992 0.0299938 0.0431549 0.0541743 0.0595137 0.0575624 0.0496125 0.0390006 0.029125 0.0218685 0.0173338 0.0145966
pSPR Fmed_Fpbrs
0.565701   0.6 0.325
Fs Fmed_Fpbrs
0.341307   0.302428 0.749878
SSBpbr Bo_Bmed_Bpbrs
1.56245e+06  805759  859349 429675
Ro
144484
SPR SPRFo_SPRFmed_SPRFpbrs
1.04001e+06 588335 338003
Fref
0.332671
Nvult_r0
 68460.1 50102.1 5161 1684.63 2092.6
CTP_r0
 5528.36 5576.78 586.133 191.528 237.924
YTP_r0
218838
Np
 98216.5 28770.9 9248.8 6353.3 823.24
Nvult_p0
 69445.6 21122 6808.19 4677.44 606.092
CTP_p0
 12885 6261.65 4419.88 453.836 196.041
 12885 5178.49 1697.89 1167.56 151.297
YTP_p0
 333930 270287
CBA_c0
363552
log_Ro
11.7009
likeval ReclasPelacesDesembMPH_pf_preclas_ppelaces_ptallas_desvR_qrecl_qpela
 13.5594 17.1807 0.0346486 0.000816914 230.69 127.107 112.709 0 23.3337 2.14807e-06 8.36697e-06 0.171511 7.80194e-16 0 0
q_reclas_q_pelaces
1.23032 1.50542
M
1
N
 173289 37327 102984 6729.25 0.234511
 96205.2 56103.8 11445.2 31445.4 2054.33
 99170.5 27959.2 14747.9 2985.47 8734.75
 148006 28943.3 7394.07 3870.81 3074.85
 120760 37951.6 6364.41 1606.83 1508.41
 211594 39363.6 11749.9 1962.67 960.473
 85614.9 61805.2 10422.2 3087.63 767.822
 38004.1 18573.3 10708 1774.79 655.927
 36416.8 12791.6 6019.28 3460.2 785.341
 48345.8 9427.44 2851.26 1326.39 934.948
 91890.6 10946.5 1736.06 516.797 409.514
 129078 30320.9 3448.55 544.981 290.729
 106607 30504.6 5935.07 665.334 161.107
 75849.5 25816.9 6182.62 1186.58 165.105
 71566.5 13502.3 3373.93 789.044 172.284
 385970 15695.1 2375.81 583.71 166.163
 77609.5 94662.3 3239.04 483.849 152.606
 626825 22112 24189.9 820.815 161.213
 339907 180219 5724.04 6211.67 252.063
 269967 88571.9 40547.9 1273.43 1437.12
 376065 71971.8 20587.5 9326.19 623.075
 524362 107276 18423.4 5226.37 2524.6
 104704 140122 25018.8 4252.03 1787.86
 302105 31959.5 39502.6 7010.31 1691.82
 259457 93845.6 9238.14 11355.6 2500.8
 116614 80766.7 27207.9 2663.76 3994.22
 255859 37544.5 24568.2 8240.33 2015.98
 299651 79502 10856.8 7065.35 2948.63
 95507.2 95753.9 23926.4 3252.39 2999.14
 87953.6 31039.4 29519.8 7346.41 1919.06
 244715 27336.5 8979.01 8492.52 2664.77
 103249 74178.3 7630.56 2490.54 3093.67
pred_Ctot
 13275.1 3987.97 11236 735.007 0.0256161
 13019 10403.3 2164.39 5952.84 388.92
 13201.6 5103.44 2745.5 556.365 1627.88
 29187.8 7671.55 1995.84 1045.84 830.822
 8783.39 3854.14 660.092 166.841 156.631
 28077.1 7162.98 2180.69 364.636 178.452
 23170 21948.7 3762.57 1115.66 277.45
 2058.53 1412.32 831.917 138.043 51.0211
 7018.06 3317.97 1590.18 915.007 207.684
 12220.6 3145.66 967.577 450.513 317.574
 6039.55 1006.61 163.067 48.5973 38.5111
 30240.1 9433.99 1091.73 172.686 92.1266
 23820 9083.96 1798.75 201.832 48.8749
 26222.5 11414.2 2773.65 532.737 74.1298
 19048 4722.85 1199.83 280.845 61.3243
 84036.6 4562.82 703.035 172.891 49.2186
 11296.4 18820.9 656.613 98.1865 30.9698
 88317 4261.74 4754.1 161.485 31.7182
 64449 46038 1489.37 1617.83 65.6533
 48228.4 21392.1 9977.48 313.66 353.996
 54504.4 14251.2 4156.51 1884.86 125.933
 93076.5 25753.2 4506.16 1279.58 618.134
 11443 21150.3 3853.62 655.64 275.694
 30126.2 4414.35 5569 989.378 238.784
 25574.6 12817 1287.81 1584.72 349.017
 9302.58 8977.24 3088.06 302.67 453.869
 25475.6 5178.09 3458.47 1161.25 284.115
 25171.2 9293.5 1295.81 844.218 352.344
 7109.35 9946.94 2538.3 345.425 318.547
 8744.99 4275.01 4149.79 1033.86 270.084
 27663.4 4263.14 1428.79 1352.83 424.513
 5528.36 5576.78 586.133 191.528 237.924
F
 0.127756 0.18215 0.186325 0.186551 0.186562
 0.235736 0.336106 0.34381 0.344225 0.344247
 0.231502 0.330069 0.337635 0.338043 0.338064
 0.360939 0.514616 0.526412 0.527048 0.527082
 0.120962 0.172464 0.176417 0.17663 0.176642
 0.230685 0.328903 0.336442 0.336849 0.33687
 0.528132 0.752994 0.770255 0.771185 0.771234
 0.088906 0.126759 0.129665 0.129822 0.12983
 0.351407 0.501025 0.51251 0.513129 0.513161
 0.485355 0.692004 0.707867 0.708722 0.708767
 0.108762 0.155069 0.158624 0.158815 0.158825
 0.442539 0.630958 0.645422 0.646201 0.646242
 0.418116 0.596137 0.609802 0.610538 0.610577
 0.72589 1.03495 1.05868 1.05995 1.06002
 0.517281 0.737523 0.754429 0.75534 0.755388
 0.405444 0.578069 0.59132 0.592034 0.592072
 0.255569 0.364382 0.372735 0.373185 0.373209
 0.246497 0.351447 0.359503 0.359938 0.35996
 0.344857 0.491687 0.502958 0.503565 0.503597
 0.322024 0.459132 0.469657 0.470224 0.470254
 0.254356 0.362653 0.370966 0.371414 0.371437
 0.319671 0.455777 0.466224 0.466788 0.466817
 0.186668 0.266145 0.272246 0.272575 0.272592
 0.169122 0.241129 0.246656 0.246954 0.24697
 0.167027 0.238143 0.243602 0.243896 0.243911
 0.133339 0.19011 0.194468 0.194703 0.194715
 0.168845 0.240734 0.246252 0.24655 0.246565
 0.140837 0.200801 0.205404 0.205652 0.205665
 0.123946 0.176718 0.180769 0.180987 0.180999
 0.168588 0.240367 0.245877 0.246174 0.24619
 0.193622 0.27606 0.282388 0.28273 0.282747
 0.0878469 0.125249 0.12812 0.128275 0.128283
YTP_r0W_actual
 47543.9 138304 16353.1 7143.98 9493.16
YTP_p0W_proyectada
 97152.7 109266 106386 14214.1 6910.44
 97152.7 90364.7 40868.1 36567.9 5333.21
CTP_r0_actual
 5528.36 5576.78 586.133 191.528 237.924
CTP_p0_proyectada
 12885 6261.65 4419.88 453.836 196.041
 12885 5178.49 1697.89 1167.56 151.297
Wmedp
 7.54 17.45 24.07 31.32 35.25
Frms_r0
 0.0878469 0.125249 0.12812 0.128275 0.128283
Zrms_r0
 1.08785 1.12525 1.12812 1.12828 1.12828
nmprior
 7.27 8.72 9 0
nm_flota  nm_reclas  nm_pelaces    nm_pelaL
inf 13.0446 21.7966 74.7729
cv_recla  cv_pelaces  cv_mph
0.325756 0.454058 0.882051
 ------------------------------------------------
Talla a la edad & desviaci?n 
 8 13.2811 15.8009 17.003 17.5766
 0.8 1.32811 1.58009 1.7003 1.75766
