years
 1991 1992 1993 1994 1995 1996 1997 1998 1999 2000 2001 2002 2003 2004 2005 2006 2007 2008 2009 2010 2011 2012 2013 2014 2015 2016 2017 2018 2019 2020 2021
reclasobs
 0 0 0 0 0 0 0 0 0 252601 567819 844713 477998 351125 339783 2.1784e+06 2.13404e+06 4.81314e+06 1.55562e+06 2.62356e+06 3.21686e+06 3.843e+06 1.13348e+06 3.07943e+06 1.97215e+06 2.03268e+06 2.025e+06 2.42433e+06 2.27542e+06 1.05018e+06 2.36338e+06
reclaspred
 3.26987e+06 1.78132e+06 900381 914003 920955 1.58356e+06 913861 786916 555821 381314 502368 677436 663801 492330 485713 1.34903e+06 1.20589e+06 3.08552e+06 2.45725e+06 1.79032e+06 3.11459e+06 2.54006e+06 1.9403e+06 3.05986e+06 2.27865e+06 2.00809e+06 2.42008e+06 2.61853e+06 2.08277e+06 1.26563e+06 1.85471e+06
pelacesobs
 0 0 0 0 0 0 0 0 0 0 0 0 0 0 0 552880 188675 0 991730 2.46772e+06 1.41603e+06 1.21717e+06 2.29649e+06 1.80582e+06 0 1.4828e+06 1.56532e+06 1.57751e+06 1.42118e+06 867257 1.10002e+06
pelacespred
 1.83022e+06 1.08597e+06 536390 449581 487125 872051 442164 501563 327395 207849 294775 327673 355532 269474 276420 649178 582622 1.75955e+06 1.41033e+06 939767 1.64314e+06 1.40317e+06 1.09261e+06 1.91831e+06 1.35496e+06 1.20067e+06 1.65892e+06 1.76749e+06 1.15603e+06 788167 1.1602e+06
mphobs
 0 0 0 0 0 0 0 0 0 0 0 498337 0 5186 125008 0 168611 109162 213762 579715 649985 157893 87575 83554 0 0 0 0 0 0 0
mphpred
 807346 531887 256532 141284 153729 182338 251664 139491 124790 78821.9 49162.6 96645.8 103611 84901.4 52208 66613.1 242239 214280 491486 346945 366093 450077 429106 343357 493037 406680 331560 358479 513474 336052 193682
desembarqueobs
 494567 514787 250237 358949 120608 361735 552515 73892 212993 205616 52469 317467 293654 387597 252695 516296 358380 742168 942051 627588 828172 859565 418607 520667 417249 300574 415391 372974 316634 284311 391294
desembarquepred
 494593 513800 250707 359007 120610 361744 552485 73890.4 213048 205658 52471.1 317519 293682 387585 252663 516257 358419 741995 941718 627366 828235 859536 418589 520673 417230 300563 415365 372947 316611 284309 391303
Reclutas
 175201 96823.6 96333.1 149093 120360 221145 87082.4 37010.7 35632.6 48584.9 90566 129530 108066 75527.1 70292.4 379950 74353.7 615207 339136 271270 376389 517856 102197 300526 258065 112857 254952 288063 83763 61016.8 235009
log_desv_Rt
 0.205917 -0.387125 -0.392204 0.0445517 -0.169532 0.438805 -0.493161 -1.34881 -1.38676 -1.0767 -0.453937 -0.096101 -0.277274 -0.635525 -0.707351 0.980023 -0.651183 1.46194 0.866387 0.643101 0.970607 1.28968 -0.333113 0.74552 0.593195 -0.233894 0.581061 0.703162 -0.532025 -0.848866 0.499608
SSB
 2.23792e+06 1.47436e+06 711093 391631 426129 505430 697597 386661 345911 218490 136276 267897 287205 235342 144718 184648 671472 593971 1.36237e+06 961711 1.01479e+06 1.24759e+06 1.18946e+06 951767 1.36667e+06 1.12729e+06 919067 993683 1.42332e+06 931516 536876
BT
 3.12713e+06 2.11045e+06 1.03565e+06 961556 815031 1.59691e+06 1.14539e+06 806978 695842 504761 480843 748770 791477 800464 661664 1.37703e+06 1.14131e+06 3.25953e+06 2.98551e+06 1.94731e+06 3.10572e+06 2.86857e+06 1.9789e+06 3.32437e+06 2.38881e+06 2.04147e+06 2.87979e+06 2.99027e+06 1.97208e+06 1.44218e+06 2.09483e+06
Ftot
 0.188536 0.349426 0.342784 0.518921 0.17337 0.315889 0.722664 0.123145 0.493601 0.685674 0.152146 0.621136 0.583548 1.01061 0.724674 0.56485 0.373192 0.350037 0.495697 0.460552 0.359711 0.452329 0.270991 0.239698 0.238674 0.192767 0.239224 0.201397 0.186216 0.279802 0.302564
BD_Bspro_t
 0.970285 0.793106 0.594237 0.49434 0.485853 0.577619 0.579598 0.390369 0.446289 0.384703 0.342299 0.591815 0.470259 0.375239 0.260799 0.312438 0.505247 0.462656 0.59725 0.481931 0.44889 0.497328 0.514174 0.49818 0.618688 0.628852 0.634809 0.678479 0.73431 0.651005 0.563064
BD_Bspro
 2.19879 1.44858 0.698659 0.384783 0.418678 0.496592 0.6854 0.3799 0.339863 0.21467 0.133893 0.263213 0.282183 0.231227 0.142187 0.181419 0.659732 0.583585 1.33855 0.944895 0.997047 1.22577 1.16866 0.935126 1.34277 1.10758 0.902997 0.976308 1.39843 0.915228 0.527489
BD_Bo
 1.44333 0.950877 0.458614 0.25258 0.274829 0.325973 0.44991 0.249374 0.223093 0.140913 0.0878902 0.172778 0.185231 0.151782 0.0933346 0.119087 0.433061 0.383077 0.878651 0.620248 0.654481 0.804622 0.767132 0.613835 0.881424 0.72704 0.592745 0.640868 0.91796 0.600774 0.346254
BD_Brms
 2.62429 1.7289 0.833861 0.459245 0.499699 0.592691 0.818035 0.453416 0.405631 0.256211 0.159804 0.314148 0.33679 0.275973 0.169703 0.216527 0.7874 0.696518 1.59758 1.12775 1.18999 1.46298 1.39481 1.11609 1.60262 1.32192 1.07774 1.16524 1.66905 1.09234 0.629566
Sel_flota
 0.74087 0.999888 1 1 1
 0.74087 0.999888 1 1 1
 0.74087 0.999888 1 1 1
 0.74087 0.999888 1 1 1
 0.74087 0.999888 1 1 1
 0.74087 0.999888 1 1 1
 0.74087 0.999888 1 1 1
 0.74087 0.999888 1 1 1
 0.74087 0.999888 1 1 1
 0.74087 0.999888 1 1 1
 0.74087 0.999888 1 1 1
 0.74087 0.999888 1 1 1
 0.74087 0.999888 1 1 1
 0.74087 0.999888 1 1 1
 0.74087 0.999888 1 1 1
 0.74087 0.999888 1 1 1
 0.74087 0.999888 1 1 1
 0.74087 0.999888 1 1 1
 0.74087 0.999888 1 1 1
 0.74087 0.999888 1 1 1
 0.74087 0.999888 1 1 1
 0.74087 0.999888 1 1 1
 0.74087 0.999888 1 1 1
 0.74087 0.999888 1 1 1
 0.74087 0.999888 1 1 1
 0.74087 0.999888 1 1 1
 0.74087 0.999888 1 1 1
 0.74087 0.999888 1 1 1
 0.74087 0.999888 1 1 1
 0.74087 0.999888 1 1 1
 0.74087 0.999888 1 1 1
Sel_reclas
 1 1 1 1 1
 1 1 1 1 1
 1 1 1 1 1
 1 1 1 1 1
 1 1 1 1 1
 1 1 1 1 1
 1 1 1 1 1
 1 1 1 1 1
 1 1 1 1 1
 1 1 1 1 1
 1 1 1 1 1
 1 1 1 1 1
 1 1 1 1 1
 1 1 1 1 1
 1 1 1 1 1
 1 1 1 1 1
 1 1 1 1 1
 1 1 1 1 1
 1 1 1 1 1
 1 1 1 1 1
 1 1 1 1 1
 1 1 1 1 1
 1 1 1 1 1
 1 1 1 1 1
 1 1 1 1 1
 1 1 1 1 1
 1 1 1 1 1
 1 1 1 1 1
 1 1 1 1 1
 1 1 1 1 1
 1 1 1 1 1
Sel_pelaces
 1 1 1 1 1
 1 1 1 1 1
 1 1 1 1 1
 1 1 1 1 1
 1 1 1 1 1
 1 1 1 1 1
 1 1 1 1 1
 1 1 1 1 1
 1 1 1 1 1
 1 1 1 1 1
 1 1 1 1 1
 1 1 1 1 1
 1 1 1 1 1
 1 1 1 1 1
 1 1 1 1 1
 1 1 1 1 1
 1 1 1 1 1
 1 1 1 1 1
 1 1 1 1 1
 1 1 1 1 1
 1 1 1 1 1
 1 1 1 1 1
 1 1 1 1 1
 1 1 1 1 1
 1 1 1 1 1
 1 1 1 1 1
 1 1 1 1 1
 1 1 1 1 1
 1 1 1 1 1
 1 1 1 1 1
 1 1 1 1 1
pf_obs 
 0.8446 0.082 0.0669 0.0065 0
 0.8095 0.147 0.0364 0.0071 0
 0.9664 0.0169 0.016 0.0007 0
 0.9276 0.0648 0.0075 0.0001 0
 0.7033 0.2144 0.0806 0.0017 0
 0.9318 0.0425 0.0243 0.0014 0
 0.5671 0.3108 0.0964 0.0239 0.0018
 0.0768 0.2599 0.5324 0.112 0.0189
 0.490249 0.384438 0.106611 0.0170017 0.00170017
 0.7925 0.1577 0.0466 0.003 0.0002
 0.840416 0.127587 0.0312969 0.00059994 9.999e-05
 0.8084 0.0986 0.0794 0.0134 0.0002
 0.7335 0.1905 0.0724 0.0035 0.0001
 0.4001 0.4547 0.1325 0.0127 0
 0.49795 0.308269 0.164784 0.0264974 0.00249975
 0.9179 0.0499 0.0305 0.0017 0
 0.2467 0.6533 0.0926 0.0074 0
 0.9418 0.0223 0.034 0.0019 0
 0.707729 0.231977 0.0356964 0.0245975 0
 0.517169 0.277429 0.184464 0.0207286 0.00020938
 0.811772 0.124168 0.05621 0.00726502 0.000585176
 0.764997 0.148141 0.077277 0.00933861 0.000247198
 0.163321 0.427699 0.378323 0.0303852 0.000271297
 0.753843 0.0900009 0.118128 0.0371064 0.000921714
 0.721811 0.176058 0.0630433 0.0369309 0.00215725
 0.143369 0.312575 0.442814 0.0836902 0.0175525
 0.692698 0.0596174 0.167031 0.0765114 0.00414204
 0.394062 0.376323 0.152708 0.0712218 0.00568511
 0.125707 0.32114 0.495352 0.0537591 0.00404204
 0.23352 0.215282 0.420074 0.123614 0.00750983
 0.796117 0.104755 0.0508955 0.0450114 0.00322123
pf_pred 
 0.484635 0.129693 0.345787 0.0398843 8.45436e-07
 0.429018 0.323433 0.062302 0.166089 0.0191577
 0.581677 0.216348 0.114416 0.0220366 0.0655228
 0.737612 0.174344 0.0455374 0.0240792 0.0184272
 0.661855 0.272124 0.0438703 0.0114569 0.0106943
 0.760533 0.17497 0.051906 0.00836697 0.00422469
 0.46778 0.435506 0.0706677 0.0209613 0.00508491
 0.458542 0.30953 0.189789 0.0307912 0.0113488
 0.545576 0.244492 0.120016 0.0735791 0.0163372
 0.729219 0.172419 0.0529248 0.0259759 0.0194612
 0.835754 0.131806 0.0206576 0.00633993 0.00544297
 0.749939 0.218917 0.0249933 0.00391667 0.00223403
 0.697357 0.247359 0.0483994 0.00552481 0.00135962
 0.64785 0.272401 0.0651826 0.012752 0.00181386
 0.76022 0.178951 0.0470562 0.0112579 0.00251571
 0.942209 0.0478549 0.00741609 0.00194979 0.000570715
 0.373962 0.601087 0.0206614 0.00320141 0.00108806
 0.913006 0.0400931 0.0450315 0.00154767 0.00032131
 0.58629 0.387795 0.0119447 0.0134142 0.000556739
 0.621547 0.255166 0.115565 0.00355908 0.00416281
 0.741803 0.181911 0.051437 0.0232926 0.00155638
 0.752692 0.198841 0.0341483 0.00965445 0.00466402
 0.317843 0.556133 0.101329 0.0173994 0.00729562
 0.746189 0.10053 0.124966 0.0227663 0.00554839
 0.630153 0.297581 0.0286255 0.0355791 0.00806144
 0.430477 0.401321 0.135339 0.0130172 0.0198451
 0.733836 0.13638 0.0914577 0.0308388 0.00748809
 0.687897 0.247902 0.0328978 0.0220587 0.00924409
 0.343362 0.495235 0.128206 0.0170113 0.0161866
 0.421742 0.243271 0.252654 0.0653985 0.0169345
 0.833095 0.0846096 0.0346242 0.0359549 0.0117167
pobs_RECLAS
 0 0 0 0 0
 0 0 0 0 0
 0 0 0 0 0
 0 0 0 0 0
 0 0 0 0 0
 0 0 0 0 0
 0 0 0 0 0
 0 0 0 0 0
 0 0 0 0 0
 0 0 0 0 0
 0.991045 0.00858322 0.000360255 1.14367e-05 0
 0.934742 0.0480273 0.0164251 0.00080598 0
 0.827803 0.169806 0.00239088 0 0
 0.941827 0.0461693 0.0120037 0 0
 0.791401 0.0380133 0.147996 0.0225897 0
 0.846168 0.0940531 0.0597789 0 0
 0.134021 0.677848 0.182769 0.00536245 0
 0.80878 0.0450904 0.141981 0.00414843 0
 0.846168 0.0940531 0.0597789 0 0
 0.905697 0.0802665 0.012482 0.00150086 5.37128e-05
 0.989698 0.0102097 9.19794e-05 0 0
 0.975433 0.0193895 0.00387452 0.00125025 5.28907e-05
 0.303575 0.632131 0.0575291 0.00676475 0
 0.966965 0.00978017 0.0227588 0.000495775 0
 0.843318 0.132988 0.00938335 0.0141283 0.000182051
 0.564624 0.303363 0.111486 0.0197234 0.00080311
 0.826376 0.0876187 0.0782897 0.00655872 0.00115652
 0.89761 0.0855135 0.0140674 0.00269457 0.000114338
 0.34875 0.467042 0.161289 0.0227151 0.000203297
 0.318654 0.224769 0.449479 0.00709798 0
 0.937255 0.0296025 0.0250945 0.00804832 0
ppred_RECLAS
 0.560467 0.110619 0.294899 0.0340146 7.21015e-07
 0.505894 0.279901 0.0539102 0.143718 0.0165772
 0.654501 0.178695 0.0944919 0.0181992 0.054113
 0.793993 0.136887 0.0357496 0.0189037 0.0144665
 0.726239 0.220315 0.0355139 0.00927459 0.00865728
 0.812131 0.137273 0.0407183 0.00656356 0.00331411
 0.548629 0.369357 0.0599266 0.0177753 0.00431204
 0.534081 0.26636 0.1633 0.0264937 0.00976488
 0.621853 0.203464 0.0998645 0.0612246 0.0135941
 0.78805 0.134965 0.0414229 0.0203307 0.0152318
 0.873299 0.101678 0.015934 0.00489022 0.00419837
 0.805025 0.170694 0.0194855 0.00305354 0.00174171
 0.760039 0.196132 0.0383714 0.00438011 0.00107792
 0.720756 0.216012 0.0516826 0.0101109 0.00143819
 0.814297 0.138596 0.0364403 0.00871814 0.00194817
 0.957253 0.0353979 0.00548496 0.00144207 0.000422102
 0.448914 0.529125 0.0181857 0.00281781 0.000957689
 0.934648 0.0301211 0.0338273 0.0011626 0.000241365
 0.659999 0.318705 0.00981547 0.011023 0.000457496
 0.691996 0.207675 0.0940453 0.00289633 0.00338764
 0.796592 0.143315 0.0405189 0.0183485 0.00122602
 0.806285 0.155755 0.0267456 0.00756157 0.00365296
 0.387742 0.499158 0.0909375 0.015615 0.00654743
 0.799694 0.0793433 0.0986182 0.0179662 0.00437856
 0.69821 0.242827 0.0233559 0.0290293 0.00657741
 0.506175 0.347992 0.117341 0.0112861 0.017206
 0.789205 0.108015 0.0724279 0.0244221 0.00593003
 0.749349 0.199096 0.0264179 0.0177139 0.00742329
 0.414854 0.441328 0.114237 0.0151579 0.014423
 0.497895 0.211248 0.21937 0.0567831 0.0147036
 0.871651 0.065068 0.0266242 0.0276475 0.00900955
pobs_PELACES
 0 0 0 0 0
 0 0 0 0 0
 0 0 0 0 0
 0 0 0 0 0
 0 0 0 0 0
 0 0 0 0 0
 0 0 0 0 0
 0 0 0 0 0
 0 0 0 0 0
 0 0 0 0 0
 0 0 0 0 0
 0 0 0 0 0
 0 0 0 0 0
 0 0 0 0 0
 0 0 0 0 0
 0 0 0 0 0
 0.505614 0.472636 0.0217494 0 0
 0 0 0 0 0
 0.443492 0.261883 0.143347 0.151278 0
 0.227955 0.32914 0.350689 0.0885471 0.00366901
 0.970185 0.0296113 0.000203453 0 0
 0.997202 0.00247181 0.000326279 0 0
 0.445219 0.490057 0.0546422 0.010081 0
 0.90214 0.0892962 0.00764917 0.000914606 0
 0 0 0 0 0
 0.581667 0.319106 0.0959925 0.00289975 0.000334073
 0.762889 0.0836404 0.116647 0.0363945 0.000428098
 0.88444 0.0763242 0.0277011 0.0115352 0
 0.521256 0.241999 0.230069 0.00667565 0
 0.616807 0.101726 0.260614 0.0208532 0
 0.833518 0.0704572 0.0857862 0.0102388 0
ppred_PELACES
 0.564434 0.109621 0.292237 0.0337076 7.14506e-07
 0.513359 0.275673 0.0530953 0.141545 0.0163267
 0.661098 0.175284 0.0926872 0.0178516 0.0530795
 0.801155 0.132129 0.0345064 0.0182463 0.0139634
 0.729176 0.217952 0.0351328 0.00917505 0.00856437
 0.816217 0.134288 0.0398325 0.00642078 0.00324201
 0.563876 0.356882 0.0579011 0.0171745 0.00416629
 0.5367 0.264863 0.162382 0.0263448 0.00970997
 0.631724 0.198155 0.0972567 0.0596259 0.0132391
 0.797675 0.128837 0.0395411 0.0194071 0.0145398
 0.874731 0.100529 0.0157538 0.00483493 0.00415089
 0.813224 0.163517 0.0186657 0.00292508 0.00166844
 0.769018 0.188793 0.0369349 0.00421613 0.00103756
 0.737808 0.202823 0.0485252 0.0094932 0.00135033
 0.823483 0.131742 0.0346371 0.00828672 0.00185177
 0.959186 0.0337975 0.00523687 0.00137684 0.000403011
 0.456818 0.521536 0.0179246 0.00277736 0.000943941
 0.936452 0.0292896 0.0328931 0.00113049 0.0002347
 0.669442 0.309854 0.00954271 0.0107167 0.000444783
 0.700323 0.202061 0.0915016 0.00281799 0.00329601
 0.801529 0.139836 0.0395351 0.017903 0.00119625
 0.812253 0.150957 0.0259213 0.00732852 0.00354037
 0.393256 0.494664 0.0901178 0.0154743 0.00648842
 0.802956 0.0780514 0.0970115 0.0176735 0.00430722
 0.702492 0.239382 0.0230244 0.0286173 0.00648405
 0.510293 0.34509 0.116362 0.0111919 0.0170624
 0.792587 0.106283 0.0712655 0.0240301 0.00583485
 0.752569 0.196539 0.0260784 0.0174862 0.00732789
 0.418724 0.43841 0.113481 0.0150576 0.0143276
 0.503876 0.208733 0.216756 0.0561065 0.0145284
 0.874517 0.0636153 0.0260295 0.0270299 0.0088083
pobs_pel_tallas
 0 0 0 0 0 0 0 0 0 0 0 0 0 0 0 0 0 0 0 0 0 0 0 0 0 0
 0 0 0 0 0 0 0 0 0 0 0 0 0 0 0 0 0 0 0 0 0 0 0 0 0 0
 0 0 0 0 0 0 0 0 0 0 0 0 0 0 0 0 0 0 0 0 0 0 0 0 0 0
 0 0 0 0 0 0 0 0 0 0 0 0 0 0 0 0 0 0 0 0 0 0 0 0 0 0
 0 0 0 0 0 0 0 0 0 0 0 0 0 0 0 0 0 0 0 0 0 0 0 0 0 0
 0 0 0 0 0 0 0 0 0 0 0 0 0 0 0 0 0 0 0 0 0 0 0 0 0 0
 0 0 0 0 0 0 0 0 0 0 0 0 0 0 0 0 0 0 0 0 0 0 0 0 0 0
 0 0 0 0 0 0 0 0 0 0 0 0 0 0 0 0 0 0 0 0 0 0 0 0 0 0
 0 0 0 0 0 0 0 0 0 0 0 0 0 0 0 0 0 0 0 0 0 0 0 0 0 0
 0 0 0 0 0 0 0 0 0 0 0 0 0 0 0 0 0 0 0 0 0 0 0 0 0 0
 0 0 0 0 0 0 0 0 0 0 0 0 0 0 0 0 0 0 0 0 0 0 0 0 0 0
 0 0 0 0 0 0 0 0 0 0 0 0 0 0 0 0 0 0 0 0 0 0 0 0 0 0
 0.00862536 0 0 0.000197151 0.00414017 0.0128641 0.00837892 0.0270097 0.101434 0.158115 0.152841 0.127902 0.109271 0.109419 0.0830992 0.0579132 0.0238553 0.00714673 0.00463305 0.00128148 0.00103504 0.000492878 0.000147863 0.000147863 4.92878e-05 0
 0 0 0 0 0 0 0 0 0 0 0 0 0 0 0 0 0 0 0 0 0 0 0 0 0 0
 0 0 0 0 0 0 0 0.0054083 0.00873648 0.0413646 0.0450493 0.0745869 0.0622846 0.0627006 0.0613931 0.0827291 0.12552 0.122667 0.0946155 0.0697135 0.0546179 0.0294188 0.0215738 0.0213955 0.0102223 0.00600262
 0 0 0 0 0.00359764 0.0251062 0.0480494 0.140153 0.205849 0.193036 0.1447 0.116669 0.0760912 0.0342217 0.00950174 0.001854 0.000860785 0 0 0 0.000165536 0 0.000143464 0 0 0
 0 0 0 0 0 0 0 0.000145254 0.000435761 0.0275982 0.070085 0.0708112 0.156366 0.174668 0.174014 0.160142 0.0824315 0.0480064 0.0283245 0.00493863 0.00203355 0 0 0 0 0
 0 0 0 0 0 0 0 0 0 0 0 0 0 0 0 0 0 0 0 0 0 0 0 0 0 0
 0 0 1.00437e-05 0.000401748 0.00122533 0.00171747 0.00176769 0.0269171 0.070346 0.194647 0.189555 0.159765 0.064822 0.0314167 0.0384472 0.0292271 0.0345202 0.0313363 0.0194345 0.0106764 0.0143323 0.0359363 0.0279516 0.0138201 0.00172751 0
 0 0.0021121 0.0136068 0.0755702 0.200478 0.177729 0.0527432 0.0373336 0.0318909 0.0142505 0.0149659 0.0166563 0.0217959 0.0798694 0.0677717 0.0528807 0.04013 0.0224614 0.0357745 0.0225083 0.00881397 0.00855152 0.00135912 0.000746735 0 0
 0 0 0 0 5.4009e-05 0.00500934 0.000945158 0.0243581 0.138947 0.33067 0.221406 0.137944 0.0707744 0.0437923 0.0131692 0.00525238 0.0047753 0.00276346 9.45158e-05 9.00151e-06 2.25038e-05 9.00151e-06 4.50075e-06 0 0 0
 0.000866109 0.00284123 0.00948549 0.0512746 0.133035 0.25785 0.225252 0.132002 0.0553304 0.0519788 0.0540692 0.017754 0.00435017 0.00159236 0.00146478 0.000404838 0.000125132 0.000115318 0.000107957 0.000100596 0 0 0 0 0 0
 0 0 0 0 0.00144013 0.00171154 0.00461396 0.0210425 0.0478622 0.0707936 0.0888783 0.103762 0.0637923 0.0337046 0.0602308 0.124433 0.169614 0.0934646 0.0462172 0.0250306 0.0313229 0.00938855 0.002487 0.000210481 0 0
 0 0.00764035 0.051015 0.0998891 0.058973 0.0496711 0.0374665 0.0718981 0.12319 0.153886 0.159021 0.0857701 0.0377988 0.023471 0.0147837 0.00900784 0.00315554 0.000888139 0.00291439 0.00214683 0.00393193 0.00274676 0.000635225 9.99891e-05 0 0
 0 0 0 0 0 0 0 0 0 0 0 0 0 0 0 0 0 0 0 0 0 0 0 0 0 0
 0 0 0 0 0 0 0 0 0 0 0 0 0 0 0 0 0 0 0 0 0 0 0 0 0 0
 0 0 0 0 0 0 0 0 0 0 0 0 0 0 0 0 0 0 0 0 0 0 0 0 0 0
 0 0 0 0 0 0 0 0 0 0 0 0 0 0 0 0 0 0 0 0 0 0 0 0 0 0
 0 0 0 0 0 0 0 0 0 0 0 0 0 0 0 0 0 0 0 0 0 0 0 0 0 0
 0 0 0 0 0 0 0 0 0 0 0 0 0 0 0 0 0 0 0 0 0 0 0 0 0 0
 0 0 0 0 0 0 0 0 0 0 0 0 0 0 0 0 0 0 0 0 0 0 0 0 0 0
ppred_pel_tallas
 1.11842e-16 4.64917e-05 0.000451916 0.00300314 0.0136519 0.042476 0.0905001 0.13209 0.132101 0.0905541 0.0426585 0.0141845 0.00436125 0.00348637 0.00601357 0.0104 0.0162154 0.0229702 0.0301093 0.037245 0.0441249 0.050285 0.0547678 0.0563187 0.0540305 0.0479548
 1.18561e-16 4.22848e-05 0.000411023 0.0027314 0.0124165 0.0386326 0.0823119 0.120142 0.120169 0.0824421 0.0390701 0.0136812 0.00591003 0.00736487 0.0132952 0.0220423 0.0320761 0.041086 0.046813 0.0483894 0.0469168 0.0446923 0.0436624 0.044294 0.0455672 0.0458406
 1.13493e-16 5.44538e-05 0.00052931 0.00351745 0.0159898 0.0497504 0.105999 0.154712 0.154729 0.106082 0.0500301 0.0167992 0.00555516 0.00499775 0.00860067 0.0142916 0.0209624 0.0271781 0.0315244 0.0333984 0.03335 0.032617 0.0322305 0.0324096 0.0326182 0.0320721
 1.05223e-16 6.59901e-05 0.000641447 0.00426264 0.0193774 0.0602902 0.128455 0.187487 0.1875 0.128518 0.0604998 0.0199832 0.0057851 0.0039706 0.00640554 0.0105307 0.0152736 0.0194476 0.0218985 0.0221199 0.0205526 0.0182599 0.0162412 0.0149222 0.0141243 0.0133884
 1.0344e-16 6.00613e-05 0.000583817 0.00387967 0.0176364 0.0548736 0.116915 0.170645 0.170666 0.117018 0.0552185 0.0186326 0.00638052 0.00604472 0.0104359 0.0171701 0.0247584 0.0312003 0.0344996 0.0337423 0.0296365 0.0240175 0.0187321 0.0147695 0.0121435 0.0103409
 1.02377e-16 6.72307e-05 0.000653506 0.00434278 0.0197417 0.0614237 0.13087 0.191012 0.191025 0.130934 0.0616367 0.0203574 0.00589008 0.00403661 0.00650797 0.0106934 0.0154927 0.019681 0.022051 0.022038 0.0200316 0.0170676 0.0141618 0.0118194 0.0100085 0.00845744
 1.0419e-16 4.64458e-05 0.00045147 0.00300018 0.0136384 0.0424343 0.090412 0.131966 0.132001 0.0905801 0.0429989 0.0152694 0.00709495 0.00939267 0.0170341 0.0281052 0.0405242 0.0510497 0.0564043 0.0550739 0.0481957 0.0387554 0.0297694 0.0228736 0.0181372 0.0147919
 1.09039e-16 4.42073e-05 0.000429711 0.00285558 0.0129811 0.0403891 0.0860541 0.125604 0.12563 0.0861799 0.0408121 0.0142055 0.00593872 0.0071924 0.0129822 0.0216389 0.0317435 0.0411231 0.0475564 0.0499724 0.0489731 0.0461867 0.0430287 0.0399198 0.0364519 0.0321074
 1.11078e-16 5.20343e-05 0.000505792 0.00336117 0.0152794 0.0475399 0.10129 0.147839 0.147858 0.101384 0.047856 0.0161939 0.00566319 0.00555284 0.00970197 0.016129 0.0236399 0.0306093 0.0354228 0.0373754 0.0370548 0.0358147 0.0347717 0.0341437 0.0333497 0.0316122
 1.05581e-16 6.57035e-05 0.000638661 0.00424413 0.0192932 0.0600284 0.127897 0.186672 0.186685 0.127958 0.060233 0.0198847 0.00573095 0.00389148 0.00626463 0.0103096 0.0149818 0.0191369 0.0216626 0.0220711 0.0207832 0.0188078 0.0170766 0.0159583 0.0152449 0.0144795
 1.01668e-16 7.20505e-05 0.000700356 0.00465411 0.0211569 0.0658271 0.140252 0.204704 0.204714 0.140299 0.0659862 0.0216164 0.00580752 0.00321891 0.00485724 0.0079214 0.0114174 0.0143872 0.0159083 0.0155605 0.0136731 0.0110952 0.00868019 0.00688287 0.00570506 0.00490297
 1.01157e-16 6.69842e-05 0.000651111 0.00432686 0.0196693 0.0611985 0.130391 0.190312 0.190328 0.130467 0.0614569 0.0204156 0.00619974 0.00473833 0.00782554 0.0128211 0.0184388 0.0231359 0.0253869 0.0244863 0.0209649 0.0162296 0.0117269 0.00828026 0.00598103 0.00450174
 1.01713e-16 6.33431e-05 0.000615717 0.00409166 0.0186001 0.0578719 0.123303 0.179968 0.179986 0.123392 0.0581707 0.0194635 0.00625955 0.00535053 0.00906221 0.0148983 0.0214939 0.027107 0.0299997 0.0293585 0.0257591 0.020747 0.0158885 0.0120428 0.00927405 0.00723324
 1.02633e-16 6.07723e-05 0.000590729 0.0039256 0.0178452 0.0555232 0.118299 0.172665 0.172684 0.118394 0.0558446 0.0187739 0.00625823 0.00568789 0.00975588 0.0160705 0.0232331 0.0294008 0.0327297 0.0323574 0.0288905 0.0239454 0.0191341 0.0152994 0.0124483 0.0101827
 1.02178e-16 6.78292e-05 0.000659324 0.00438144 0.0199174 0.0619705 0.132035 0.192712 0.192725 0.132097 0.0621794 0.020521 0.00589793 0.00397408 0.00637561 0.0104654 0.0151455 0.0192058 0.0214568 0.0213453 0.019264 0.016249 0.0133211 0.0109951 0.00924499 0.00779337
 1.00367e-16 7.90069e-05 0.000767975 0.00510346 0.0231996 0.0721826 0.153793 0.224466 0.224469 0.153809 0.0722361 0.023354 0.00549114 0.00161441 0.00168693 0.00266483 0.00383353 0.00482568 0.00532557 0.00518905 0.004524 0.00361443 0.00274824 0.00208314 0.00162819 0.00131194
 1.01089e-16 3.76276e-05 0.000365753 0.00243056 0.011049 0.0343779 0.0732475 0.106917 0.106968 0.0734926 0.0352007 0.0134243 0.00838843 0.0133569 0.024666 0.0406024 0.0582132 0.0726302 0.0789178 0.0747994 0.0620444 0.0453406 0.0295932 0.0177217 0.0102044 0.00601041
 1.0111e-16 7.71343e-05 0.000749773 0.00498251 0.0226497 0.0704718 0.150148 0.219146 0.219148 0.150162 0.070519 0.0227868 0.00532856 0.00151222 0.0015456 0.00248622 0.00369705 0.00490383 0.00587373 0.00648351 0.00675961 0.0068053 0.0066831 0.00636466 0.00578437 0.00493202
 1.01505e-16 5.51411e-05 0.000535991 0.00356185 0.0161917 0.0503785 0.107338 0.156669 0.156699 0.107483 0.0508674 0.017603 0.00710197 0.00825566 0.0146915 0.0241364 0.0346144 0.0432169 0.0470245 0.0447035 0.0373222 0.0276718 0.0186506 0.01195 0.00778952 0.00548881
 1.03533e-16 5.76848e-05 0.000560716 0.00372616 0.0169386 0.0527023 0.112289 0.163893 0.163912 0.112384 0.0530239 0.0178685 0.00606488 0.00568123 0.00982636 0.0162675 0.0236914 0.0303357 0.0344177 0.0350721 0.0327955 0.0289844 0.0249765 0.0213901 0.0181559 0.0149853
 1.03175e-16 6.60209e-05 0.000641747 0.00426463 0.0193864 0.0603184 0.128515 0.187575 0.187588 0.128581 0.0605403 0.0200277 0.0058761 0.00416546 0.0067756 0.011143 0.0161544 0.0205465 0.0230767 0.0231757 0.0212667 0.0184347 0.0157219 0.0136105 0.0120019 0.0105464
 1.02121e-16 6.69042e-05 0.000650333 0.00432169 0.0196458 0.0611254 0.130235 0.190084 0.190099 0.130306 0.0613643 0.0203359 0.00605435 0.00443414 0.00725721 0.0119028 0.0171663 0.0216434 0.02395 0.0234499 0.0206253 0.0167352 0.0130458 0.0102349 0.00831596 0.00695038
 1.05377e-16 3.23921e-05 0.000314863 0.00209237 0.00951166 0.0295946 0.0630561 0.0920422 0.0920899 0.0632892 0.0303774 0.0117733 0.0077708 0.0127158 0.0235984 0.0389987 0.0562618 0.0709278 0.0784561 0.0767329 0.0672994 0.0542452 0.0417072 0.0319389 0.0250688 0.0201042
 1.05321e-16 6.61385e-05 0.00064289 0.00427223 0.0194209 0.0604258 0.128744 0.187907 0.187915 0.128781 0.0605521 0.0197876 0.0051993 0.002689 0.0040176 0.00670858 0.010058 0.0134867 0.0164297 0.0185991 0.0200767 0.0210982 0.0217311 0.0217527 0.0208295 0.0188099
 1.04693e-16 5.78634e-05 0.000562453 0.0037377 0.016991 0.0528656 0.112637 0.164401 0.164424 0.112749 0.0532439 0.0180838 0.00648047 0.0065492 0.0114261 0.0187951 0.0270672 0.0340445 0.0375421 0.0365875 0.0320179 0.0259237 0.0203884 0.0164963 0.0141827 0.0127454
 1.07457e-16 4.20323e-05 0.000408569 0.00271508 0.0123424 0.038402 0.0818207 0.119427 0.11946 0.0819838 0.0389499 0.0139264 0.00669628 0.00911665 0.0166304 0.0275579 0.0399999 0.05094 0.0573095 0.0576672 0.0529942 0.0458975 0.0389086 0.0332462 0.0287749 0.0247833
 1.05482e-16 6.52844e-05 0.000634587 0.00421706 0.0191701 0.0596454 0.127081 0.185481 0.185491 0.127132 0.0598155 0.0196625 0.00545777 0.00335866 0.0052848 0.00875457 0.0128901 0.0168124 0.0196645 0.0210497 0.0212222 0.0208092 0.0203038 0.019759 0.0188809 0.0173563
 1.03797e-16 6.19881e-05 0.000602547 0.00400414 0.0182022 0.056634 0.120665 0.176119 0.176138 0.120758 0.0569448 0.0191001 0.00625812 0.00552377 0.00941076 0.0154672 0.0222952 0.0280858 0.031047 0.0303727 0.0267285 0.0217979 0.0172593 0.0139881 0.0119446 0.0105915
 1.07322e-16 3.44898e-05 0.000335253 0.00222788 0.0101276 0.0315111 0.0671392 0.0980005 0.0980428 0.0673461 0.032206 0.012136 0.00727311 0.0113621 0.0210148 0.0347873 0.0503425 0.063795 0.0711862 0.0706676 0.0635496 0.0533035 0.0433702 0.0355166 0.0297025 0.0250219
 1.14394e-16 4.15036e-05 0.00040343 0.00268094 0.0121872 0.0379189 0.0807909 0.117921 0.117941 0.0808909 0.0382554 0.0131632 0.00514598 0.00583481 0.0105044 0.0176876 0.026385 0.035093 0.0422685 0.0471641 0.0501208 0.05199 0.0532108 0.0533797 0.0516303 0.0473905
 1.04969e-16 7.20328e-05 0.000700185 0.00465297 0.0211517 0.065811 0.140217 0.204653 0.204659 0.140248 0.0659123 0.021445 0.00539114 0.0023182 0.00316479 0.00517167 0.00757341 0.00980978 0.0113739 0.012066 0.0121111 0.0119789 0.0120418 0.0123426 0.0126195 0.0125153
pSPR Fmed_Fpbrs
0.548122   0.599989 0.325183
Fs Fmed_Fpbrs
0.345358   0.28848 0.709192
SSBpbr Bo_Bmed_Bpbrs
1.55053e+06  772350  852772 426679
Ro
142596
SPR SPRFo_SPRFmed_SPRFpbrs
1.0178e+06 557876 330970
Fref
0.28848
Nvult_r0
 165915 13284.7 5435.94 5644.86 1839.5
CTP_r0
 30381.4 3085.56 1262.68 1311.21 427.286
YTP_r0
391303
Np
 188494 55999.4 19049 1367.31 713.695
Nvult_p0
 132495 40560.5 13797.4 990.354 516.937
CTP_p0
 23331.1 11203.6 804.282 329.087 434.629
 23331.1 9080.37 3089.12 221.732 115.738
YTP_p0
 393283 398919
CBA_c0
394974
log_Ro
11.6878
likeval ReclasPelacesDesembMPH_pf_preclas_ppelaces_ptallas_desvR_qrecl_qpela
 12.849 17.0352 0.0387522 0.000938016 240.847 117.313 99.0129 0 24.112 0.193058 3.36445e-05 0 0 0 0
q_reclas_q_pelaces
 1.24766  1.56089
M
1
N
 175201 35434 94464.4 10895.8 0.230962
 96823.6 56050.5 10795.8 28780.2 3319.67
 96333.1 27495.2 14539.5 2800.31 8326.36
 149093 27490.9 7179.76 3796.51 2905.37
 120360 37341.8 6019.42 1571.99 1467.36
 221145 38940.7 11550.9 1861.94 940.143
 87082.4 64379 10445.6 3098.37 751.619
 37010.7 18754.9 11498.4 1865.49 687.568
 35632.6 12428.2 6100.21 3739.9 830.394
 48584.9 9093.55 2791.07 1369.88 1026.32
 90566 10754.4 1685.34 517.24 444.062
 129530 29765.7 3398.01 532.497 303.731
 108066 30076.2 5884.32 671.698 165.301
 75527.1 25800.9 6173.41 1207.73 171.79
 70292.4 13141.3 3455.3 826.659 184.727
 379950 15116.3 2342.38 615.842 180.261
 74353.7 91978.8 3161.32 489.836 166.48
 615207 20745.8 23298.9 800.753 166.243
 339136 174623 5378.17 6039.8 250.675
 271270 86414.5 39133.7 1205.21 1409.65
 376389 70945.2 20058.5 9083.25 606.929
 517856 106073 18214.8 5149.73 2487.81
 102197 136262 24824.8 4262.72 1787.37
 300526 30757.5 38229.9 6964.7 1697.37
 258065 92568.6 8903.66 11066.5 2507.42
 112857 79549.8 26824.1 2580 3933.28
 254952 35992.4 24134.4 8137.92 1976
 288063 78558.4 10424 6989.53 2929.08
 83763 91283.4 23628.8 3135.26 2983.26
 61016.8 26843.6 27876.2 7215.64 1868.44
 235009 18244.3 7465.24 7752.15 2526.21
pred_Ctot
 14603.2 3907.96 10419.4 1201.81 0.025475
 14256.8 10748.1 2070.38 5519.37 636.636
 13942.3 5185.67 2742.44 528.197 1570.52
 31032.4 7334.92 1915.82 1013.05 775.26
 9267.46 3810.35 614.283 160.422 149.745
 29730.6 6839.87 2029.1 327.08 165.151
 23826.1 22182.2 3599.41 1067.65 258.996
 2055.25 1387.36 850.659 138.01 50.8669
 7106.39 3184.63 1563.27 958.404 212.801
 12743.9 3013.21 924.917 453.956 340.105
 6159.16 971.354 152.238 46.7227 40.1124
 31343.3 9149.5 1044.58 163.695 93.3699
 24830.8 8807.72 1723.36 196.722 48.412
 26710.9 11231.1 2687.49 525.765 74.7859
 19274.9 4537.19 1193.08 285.438 63.7845
 84957.2 4314.99 668.694 175.809 51.4603
 11611.4 18663.6 641.53 99.4031 33.7841
 90728.6 3984.19 4474.94 153.797 31.9297
 67882 44899.7 1382.99 1553.12 64.4605
 50963.6 20922.3 9475.74 291.826 341.329
 56880.4 13948.6 3944.12 1786.04 119.341
 95780.8 25302.7 4345.4 1228.54 593.501
 11944.7 20899.8 3808 653.879 274.173
 31361 4225.11 5252.12 956.826 233.189
 26823.1 12666.9 1218.48 1514.46 343.144
 9605.64 8955.05 3019.95 290.464 442.821
 26556.3 4935.36 3309.7 1116.01 270.982
 25549.1 9207.32 1221.85 819.281 343.334
 6900.68 9952.94 2576.6 341.883 325.308
 7344.19 4236.31 4399.7 1138.85 294.896
 30381.4 3085.56 1262.68 1311.21 427.286
F
 0.139681 0.188515 0.188536 0.188536 0.188536
 0.258879 0.349386 0.349426 0.349426 0.349426
 0.253958 0.342746 0.342784 0.342784 0.342784
 0.384453 0.518863 0.518921 0.518921 0.518921
 0.128444 0.17335 0.17337 0.17337 0.17337
 0.234033 0.315854 0.315889 0.315889 0.315889
 0.5354 0.722583 0.722664 0.722664 0.722664
 0.0912343 0.123131 0.123145 0.123145 0.123145
 0.365694 0.493546 0.493601 0.493601 0.493601
 0.507995 0.685598 0.685674 0.685674 0.685674
 0.11272 0.152129 0.152146 0.152146 0.152146
 0.460181 0.621066 0.621136 0.621136 0.621136
 0.432333 0.583483 0.583548 0.583548 0.583548
 0.748733 1.0105 1.01061 1.01061 1.01061
 0.536889 0.724593 0.724674 0.724674 0.724674
 0.41848 0.564787 0.56485 0.56485 0.56485
 0.276487 0.37315 0.373192 0.373192 0.373192
 0.259332 0.349997 0.350037 0.350037 0.350037
 0.367247 0.495642 0.495697 0.495697 0.495697
 0.341209 0.460501 0.460552 0.460552 0.460552
 0.266499 0.359671 0.359711 0.359711 0.359711
 0.335117 0.452279 0.452329 0.452329 0.452329
 0.200769 0.27096 0.270991 0.270991 0.270991
 0.177585 0.239672 0.239698 0.239698 0.239698
 0.176827 0.238648 0.238674 0.238674 0.238674
 0.142816 0.192746 0.192767 0.192767 0.192767
 0.177234 0.239197 0.239224 0.239224 0.239224
 0.149209 0.201375 0.201397 0.201397 0.201397
 0.137962 0.186195 0.186216 0.186216 0.186216
 0.207297 0.279771 0.279802 0.279802 0.279802
 0.224161 0.30253 0.302564 0.302564 0.302564
YTP_r0W_actual
 252166 43506.3 34849.9 44843.3 15937.8
YTP_p0W_proyectada
 174750 175561 18603 9665.28 14703.5
 174750 142289 71451.4 6512.27 3915.41
CTP_r0_actual
 30381.4 3085.56 1262.68 1311.21 427.286
CTP_p0_proyectada
 23331.1 11203.6 804.282 329.087 434.629
 23331.1 9080.37 3089.12 221.732 115.738
Wmedp
 7.49 15.67 23.13 29.37 33.83
Frms_r0
 0.224161 0.30253 0.302564 0.302564 0.302564
Zrms_r0
 1.22416 1.30253 1.30256 1.30256 1.30256
cv_recla  cv_pelaces  cv_mph
0.324235 0.468 0.46172
 ------------------------------------------------
Talla a la edad & desviacion 
 8 13.2811 15.8009 17.003 17.5766
 0.8 1.32811 1.58009 1.7003 1.75766
