years
 1991 1992 1993 1994 1995 1996 1997 1998 1999 2000 2001 2002 2003 2004 2005 2006 2007 2008 2009 2010 2011 2012 2013 2014 2015 2016 2017 2018 2019 2020 2021 2022
reclasobs
 0 0 0 0 0 0 0 0 0 252601 567819 844713 477998 351125 339783 2.1784e+06 2.13404e+06 4.81314e+06 1.55562e+06 2.62356e+06 3.21686e+06 3.843e+06 1.13348e+06 3.07943e+06 1.97215e+06 2.03268e+06 2.025e+06 2.42433e+06 2.27542e+06 1.05018e+06 2.36338e+06 3.18982e+06
reclaspred
 3.26423e+06 1.78637e+06 905977 928992 940930 1.60756e+06 909185 782984 554001 376205 505470 685818 672818 496233 487901 1.3702e+06 1.23957e+06 3.14207e+06 2.51529e+06 1.80383e+06 3.15392e+06 2.56788e+06 1.95081e+06 3.10875e+06 2.29029e+06 2.01652e+06 2.44009e+06 2.62761e+06 2.0875e+06 1.31142e+06 2.27157e+06 2.07474e+06
pelacesobs
 0 0 0 0 0 0 0 0 0 0 0 0 0 0 0 552880 188675 0 991730 2.46772e+06 1.41603e+06 1.21717e+06 2.29649e+06 1.80582e+06 0 1.4828e+06 1.56532e+06 1.57751e+06 1.42118e+06 867257 1.10002e+06 0
pelacespred
 1.88436e+06 1.12707e+06 556548 442468 492749 842405 441974 492732 321811 198091 278943 315658 344342 255006 256481 599914 595770 1.65705e+06 1.40493e+06 933505 1.58801e+06 1.37406e+06 1.1047e+06 1.84895e+06 1.36292e+06 1.20649e+06 1.59577e+06 1.69012e+06 1.1913e+06 833347 1.3422e+06 1.19434e+06
mphobs
 0 0 0 0 0 0 0 0 0 0 0 498337 0 5186 125008 0 168611 109162 213762 579715 649985 157893 87575 83554 0 0 0 0 0 0 0 0
mphpred
 495824 331973 159864 88781.9 97382.5 116245 158001 85538.6 76961.3 48396.6 29860.4 60482.9 64856.5 52933.5 32172.8 41078.1 152717 137498 310545 220392 228332 283354 269384 214478 312043 253886 207122 224832 320728 210062 126660 225257
desembarqueobs
 494567 514787 250237 358949 120608 361735 552515 73892 212993 205616 52469 317467 293654 387597 252695 516296 358380 742168 942051 627588 828172 859565 418607 520667 417249 300574 415391 372974 316634 284311 391294 429909
desembarquepred
 494571 513809 250696 358986 120614 361745 552544 73897.4 213055 205673 52471.8 317529 293690 387577 252670 516226 358411 742015 941746 627366 828255 859551 418610 520693 417239 300572 415385 372946 316619 284315 391277 429889
Reclutas
 171939 94546 95855.4 146202 118257 213760 84058.6 35876.3 34947.6 47030.3 87984.9 127288 106393 74377.5 68574.8 371561 76430.4 596004 338716 260264 369658 503269 99040.1 294148 245495 110103 247055 276140 82771.9 66605 283800 177721
log_desv_Rt
 0.192486 -0.405568 -0.391813 0.0303359 -0.181793 0.410202 -0.523139 -1.37458 -1.4008 -1.10386 -0.477488 -0.108201 -0.287516 -0.6455 -0.726729 0.963059 -0.618273 1.43559 0.870508 0.607044 0.957926 1.26647 -0.359129 0.72943 0.548625 -0.253237 0.554957 0.666253 -0.538565 -0.755875 0.693617 0.22556
SSB
 2.08975e+06 1.39917e+06 673779 374188 410437 489939 665926 360519 324368 203977 125852 254917 273350 223098 135598 173132 643655 579513 1.30885e+06 928885 962349 1.19425e+06 1.13537e+06 903959 1.31517e+06 1.07005e+06 872957 947596 1.35177e+06 885345 533831 949388
BT
 2.94503e+06 2.01598e+06 991244 932708 791489 1.54717e+06 1.10226e+06 765792 665996 481218 459573 726981 769070 779669 639761 1.33851e+06 1.11693e+06 3.16559e+06 2.92194e+06 1.88145e+06 3.01193e+06 2.77154e+06 1.89994e+06 3.223e+06 2.29444e+06 1.9582e+06 2.77201e+06 2.86324e+06 1.88532e+06 1.41458e+06 2.38564e+06 2.10965e+06
Ftot
 0.201504 0.371304 0.364317 0.554174 0.184094 0.339109 0.77995 0.133775 0.535125 0.751634 0.166504 0.670121 0.627557 1.09289 0.792795 0.615575 0.394849 0.377286 0.527797 0.494691 0.387131 0.487264 0.29051 0.257696 0.256712 0.207343 0.258723 0.219557 0.19972 0.291085 0.275295 0.299031
BD_Bspro_t
 0.968396 0.783703 0.580834 0.482395 0.476623 0.569948 0.568068 0.374995 0.431811 0.369367 0.325414 0.579805 0.458038 0.36269 0.248583 0.298923 0.494966 0.455906 0.587796 0.473345 0.436281 0.486704 0.503184 0.486121 0.609996 0.617497 0.623761 0.668504 0.72471 0.640239 0.563356 0.685002
BD_Bspro
 2.06184 1.38048 0.664782 0.369192 0.404957 0.483397 0.657034 0.355705 0.320037 0.201253 0.124172 0.251513 0.2697 0.220119 0.133788 0.17082 0.63506 0.571775 1.29138 0.916482 0.949499 1.1783 1.12021 0.891888 1.2976 1.05576 0.861301 0.934942 1.33372 0.873523 0.526703 0.936711
BD_Bo
 1.38381 0.926514 0.44617 0.247784 0.271788 0.324433 0.44097 0.238732 0.214794 0.135071 0.0833381 0.168804 0.18101 0.147734 0.0897919 0.114646 0.426222 0.383748 0.86671 0.615099 0.637259 0.790822 0.751832 0.598593 0.87089 0.708578 0.578064 0.627489 0.895128 0.586267 0.353498 0.628676
BD_Brms
 2.51602 1.68457 0.811219 0.450516 0.49416 0.589878 0.801764 0.434059 0.390534 0.245584 0.151524 0.306916 0.329109 0.268606 0.163258 0.208448 0.774949 0.697724 1.57584 1.11836 1.15865 1.43786 1.36697 1.08835 1.58344 1.28832 1.05103 1.14089 1.62751 1.06594 0.642724 1.14305
Sel_flota
 0.698875 0.977825 0.998808 0.999937 0.999997
 0.698875 0.977825 0.998808 0.999937 0.999997
 0.698875 0.977825 0.998808 0.999937 0.999997
 0.698875 0.977825 0.998808 0.999937 0.999997
 0.698875 0.977825 0.998808 0.999937 0.999997
 0.698875 0.977825 0.998808 0.999937 0.999997
 0.698875 0.977825 0.998808 0.999937 0.999997
 0.698875 0.977825 0.998808 0.999937 0.999997
 0.698875 0.977825 0.998808 0.999937 0.999997
 0.698875 0.977825 0.998808 0.999937 0.999997
 0.698875 0.977825 0.998808 0.999937 0.999997
 0.698875 0.977825 0.998808 0.999937 0.999997
 0.698875 0.977825 0.998808 0.999937 0.999997
 0.698875 0.977825 0.998808 0.999937 0.999997
 0.698875 0.977825 0.998808 0.999937 0.999997
 0.698875 0.977825 0.998808 0.999937 0.999997
 0.698875 0.977825 0.998808 0.999937 0.999997
 0.698875 0.977825 0.998808 0.999937 0.999997
 0.698875 0.977825 0.998808 0.999937 0.999997
 0.698875 0.977825 0.998808 0.999937 0.999997
 0.698875 0.977825 0.998808 0.999937 0.999997
 0.698875 0.977825 0.998808 0.999937 0.999997
 0.698875 0.977825 0.998808 0.999937 0.999997
 0.698875 0.977825 0.998808 0.999937 0.999997
 0.698875 0.977825 0.998808 0.999937 0.999997
 0.698875 0.977825 0.998808 0.999937 0.999997
 0.698875 0.977825 0.998808 0.999937 0.999997
 0.698875 0.977825 0.998808 0.999937 0.999997
 0.698875 0.977825 0.998808 0.999937 0.999997
 0.698875 0.977825 0.998808 0.999937 0.999997
 0.698875 0.977825 0.998808 0.999937 0.999997
 0.698875 0.977825 0.998808 0.999937 0.999997
Sel_reclas
 1 1 1 1 1
 1 1 1 1 1
 1 1 1 1 1
 1 1 1 1 1
 1 1 1 1 1
 1 1 1 1 1
 1 1 1 1 1
 1 1 1 1 1
 1 1 1 1 1
 1 1 1 1 1
 1 1 1 1 1
 1 1 1 1 1
 1 1 1 1 1
 1 1 1 1 1
 1 1 1 1 1
 1 1 1 1 1
 1 1 1 1 1
 1 1 1 1 1
 1 1 1 1 1
 1 1 1 1 1
 1 1 1 1 1
 1 1 1 1 1
 1 1 1 1 1
 1 1 1 1 1
 1 1 1 1 1
 1 1 1 1 1
 1 1 1 1 1
 1 1 1 1 1
 1 1 1 1 1
 1 1 1 1 1
 1 1 1 1 1
 1 1 1 1 1
Sel_pelaces
 0.818939 0.957917 0.991346 0.998268 0.999655
 0.818939 0.957917 0.991346 0.998268 0.999655
 0.818939 0.957917 0.991346 0.998268 0.999655
 0.818939 0.957917 0.991346 0.998268 0.999655
 0.818939 0.957917 0.991346 0.998268 0.999655
 0.818939 0.957917 0.991346 0.998268 0.999655
 0.818939 0.957917 0.991346 0.998268 0.999655
 0.818939 0.957917 0.991346 0.998268 0.999655
 0.818939 0.957917 0.991346 0.998268 0.999655
 0.818939 0.957917 0.991346 0.998268 0.999655
 0.818939 0.957917 0.991346 0.998268 0.999655
 0.818939 0.957917 0.991346 0.998268 0.999655
 0.818939 0.957917 0.991346 0.998268 0.999655
 0.818939 0.957917 0.991346 0.998268 0.999655
 0.818939 0.957917 0.991346 0.998268 0.999655
 0.818939 0.957917 0.991346 0.998268 0.999655
 0.818939 0.957917 0.991346 0.998268 0.999655
 0.818939 0.957917 0.991346 0.998268 0.999655
 0.818939 0.957917 0.991346 0.998268 0.999655
 0.818939 0.957917 0.991346 0.998268 0.999655
 0.818939 0.957917 0.991346 0.998268 0.999655
 0.818939 0.957917 0.991346 0.998268 0.999655
 0.818939 0.957917 0.991346 0.998268 0.999655
 0.818939 0.957917 0.991346 0.998268 0.999655
 0.818939 0.957917 0.991346 0.998268 0.999655
 0.818939 0.957917 0.991346 0.998268 0.999655
 0.818939 0.957917 0.991346 0.998268 0.999655
 0.818939 0.957917 0.991346 0.998268 0.999655
 0.818939 0.957917 0.991346 0.998268 0.999655
 0.818939 0.957917 0.991346 0.998268 0.999655
 0.818939 0.957917 0.991346 0.998268 0.999655
 0.818939 0.957917 0.991346 0.998268 0.999655
pf_obs 
 0.8446 0.082 0.0669 0.0065 0
 0.8095 0.147 0.0364 0.0071 0
 0.9664 0.0169 0.016 0.0007 0
 0.9276 0.0648 0.0075 0.0001 0
 0.7033 0.2144 0.0806 0.0017 0
 0.9318 0.0425 0.0243 0.0014 0
 0.5671 0.3108 0.0964 0.0239 0.0018
 0.0768 0.2599 0.5324 0.112 0.0189
 0.490249 0.384438 0.106611 0.0170017 0.00170017
 0.7925 0.1577 0.0466 0.003 0.0002
 0.840416 0.127587 0.0312969 0.00059994 9.999e-05
 0.8084 0.0986 0.0794 0.0134 0.0002
 0.7335 0.1905 0.0724 0.0035 0.0001
 0.4001 0.4547 0.1325 0.0127 0
 0.49795 0.308269 0.164784 0.0264974 0.00249975
 0.9179 0.0499 0.0305 0.0017 0
 0.2467 0.6533 0.0926 0.0074 0
 0.9418 0.0223 0.034 0.0019 0
 0.707729 0.231977 0.0356964 0.0245975 0
 0.517169 0.277429 0.184464 0.0207286 0.00020938
 0.811772 0.124168 0.05621 0.00726502 0.000585176
 0.764997 0.148141 0.077277 0.00933861 0.000247198
 0.163321 0.427699 0.378323 0.0303852 0.000271297
 0.753843 0.0900009 0.118128 0.0371064 0.000921714
 0.721811 0.176058 0.0630433 0.0369309 0.00215725
 0.143369 0.312575 0.442814 0.0836902 0.0175525
 0.692698 0.0596174 0.167031 0.0765114 0.00414204
 0.394062 0.376323 0.152708 0.0712218 0.00568511
 0.125707 0.32114 0.495352 0.0537591 0.00404204
 0.23352 0.215282 0.420074 0.123614 0.00750983
 0.796117 0.104755 0.0508955 0.0450114 0.00322123
 0 0 0 0 0
pf_pred 
 0.477059 0.138294 0.360423 0.0242232 8.87885e-07
 0.421427 0.328965 0.0671258 0.171002 0.0114791
 0.579548 0.218066 0.116361 0.023157 0.062868
 0.731317 0.180346 0.0463796 0.0241374 0.0178199
 0.655677 0.277415 0.0453241 0.0113405 0.0102438
 0.751759 0.181305 0.0541685 0.00865267 0.00411551
 0.461345 0.439776 0.0727015 0.0211902 0.00498808
 0.455217 0.313473 0.189916 0.0304484 0.0109457
 0.544178 0.247312 0.121108 0.0717763 0.0156258
 0.7263 0.176859 0.053215 0.0253548 0.0182713
 0.834949 0.133307 0.0207361 0.00605339 0.00495442
 0.748318 0.220955 0.0249259 0.00379115 0.00201008
 0.694907 0.25077 0.0478612 0.00524353 0.00121843
 0.645988 0.275761 0.0646471 0.011988 0.00161604
 0.759068 0.182027 0.0462452 0.0104621 0.00219739
 0.942213 0.0481964 0.00730095 0.00179819 0.000491427
 0.381561 0.594697 0.0198957 0.00292949 0.000917295
 0.908243 0.0436479 0.0463067 0.00151044 0.00029164
 0.587452 0.386279 0.0126613 0.0130987 0.000509061
 0.608389 0.267208 0.116686 0.00372205 0.00399448
 0.740342 0.18199 0.053444 0.0227234 0.00150051
 0.747065 0.204465 0.0342312 0.00980155 0.00443662
 0.311719 0.561545 0.102975 0.016788 0.00697278
 0.742345 0.102029 0.127531 0.022834 0.00526196
 0.617285 0.308948 0.0296299 0.0361768 0.00795996
 0.427217 0.4003 0.139882 0.0131047 0.0194961
 0.728092 0.140365 0.0925666 0.0316168 0.00735938
 0.679553 0.254797 0.0342806 0.0220827 0.00928642
 0.34306 0.494023 0.130161 0.0171146 0.0156416
 0.442254 0.238194 0.241667 0.062241 0.0156441
 0.848858 0.0811351 0.0303133 0.0300286 0.0096652
 0.575959 0.377784 0.0251123 0.00916243 0.0119824
pobs_RECLAS
 0 0 0 0 0
 0 0 0 0 0
 0 0 0 0 0
 0 0 0 0 0
 0 0 0 0 0
 0 0 0 0 0
 0 0 0 0 0
 0 0 0 0 0
 0 0 0 0 0
 0 0 0 0 0
 0.991045 0.00858322 0.000360255 1.14367e-05 0
 0.934742 0.0480273 0.0164251 0.00080598 0
 0.827803 0.169806 0.00239088 0 0
 0.941827 0.0461693 0.0120037 0 0
 0.791401 0.0380133 0.147996 0.0225897 0
 0.846168 0.0940531 0.0597789 0 0
 0.134021 0.677848 0.182769 0.00536245 0
 0.80878 0.0450904 0.141981 0.00414843 0
 0.846168 0.0940531 0.0597789 0 0
 0.905697 0.0802665 0.012482 0.00150086 5.37128e-05
 0.989698 0.0102097 9.19794e-05 0 0
 0.975433 0.0193895 0.00387452 0.00125025 5.28907e-05
 0.303575 0.632131 0.0575291 0.00676475 0
 0.966965 0.00978017 0.0227588 0.000495775 0
 0.843318 0.132988 0.00938335 0.0141283 0.000182051
 0.564624 0.303363 0.111486 0.0197234 0.00080311
 0.826376 0.0876187 0.0782897 0.00655872 0.00115652
 0.89761 0.0855135 0.0140674 0.00269457 0.000114338
 0.34875 0.467042 0.161289 0.0227151 0.000203297
 0.318654 0.224769 0.449479 0.00709798 0
 0.937255 0.0296025 0.0250945 0.00804832 0
 0.456809 0.399803 0.12412 0.0192676 0
ppred_RECLAS
 0.565942 0.116631 0.297458 0.0199684 7.31884e-07
 0.509945 0.281391 0.0561636 0.142908 0.00959259
 0.663368 0.176491 0.0921205 0.0183113 0.0497096
 0.796245 0.137807 0.0346453 0.0180087 0.0132944
 0.728893 0.219353 0.0350719 0.00876524 0.00791711
 0.811483 0.138506 0.040481 0.00645871 0.00307179
 0.553288 0.366296 0.059146 0.0172176 0.00405268
 0.542098 0.265905 0.157671 0.0252499 0.00907638
 0.632036 0.201753 0.0965888 0.0571759 0.0124465
 0.793721 0.13442 0.0395097 0.0188013 0.0135478
 0.877125 0.0996591 0.0151714 0.00442384 0.00362049
 0.810264 0.167042 0.0184137 0.00279722 0.001483
 0.765762 0.193316 0.0360592 0.00394571 0.0009168
 0.72884 0.21239 0.0485641 0.00899364 0.0012123
 0.820326 0.136533 0.0338786 0.00765479 0.00160765
 0.958989 0.0343351 0.00508348 0.00125051 0.00034173
 0.466463 0.51349 0.0168024 0.00247111 0.000773716
 0.934073 0.0317253 0.0329219 0.00107259 0.000207085
 0.669931 0.309504 0.00991821 0.0102486 0.000398269
 0.689817 0.213157 0.0910146 0.00289969 0.00311174
 0.80248 0.139366 0.0400308 0.0170003 0.00112252
 0.808247 0.15568 0.0254851 0.00728853 0.00329891
 0.390784 0.499046 0.0895348 0.0145799 0.00605525
 0.804457 0.0784637 0.0959625 0.0171619 0.00395462
 0.695355 0.246984 0.0231769 0.0282652 0.00621879
 0.513676 0.342107 0.116985 0.010947 0.0162851
 0.792262 0.108387 0.0699377 0.0238601 0.00555351
 0.749886 0.199774 0.0263011 0.016923 0.00711617
 0.424788 0.434897 0.11213 0.0147268 0.0134584
 0.53113 0.202783 0.20129 0.0517816 0.0130143
 0.888902 0.0602599 0.0220279 0.0217956 0.00701487
 0.657678 0.305719 0.019882 0.00724565 0.00947507
pobs_PELACES
 0 0 0 0 0
 0 0 0 0 0
 0 0 0 0 0
 0 0 0 0 0
 0 0 0 0 0
 0 0 0 0 0
 0 0 0 0 0
 0 0 0 0 0
 0 0 0 0 0
 0 0 0 0 0
 0 0 0 0 0
 0 0 0 0 0
 0 0 0 0 0
 0 0 0 0 0
 0 0 0 0 0
 0 0 0 0 0
 0.505614 0.472636 0.0217494 0 0
 0 0 0 0 0
 0.443492 0.261883 0.143347 0.151278 0
 0.227955 0.32914 0.350689 0.0885471 0.00366901
 0.970185 0.0296113 0.000203453 0 0
 0.997202 0.00247181 0.000326279 0 0
 0.445219 0.490057 0.0546422 0.010081 0
 0.90214 0.0892962 0.00764917 0.000914606 0
 0 0 0 0 0
 0.581667 0.319106 0.0959925 0.00289975 0.000334073
 0.762889 0.0836404 0.116647 0.0363945 0.000428098
 0.88444 0.0763242 0.0277011 0.0115352 0
 0.521256 0.241999 0.230069 0.00667565 0
 0.616807 0.101726 0.260614 0.0208532 0
 0.833518 0.0704572 0.0857862 0.0102388 0
 0 0 0 0 0
ppred_PELACES
 0.525633 0.124379 0.327829 0.0221592 8.13308e-07
 0.475367 0.296515 0.0610904 0.156508 0.01052
 0.631409 0.190016 0.102383 0.0204905 0.0557023
 0.77663 0.149403 0.0387226 0.0202645 0.0149803
 0.698958 0.241906 0.0399767 0.0100601 0.00909929
 0.790043 0.152883 0.0461338 0.00741107 0.00352962
 0.530812 0.382575 0.0635862 0.018634 0.0043921
 0.502416 0.284735 0.174567 0.0281495 0.0101327
 0.603048 0.214345 0.105805 0.0630565 0.0137456
 0.777048 0.143639 0.0434658 0.0208225 0.0150248
 0.86023 0.112587 0.0177172 0.00520193 0.00426318
 0.794604 0.18015 0.0204566 0.00312848 0.0016609
 0.746514 0.208065 0.0399905 0.00440542 0.00102503
 0.716362 0.22081 0.0518574 0.00966664 0.0013048
 0.8065 0.145961 0.0372768 0.00847891 0.00178317
 0.954641 0.0377774 0.00576369 0.00142741 0.00039061
 0.436346 0.541797 0.0182972 0.00270935 0.000849482
 0.924998 0.0354944 0.038019 0.00124712 0.000241116
 0.645094 0.332074 0.0109727 0.0114151 0.000444212
 0.663323 0.229082 0.100882 0.0032359 0.00347732
 0.780861 0.153072 0.0453801 0.0194038 0.00128299
 0.789258 0.170022 0.0287072 0.00826584 0.00374641
 0.358887 0.521944 0.0967162 0.0158575 0.006595
 0.779195 0.0868133 0.109683 0.0197509 0.00455749
 0.664873 0.269783 0.0261534 0.0321147 0.00707552
 0.476704 0.364342 0.128751 0.0121313 0.0180718
 0.766557 0.11978 0.0798434 0.0274271 0.00639259
 0.72193 0.220464 0.0299924 0.0194312 0.0081822
 0.389355 0.457774 0.121978 0.0161309 0.0147621
 0.493819 0.214703 0.220115 0.0570136 0.0143491
 0.873394 0.0675235 0.0254959 0.0254006 0.00818642
 0.627114 0.331725 0.0222799 0.00817531 0.0107056
pobs_pel_tallas
 0 0 0 0 0 0 0 0 0 0 0 0 0 0 0 0 0 0 0 0 0 0 0 0 0 0
 0 0 0 0 0 0 0 0 0 0 0 0 0 0 0 0 0 0 0 0 0 0 0 0 0 0
 0 0 0 0 0 0 0 0 0 0 0 0 0 0 0 0 0 0 0 0 0 0 0 0 0 0
 0 0 0 0 0 0 0 0 0 0 0 0 0 0 0 0 0 0 0 0 0 0 0 0 0 0
 0 0 0 0 0 0 0 0 0 0 0 0 0 0 0 0 0 0 0 0 0 0 0 0 0 0
 0 0 0 0 0 0 0 0 0 0 0 0 0 0 0 0 0 0 0 0 0 0 0 0 0 0
 0 0 0 0 0 0 0 0 0 0 0 0 0 0 0 0 0 0 0 0 0 0 0 0 0 0
 0 0 0 0 0 0 0 0 0 0 0 0 0 0 0 0 0 0 0 0 0 0 0 0 0 0
 0 0 0 0 0 0 0 0 0 0 0 0 0 0 0 0 0 0 0 0 0 0 0 0 0 0
 0 0 0 0 0 0 0 0 0 0 0 0 0 0 0 0 0 0 0 0 0 0 0 0 0 0
 0 0 0 0 0 0 0 0 0 0 0 0 0 0 0 0 0 0 0 0 0 0 0 0 0 0
 0 0 0 0 0 0 0 0 0 0 0 0 0 0 0 0 0 0 0 0 0 0 0 0 0 0
 0.00862536 0 0 0.000197151 0.00414017 0.0128641 0.00837892 0.0270097 0.101434 0.158115 0.152841 0.127902 0.109271 0.109419 0.0830992 0.0579132 0.0238553 0.00714673 0.00463305 0.00128148 0.00103504 0.000492878 0.000147863 0.000147863 4.92878e-05 0
 0 0 0 0 0 0 0 0 0 0 0 0 0 0 0 0 0 0 0 0 0 0 0 0 0 0
 0 0 0 0 0 0 0 0.0054083 0.00873648 0.0413646 0.0450493 0.0745869 0.0622846 0.0627006 0.0613931 0.0827291 0.12552 0.122667 0.0946155 0.0697135 0.0546179 0.0294188 0.0215738 0.0213955 0.0102223 0.00600262
 0 0 0 0 0.00359764 0.0251062 0.0480494 0.140153 0.205849 0.193036 0.1447 0.116669 0.0760912 0.0342217 0.00950174 0.001854 0.000860785 0 0 0 0.000165536 0 0.000143464 0 0 0
 0 0 0 0 0 0 0 0.000145254 0.000435761 0.0275982 0.070085 0.0708112 0.156366 0.174668 0.174014 0.160142 0.0824315 0.0480064 0.0283245 0.00493863 0.00203355 0 0 0 0 0
 0 0 0 0 0 0 0 0 0 0 0 0 0 0 0 0 0 0 0 0 0 0 0 0 0 0
 0 0 1.00437e-05 0.000401748 0.00122533 0.00171747 0.00176769 0.0269171 0.070346 0.194647 0.189555 0.159765 0.064822 0.0314167 0.0384472 0.0292271 0.0345202 0.0313363 0.0194345 0.0106764 0.0143323 0.0359363 0.0279516 0.0138201 0.00172751 0
 0 0.0021121 0.0136068 0.0755702 0.200478 0.177729 0.0527432 0.0373336 0.0318909 0.0142505 0.0149659 0.0166563 0.0217959 0.0798694 0.0677717 0.0528807 0.04013 0.0224614 0.0357745 0.0225083 0.00881397 0.00855152 0.00135912 0.000746735 0 0
 0 0 0 0 5.4009e-05 0.00500934 0.000945158 0.0243581 0.138947 0.33067 0.221406 0.137944 0.0707744 0.0437923 0.0131692 0.00525238 0.0047753 0.00276346 9.45158e-05 9.00151e-06 2.25038e-05 9.00151e-06 4.50075e-06 0 0 0
 0.000866109 0.00284123 0.00948549 0.0512746 0.133035 0.25785 0.225252 0.132002 0.0553304 0.0519788 0.0540692 0.017754 0.00435017 0.00159236 0.00146478 0.000404838 0.000125132 0.000115318 0.000107957 0.000100596 0 0 0 0 0 0
 0 0 0 0 0.00144013 0.00171154 0.00461396 0.0210425 0.0478622 0.0707936 0.0888783 0.103762 0.0637923 0.0337046 0.0602308 0.124433 0.169614 0.0934646 0.0462172 0.0250306 0.0313229 0.00938855 0.002487 0.000210481 0 0
 0 0.00764035 0.051015 0.0998891 0.058973 0.0496711 0.0374665 0.0718981 0.12319 0.153886 0.159021 0.0857701 0.0377988 0.023471 0.0147837 0.00900784 0.00315554 0.000888139 0.00291439 0.00214683 0.00393193 0.00274676 0.000635225 9.99891e-05 0 0
 0 0 0 0 0 0 0 0 0 0 0 0 0 0 0 0 0 0 0 0 0 0 0 0 0 0
 0 0 0 0 0 0 0 0 0 0 0 0 0 0 0 0 0 0 0 0 0 0 0 0 0 0
 0 0 0 0 0 0 0 0 0 0 0 0 0 0 0 0 0 0 0 0 0 0 0 0 0 0
 0 0 0 0 0 0 0 0 0 0 0 0 0 0 0 0 0 0 0 0 0 0 0 0 0 0
 0 0 0 0 0 0 0 0 0 0 0 0 0 0 0 0 0 0 0 0 0 0 0 0 0 0
 0 0 0 0 0 0 0 0 0 0 0 0 0 0 0 0 0 0 0 0 0 0 0 0 0 0
 0 0 0 0 0 0 0 0 0 0 0 0 0 0 0 0 0 0 0 0 0 0 0 0 0 0
 0 0 0 0 0 0 0 0 0 0 0 0 0 0 0 0 0 0 0 0 0 0 0 0 0 0
ppred_pel_tallas
 1.11715e-16 4.32957e-05 0.00042085 0.00279669 0.0127134 0.0395561 0.0842789 0.12301 0.123023 0.08434 0.0397629 0.0133169 0.0043348 0.00385541 0.00679093 0.0117431 0.0182709 0.0257982 0.0336605 0.0413836 0.0486635 0.0549915 0.059347 0.0604173 0.0573039 0.0501778
 1.19315e-16 3.91554e-05 0.000380604 0.00252925 0.0114976 0.0357735 0.0762204 0.111252 0.111281 0.0763605 0.0362442 0.0128583 0.00594963 0.00786426 0.0143045 0.0237326 0.0345521 0.0442878 0.0505124 0.0522859 0.0507734 0.0484129 0.0472611 0.0477953 0.0489211 0.0489112
 1.14485e-16 5.20084e-05 0.00050554 0.00335949 0.0152718 0.0475162 0.101239 0.147765 0.147784 0.101329 0.0478195 0.0161494 0.00556914 0.00535148 0.00932154 0.0155041 0.0227491 0.0295095 0.0342547 0.0363294 0.0363224 0.0355627 0.0351527 0.0353181 0.0354762 0.0347878
 1.05724e-16 6.397e-05 0.000621811 0.00413215 0.0187842 0.0584446 0.124523 0.181748 0.181762 0.124594 0.0586816 0.0194692 0.00585346 0.00438565 0.00723085 0.011903 0.0172621 0.0219729 0.0247285 0.0249537 0.0231449 0.0205046 0.0181657 0.0166157 0.0156613 0.0147931
 1.03765e-16 5.75723e-05 0.000559623 0.00371889 0.0169056 0.0525996 0.11207 0.163574 0.163597 0.112184 0.0529824 0.0180113 0.00649492 0.00662162 0.0115761 0.0190619 0.0274906 0.0346503 0.0383264 0.0375034 0.0329637 0.0267387 0.0208719 0.0164574 0.0135117 0.0114711
 1.02712e-16 6.50748e-05 0.00063255 0.00420352 0.0191086 0.059454 0.126674 0.184887 0.184902 0.126746 0.0596966 0.0198097 0.00596536 0.00448491 0.00739974 0.0121781 0.0176483 0.0224261 0.025139 0.025144 0.0228825 0.0195294 0.016236 0.0135726 0.0115012 0.00971439
 1.04545e-16 4.37224e-05 0.000424997 0.00282426 0.0128387 0.0399461 0.0851108 0.124229 0.124266 0.0852911 0.0405515 0.0145873 0.00721439 0.0100115 0.0182586 0.0301379 0.0434625 0.0547654 0.060536 0.0591518 0.0518282 0.0417585 0.0321653 0.0247925 0.0197094 0.0160936
 1.09649e-16 4.13834e-05 0.000402261 0.00267317 0.0121519 0.0378091 0.0805573 0.117582 0.117609 0.0806926 0.0382639 0.0134681 0.00598759 0.00767222 0.0139497 0.0232612 0.0341232 0.0442044 0.0511163 0.0537064 0.0526208 0.0496095 0.0461945 0.04283 0.0390804 0.0343933
 1.11758e-16 4.96723e-05 0.000482832 0.00320859 0.0145858 0.045382 0.0966919 0.141129 0.14115 0.0967936 0.0457238 0.0155751 0.00569875 0.00594236 0.0104882 0.0174464 0.0255706 0.0331063 0.0383051 0.0404 0.0400215 0.0386297 0.0374321 0.0366709 0.0357302 0.033786
 1.05922e-16 6.40045e-05 0.000622146 0.00413438 0.0187943 0.0584761 0.12459 0.181846 0.18186 0.124658 0.0587042 0.0194536 0.00579166 0.00424762 0.00697227 0.0114863 0.0166872 0.0213028 0.0240892 0.0244982 0.022996 0.0207086 0.0186806 0.0173349 0.0164552 0.0155473
 1.01784e-16 7.0856e-05 0.000688746 0.00457696 0.0208062 0.0647359 0.137927 0.201311 0.201322 0.13798 0.064914 0.0213207 0.00586871 0.00350935 0.00542987 0.0088704 0.0127856 0.0161099 0.0178095 0.0174129 0.0152872 0.0123823 0.00965403 0.00761366 0.00626714 0.00534656
 1.01232e-16 6.54505e-05 0.000636202 0.00422779 0.0192189 0.0597973 0.127405 0.185955 0.185972 0.12749 0.060082 0.0200411 0.00629112 0.00513902 0.00861279 0.0141236 0.0203119 0.0254843 0.0279599 0.0269608 0.0230716 0.0178424 0.0128677 0.0090567 0.00651199 0.00487491
 1.01823e-16 6.14894e-05 0.000597699 0.00397192 0.0180558 0.0561783 0.119695 0.174702 0.174722 0.119793 0.0565077 0.0190072 0.00636083 0.00581503 0.00997683 0.0164135 0.023677 0.0298525 0.0330235 0.0322926 0.0282954 0.0227383 0.017353 0.0130922 0.0100311 0.00778666
 1.02744e-16 5.90058e-05 0.000573557 0.00381149 0.0173265 0.0539093 0.11486 0.167646 0.167668 0.114964 0.0542591 0.0183374 0.00635056 0.00612153 0.0106107 0.0174875 0.0252768 0.0319751 0.0355726 0.0351284 0.0313039 0.0258632 0.0205694 0.01635 0.0132212 0.0107543
 1.02266e-16 6.64304e-05 0.000645727 0.00429108 0.0195067 0.0606925 0.129312 0.188738 0.188752 0.129381 0.0609239 0.0201753 0.00597078 0.00431688 0.00705142 0.0115857 0.0167614 0.0212414 0.0237051 0.0235375 0.0211743 0.0177684 0.0144601 0.0118306 0.00986106 0.00824984
 1.00386e-16 7.86325e-05 0.000764336 0.00507928 0.0230897 0.0718406 0.153064 0.223402 0.223406 0.153082 0.0719003 0.0232623 0.00551256 0.00171031 0.00187554 0.00297708 0.004283 0.00539004 0.00594546 0.0057878 0.00503752 0.00401239 0.00303511 0.00228329 0.00176851 0.00141209
 1.01083e-16 3.59414e-05 0.000349363 0.00232164 0.0105539 0.0328373 0.0699654 0.102127 0.10218 0.07022 0.0336921 0.0130214 0.00851083 0.0138447 0.02562 0.0421769 0.0604691 0.0754408 0.0819636 0.0776721 0.0644043 0.0470316 0.0306525 0.0183029 0.010483 0.00612355
 1.01273e-16 7.61909e-05 0.000740603 0.00492157 0.0223727 0.0696099 0.148311 0.216465 0.216469 0.148328 0.0696671 0.0225386 0.00534026 0.00166264 0.00185074 0.00299991 0.00445506 0.00589407 0.00703286 0.00772162 0.00799643 0.0079916 0.00779539 0.007385 0.00668699 0.00568703
 1.01622e-16 5.31356e-05 0.000516497 0.00343231 0.0156028 0.0485462 0.103434 0.150972 0.151004 0.10359 0.0490702 0.0171154 0.00722655 0.00879048 0.015741 0.0258713 0.0371061 0.0463341 0.0504279 0.047958 0.0400674 0.0297435 0.020088 0.0129093 0.00844183 0.00595833
 1.03883e-16 5.46371e-05 0.000531092 0.0035293 0.0160437 0.049918 0.106356 0.155235 0.155257 0.106465 0.0502824 0.0170976 0.00617974 0.0063334 0.011122 0.0184241 0.026821 0.034318 0.0388902 0.0395555 0.0368834 0.0324709 0.0278535 0.0237492 0.0200884 0.0165411
 1.03512e-16 6.43185e-05 0.000625199 0.00415467 0.0188865 0.0587631 0.125201 0.182738 0.182753 0.125274 0.059006 0.0195887 0.00591939 0.00448452 0.00741436 0.0122097 0.0177103 0.0225426 0.0253501 0.025509 0.0234772 0.0204319 0.0175006 0.0151999 0.013418 0.0117774
 1.02335e-16 6.50102e-05 0.000631922 0.00419935 0.0190896 0.059395 0.126548 0.184704 0.18472 0.126628 0.0596641 0.0198668 0.00615064 0.00489307 0.00816202 0.013402 0.0193271 0.0243628 0.0269497 0.0263708 0.0231696 0.0187662 0.0145899 0.0114076 0.00923747 0.00769904
 1.05631e-16 2.95612e-05 0.000287345 0.00190951 0.00868039 0.0270082 0.0575457 0.0840001 0.0840505 0.0577917 0.0278343 0.0110669 0.00790162 0.0133737 0.024899 0.041158 0.0593831 0.0748743 0.0828418 0.081054 0.0711317 0.0573814 0.0441587 0.0338352 0.0265472 0.0212561
 1.0594e-16 6.41813e-05 0.000623865 0.0041458 0.0188462 0.0586376 0.124934 0.182347 0.182355 0.124976 0.0587782 0.0192542 0.00517757 0.00290148 0.00446391 0.00747199 0.0112104 0.0150454 0.0183517 0.020809 0.0225034 0.023688 0.0244255 0.0244583 0.0234113 0.0211208
 1.05242e-16 5.47648e-05 0.000532333 0.00353754 0.0160812 0.0500346 0.106605 0.155599 0.155625 0.106732 0.050461 0.0173127 0.00662869 0.00727951 0.012867 0.021182 0.0305059 0.0383702 0.0423126 0.0412365 0.0360841 0.0292096 0.0229605 0.0185587 0.0159335 0.0142969
 1.08084e-16 3.92655e-05 0.000381675 0.00253637 0.01153 0.0358742 0.0764351 0.111567 0.111602 0.0766074 0.0364529 0.013203 0.00674179 0.00958168 0.017569 0.0291324 0.0423112 0.0539359 0.0607765 0.0613123 0.0565662 0.049261 0.0420296 0.0361224 0.0313782 0.0270535
 1.06168e-16 6.31403e-05 0.000613746 0.00407856 0.0185405 0.0576866 0.122908 0.17939 0.179402 0.122965 0.0578782 0.0190954 0.00547669 0.00368335 0.00594444 0.00986316 0.0145219 0.0189378 0.0221452 0.0236976 0.0238825 0.0234088 0.0228345 0.0222209 0.0212365 0.0195265
 1.04256e-16 5.94645e-05 0.000578016 0.00384112 0.0174612 0.0543283 0.115753 0.168949 0.168971 0.115857 0.0546771 0.0184684 0.00636974 0.00609901 0.0105481 0.0173535 0.025018 0.0315215 0.0348549 0.0341139 0.0300429 0.0245264 0.019443 0.0157711 0.013466 0.0119282
 1.07753e-16 3.20707e-05 0.000311739 0.00207162 0.00941729 0.0293009 0.0624304 0.0911282 0.0911724 0.0626464 0.0300267 0.0115148 0.00734096 0.0118293 0.0219485 0.0363458 0.0526136 0.0667045 0.074491 0.0740436 0.0667225 0.0561345 0.0458484 0.0376872 0.0315979 0.0266396
 1.14553e-16 4.06752e-05 0.000395378 0.00262743 0.0119439 0.037162 0.0791784 0.115568 0.115589 0.0792812 0.0375081 0.0129475 0.00516187 0.00597891 0.0107944 0.0181735 0.0270967 0.0360127 0.0433276 0.0482698 0.0511939 0.0529891 0.0541273 0.0542158 0.0523802 0.0480373
 1.04686e-16 7.19403e-05 0.000699285 0.004647 0.0211246 0.0657264 0.140037 0.20439 0.204397 0.140069 0.0658339 0.0214355 0.00542939 0.00241339 0.00334586 0.00546755 0.00799081 0.0103152 0.0118917 0.0124986 0.0123714 0.0120171 0.0118535 0.0119602 0.0120972 0.0119161
 1.0336e-16 5.16546e-05 0.000502102 0.00333664 0.0151679 0.0471932 0.100551 0.146764 0.146796 0.100707 0.047717 0.0166803 0.00713119 0.00877977 0.0157554 0.0259212 0.037234 0.0466141 0.0509653 0.0488769 0.0414844 0.0317337 0.0226562 0.0159789 0.0118638 0.00953762
pSPR Fmed_Fpbrs
0.541696   0.6 0.325
Fs Fmed_Fpbrs
0.366206   0.299047 0.739717
SSBpbr Bo_Bmed_Bpbrs
1.51014e+06  742529  830577 415288
Ro
141833
SPR SPRFo_SPRFmed_SPRFpbrs
1.01353e+06 549027 329399
Fref
0.299047
Nvult_r0
 124672 62479.1 4085.65 1489.39 1947.69
CTP_r0
 21551.7 14136.2 939.672 342.847 448.365
YTP_r0
429909
Np
 164979 49245.7 14567.8 6454.54 532.415
Nvult_p0
 115733 35722.5 10592.4 4693.76 387.176
CTP_p0
 20006.5 8706.71 3955.44 256.686 119.05
 20006.5 8082.39 2436.18 1080.47 89.1295
YTP_p0
 389339 367597
CBA_c0
417738
log_Ro
11.6824
likeval ReclasPelacesDesembMPH_pf_preclas_ppelaces_ptallas_desvR_qrecl_qpela
 13.395 17.1054 0.0377519 0.000820595 238.403 127.006 100.377 0 24.1087 3.69017e-06 1.68702e-05 0.189394 7.74162e-16 0 0
q_reclas_q_pelaces
1.31215 1.78758
M
1
N
 171939 36443.7 93143.2 6253.44 0.229203
 94546 54944 11009.2 28018.8 1880.76
 95855.4 26831.9 14058.7 2795.11 7587.94
 146202 27336.7 6912.65 3594.34 2653.46
 118257 36513.8 5849.42 1462.05 1320.59
 213760 38252.2 11219.8 1790.45 851.557
 84058.6 62045.1 10100.8 2941.66 692.425
 35876.3 17929.1 10646.2 1705.04 612.901
 34947.6 12020.2 5787.02 3426.67 745.957
 47030.3 8845.12 2620.4 1247.49 898.93
 87984.9 10231.7 1560.33 455.021 372.393
 127288 28812.2 3198.5 486.068 257.703
 106393 29315.7 5504.35 602.517 140
 74377.5 25243.1 5838.54 1081.91 145.842
 68574.8 12747.8 3189.61 721.008 151.429
 371561 14495.8 2160.08 531.554 145.262
 76430.4 88899.2 2921.03 429.688 134.539
 596004 21336.7 22229.3 724.377 139.858
 338716 168439 5427.67 5610.13 218.018
 260264 86167.9 36983.7 1178.62 1264.83
 369658 67759.9 19542.2 8301.01 548.117
 503269 103754 17071.7 4883.72 2210.48
 99040.1 131708 23702.1 3860.29 1603.25
 294148 29740 36471.1 6523.43 1503.21
 245495 90376.7 8503.79 10372.2 2282.07
 110103 75480 25867 2420.82 3601.31
 247055 35040.7 22671.8 7735.89 1800.57
 276140 75852.9 10009.4 6441.16 2708.55
 82771.9 87135.5 22513.3 2957.16 2702.49
 66605 26483.2 26368.6 6784.39 1705.14
 283800 19992.3 7329.3 7253.14 2334.42
 177721 86131.4 5619.02 2048.1 2678.31
pred_Ctot
 14442.1 4186.6 10911.2 733.315 0.0268792
 13951.2 10890.3 2222.18 5660.97 380.012
 13905.2 5232.12 2791.89 555.613 1508.41
 30622.2 7551.55 1942.04 1010.7 746.165
 9119.97 3858.63 630.424 157.738 142.484
 29067 7010.21 2094.44 334.559 159.128
 23329.7 22238.9 3676.43 1071.56 252.242
 2039.66 1404.56 850.943 136.428 49.0437
 7104.85 3228.94 1581.2 937.119 204.012
 12673.1 3085.98 928.54 442.412 318.813
 6167.91 984.761 153.181 44.7174 36.5991
 31248.7 9226.8 1040.87 158.314 83.9382
 24740.3 8927.96 1703.96 186.681 43.3789
 26688.1 11392.7 2670.81 495.269 66.7646
 19280.6 4623.54 1174.64 265.742 55.8143
 85025.2 4349.24 658.836 162.268 44.3463
 11915.1 18570.8 621.288 91.4802 28.6447
 89214.7 4287.44 4548.61 148.367 28.6472
 68053.4 44748.5 1466.74 1517.42 58.9722
 49455.8 21721.2 9485.41 302.564 324.71
 56622.5 13918.9 4087.48 1737.92 114.761
 94387.5 25833.1 4324.92 1238.37 560.542
 11695.5 21068.8 3863.57 629.877 261.614
 31098 4274.14 5342.46 956.554 220.432
 25862.5 12944 1241.41 1515.7 333.499
 9500.38 8901.81 3110.66 291.42 433.552
 26215.7 5053.98 3332.96 1138.4 264.982
 25143.3 9427.44 1268.38 817.056 343.596
 6894.43 9928.34 2615.83 343.95 314.347
 7879.54 4243.84 4305.73 1108.93 278.727
 31894.5 3048.52 1138.97 1128.27 363.154
 21550.7 14135.6 939.629 342.831 448.345
F
 0.140826 0.197036 0.201264 0.201492 0.201503
 0.259495 0.36307 0.370861 0.371281 0.371303
 0.254612 0.356238 0.363883 0.364294 0.364316
 0.387299 0.541886 0.553513 0.554139 0.554172
 0.128659 0.180012 0.183875 0.184083 0.184094
 0.236995 0.331589 0.338705 0.339088 0.339108
 0.545088 0.762655 0.779021 0.779901 0.779948
 0.0934918 0.130808 0.133615 0.133766 0.133774
 0.373985 0.523259 0.534487 0.535091 0.535123
 0.525298 0.734967 0.750738 0.751586 0.751631
 0.116365 0.162811 0.166305 0.166493 0.166503
 0.468331 0.655261 0.669322 0.670079 0.670119
 0.438584 0.613641 0.626809 0.627518 0.627555
 0.763793 1.06865 1.09159 1.09282 1.09289
 0.554065 0.775215 0.79185 0.792746 0.792793
 0.43021 0.601925 0.614841 0.615536 0.615573
 0.27595 0.386093 0.394378 0.394824 0.394848
 0.263676 0.36892 0.376836 0.377262 0.377284
 0.368864 0.516093 0.527168 0.527764 0.527795
 0.345727 0.483721 0.494101 0.494659 0.494689
 0.270556 0.378547 0.386669 0.387107 0.38713
 0.340537 0.476459 0.486683 0.487233 0.487262
 0.203031 0.284068 0.290164 0.290492 0.290509
 0.180097 0.251982 0.257389 0.25768 0.257695
 0.17941 0.25102 0.256406 0.256696 0.256712
 0.144907 0.202745 0.207096 0.20733 0.207342
 0.180815 0.252986 0.258415 0.258707 0.258722
 0.153443 0.214689 0.219296 0.219544 0.219557
 0.139579 0.195291 0.199482 0.199708 0.19972
 0.203432 0.28463 0.290737 0.291066 0.291084
 0.192397 0.269191 0.274967 0.275278 0.275294
 0.208985 0.2924 0.298675 0.299012 0.29903
YTP_r0W_actual
 161422 221514 21734.6 10069.4 15168.2
YTP_p0W_proyectada
 149849 136434 91489.4 7538.87 4027.45
 149849 126651 56348.9 31733.5 3015.25
CTP_r0_actual
 21551.7 14136.2 939.672 342.847 448.365
CTP_p0_proyectada
 20006.5 8706.71 3955.44 256.686 119.05
 20006.5 8082.39 2436.18 1080.47 89.1295
Wmedp
 7.49 15.67 23.13 29.37 33.83
Frms_r0
 0.208996 0.292415 0.29869 0.299028 0.299046
Zrms_r0
 1.209 1.29242 1.29869 1.29903 1.29905
nmprior
 8.1 8.7 8.6 0
nm_flota  nm_reclas  nm_pelaces    nm_pelaL
inf 13.4044 16.3688 37.8637
cv_recla  cv_pelaces  cv_mph
0.323775 0.468963 0.884035
 ------------------------------------------------
Talla a la edad & desviaci?n 
 8 13.2811 15.8009 17.003 17.5766
 0.8 1.32811 1.58009 1.7003 1.75766
