years
 1991 1992 1993 1994 1995 1996 1997 1998 1999 2000 2001 2002 2003 2004 2005 2006 2007 2008 2009 2010 2011 2012 2013 2014 2015 2016 2017 2018 2019 2020
reclasobs
 0 0 0 0 0 0 0 0 0 252601 567819 844713 477998 351125 339783 2.1784e+06 2.13404e+06 4.81314e+06 1.55562e+06 2.62356e+06 3.21686e+06 3.843e+06 1.13348e+06 3.07943e+06 1.97215e+06 2.03268e+06 2.025e+06 2.42433e+06 2.27542e+06 1.05018e+06
reclaspred
 3.15376e+06 1.72108e+06 869782 888764 900240 1.54688e+06 870347 759453 541695 368781 502018 679250 657459 486128 482390 1.34308e+06 1.20576e+06 3.12206e+06 2.46777e+06 1.76045e+06 3.04285e+06 2.50345e+06 1.90629e+06 3.02426e+06 2.23442e+06 1.9766e+06 2.37503e+06 2.59788e+06 2.04299e+06 1.22973e+06
pelacesobs
 0 0 0 0 0 0 0 0 0 0 0 0 0 0 0 552880 188675 0 991730 2.46772e+06 1.41603e+06 1.21717e+06 2.29649e+06 1.80582e+06 0 1.4828e+06 1.56532e+06 1.57751e+06 1.42118e+06 867257
pelacespred
 1.86096e+06 1.10755e+06 544575 442098 490614 856767 433634 499654 327166 203267 294466 331253 355440 265103 271397 633593 603361 1.76605e+06 1.44835e+06 950978 1.61991e+06 1.40202e+06 1.1172e+06 1.90808e+06 1.38013e+06 1.22863e+06 1.64386e+06 1.61691e+06 1.20161e+06 823201
mphobs
 0 0 0 0 0 0 0 0 0 0 0 498337 0 5186 125008 0 168611 109162 213762 579715 649985 157893 87575 83554 210694 70296 0 107559 103333 445601
mphpred
 412827 274781 131793 72989.9 79520.2 95454 129902 69843.9 64059 40691 25118.9 51754.2 55203.1 44284.4 27013.2 34932.5 128338 114695 265905 185275 190819 233817 225633 180093 260444 212981 174497 187827 272912 175378
desembarqueobs
 494567 514787 250237 358949 120608 361735 552515 73892 212993 205616 52469 317467 293654 387597 252695 516296 358380 742168 942051 627588 828172 859565 418607 520667 417249 300574 415391 372974 316634 284311
desembarquepred
 494570 513924 250641 358981 120613 361741 552536 73897.1 213052 205670 52471.7 317527 293690 387581 252672 516227 358407 742010 941738 627358 828253 859548 418609 520692 417238 300571 415384 372945 316621 284321
Reclutas
 167809 94483.9 94666.6 143030 116168 210096 84106 36365.2 35224.9 46899.2 88868.9 126971 104536 74554.2 68928.9 368708 75013.3 603349 330469 258082 360928 506014 98628.2 289406 245239 110103 242722 279024 76760.3 59328.1
log_desv_Rt
 0.210928 -0.36347 -0.361538 0.0511566 -0.156861 0.435664 -0.479822 -1.31829 -1.35015 -1.0639 -0.424737 -0.0679418 -0.262373 -0.600374 -0.678823 0.998104 -0.594235 1.4906 0.888612 0.641377 0.976779 1.31467 -0.320543 0.755931 0.590332 -0.210483 0.580017 0.719398 -0.571212 -0.828816
SSB
 2.04697e+06 1.36248e+06 653485 361913 394294 473300 644108 346315 317630 201763 124550 256618 273719 219580 133942 173210 636353 568702 1.31847e+06 918668 946159 1.15936e+06 1.11878e+06 892976 1.29139e+06 1.05605e+06 865228 931322 1.35321e+06 869595
BT
 2.88486e+06 1.97256e+06 965354 908179 767168 1.51107e+06 1.07641e+06 753473 659634 477778 461047 727876 762397 775967 639734 1.32996e+06 1.10257e+06 3.18168e+06 2.90356e+06 1.8632e+06 2.95012e+06 2.73526e+06 1.87799e+06 3.17574e+06 2.26529e+06 1.94143e+06 2.73295e+06 2.60999e+06 1.86931e+06 1.38546e+06
Ftot
 0.205485 0.380213 0.373896 0.568003 0.189347 0.345697 0.801489 0.136163 0.538895 0.753092 0.164277 0.663141 0.628692 1.0939 0.785222 0.612513 0.398977 0.372134 0.526878 0.497604 0.393153 0.49153 0.292842 0.259391 0.259 0.208301 0.260324 0.218057 0.200644 0.303648
BD_Bspro_t
 0.967776 0.779207 0.573184 0.473286 0.465685 0.560521 0.559305 0.364954 0.425543 0.365663 0.322031 0.580431 0.457807 0.359277 0.246606 0.299165 0.492162 0.451622 0.588989 0.470389 0.432039 0.479652 0.499174 0.481992 0.604842 0.613616 0.620831 0.664564 0.724406 0.635376
BD_Bspro
 2.11598 1.40842 0.675519 0.374116 0.407588 0.489258 0.665826 0.357992 0.32834 0.208566 0.128749 0.265271 0.282948 0.226984 0.138459 0.17905 0.65781 0.587878 1.36292 0.949643 0.978062 1.19845 1.1565 0.923085 1.33493 1.09166 0.894402 0.962725 1.39884 0.898916
BD_Bo
 1.42856 0.950865 0.456063 0.252577 0.275175 0.330313 0.449519 0.241691 0.221672 0.140809 0.0869224 0.179092 0.191027 0.153244 0.0934776 0.120882 0.444107 0.396894 0.920149 0.641132 0.660319 0.809109 0.780789 0.623202 0.901252 0.737009 0.603837 0.649964 0.944396 0.606885
BD_Brms
 2.59739 1.72885 0.829206 0.459231 0.500318 0.600569 0.817307 0.439438 0.40304 0.256016 0.158041 0.325622 0.347322 0.278625 0.169959 0.219785 0.807467 0.721625 1.673 1.16569 1.20058 1.47111 1.41962 1.13309 1.63864 1.34002 1.09789 1.18175 1.71708 1.10343
Sel_flota
 0.709479 0.978903 0.998867 0.99994 0.999997
 0.709479 0.978903 0.998867 0.99994 0.999997
 0.709479 0.978903 0.998867 0.99994 0.999997
 0.709479 0.978903 0.998867 0.99994 0.999997
 0.709479 0.978903 0.998867 0.99994 0.999997
 0.709479 0.978903 0.998867 0.99994 0.999997
 0.709479 0.978903 0.998867 0.99994 0.999997
 0.709479 0.978903 0.998867 0.99994 0.999997
 0.709479 0.978903 0.998867 0.99994 0.999997
 0.709479 0.978903 0.998867 0.99994 0.999997
 0.709479 0.978903 0.998867 0.99994 0.999997
 0.709479 0.978903 0.998867 0.99994 0.999997
 0.709479 0.978903 0.998867 0.99994 0.999997
 0.709479 0.978903 0.998867 0.99994 0.999997
 0.709479 0.978903 0.998867 0.99994 0.999997
 0.709479 0.978903 0.998867 0.99994 0.999997
 0.709479 0.978903 0.998867 0.99994 0.999997
 0.709479 0.978903 0.998867 0.99994 0.999997
 0.709479 0.978903 0.998867 0.99994 0.999997
 0.709479 0.978903 0.998867 0.99994 0.999997
 0.709479 0.978903 0.998867 0.99994 0.999997
 0.709479 0.978903 0.998867 0.99994 0.999997
 0.709479 0.978903 0.998867 0.99994 0.999997
 0.709479 0.978903 0.998867 0.99994 0.999997
 0.709479 0.978903 0.998867 0.99994 0.999997
 0.709479 0.978903 0.998867 0.99994 0.999997
 0.709479 0.978903 0.998867 0.99994 0.999997
 0.709479 0.978903 0.998867 0.99994 0.999997
 0.709479 0.978903 0.998867 0.99994 0.999997
 0.709479 0.978903 0.998867 0.99994 0.999997
Sel_reclas
 1 1 1 1 1
 1 1 1 1 1
 1 1 1 1 1
 1 1 1 1 1
 1 1 1 1 1
 1 1 1 1 1
 1 1 1 1 1
 1 1 1 1 1
 1 1 1 1 1
 1 1 1 1 1
 1 1 1 1 1
 1 1 1 1 1
 1 1 1 1 1
 1 1 1 1 1
 1 1 1 1 1
 1 1 1 1 1
 1 1 1 1 1
 1 1 1 1 1
 1 1 1 1 1
 1 1 1 1 1
 1 1 1 1 1
 1 1 1 1 1
 1 1 1 1 1
 1 1 1 1 1
 1 1 1 1 1
 1 1 1 1 1
 1 1 1 1 1
 1 1 1 1 1
 1 1 1 1 1
 1 1 1 1 1
Sel_pelaces
 0.884508 0.974711 0.994871 0.998977 0.999796
 0.884508 0.974711 0.994871 0.998977 0.999796
 0.884508 0.974711 0.994871 0.998977 0.999796
 0.884508 0.974711 0.994871 0.998977 0.999796
 0.884508 0.974711 0.994871 0.998977 0.999796
 0.884508 0.974711 0.994871 0.998977 0.999796
 0.884508 0.974711 0.994871 0.998977 0.999796
 0.884508 0.974711 0.994871 0.998977 0.999796
 0.884508 0.974711 0.994871 0.998977 0.999796
 0.884508 0.974711 0.994871 0.998977 0.999796
 0.884508 0.974711 0.994871 0.998977 0.999796
 0.884508 0.974711 0.994871 0.998977 0.999796
 0.884508 0.974711 0.994871 0.998977 0.999796
 0.884508 0.974711 0.994871 0.998977 0.999796
 0.884508 0.974711 0.994871 0.998977 0.999796
 0.884508 0.974711 0.994871 0.998977 0.999796
 0.884508 0.974711 0.994871 0.998977 0.999796
 0.884508 0.974711 0.994871 0.998977 0.999796
 0.884508 0.974711 0.994871 0.998977 0.999796
 0.884508 0.974711 0.994871 0.998977 0.999796
 0.884508 0.974711 0.994871 0.998977 0.999796
 0.884508 0.974711 0.994871 0.998977 0.999796
 0.884508 0.974711 0.994871 0.998977 0.999796
 0.884508 0.974711 0.994871 0.998977 0.999796
 0.884508 0.974711 0.994871 0.998977 0.999796
 0.884508 0.974711 0.994871 0.998977 0.999796
 0.884508 0.974711 0.994871 0.998977 0.999796
 0.884508 0.974711 0.994871 0.998977 0.999796
 0.884508 0.974711 0.994871 0.998977 0.999796
 0.884508 0.974711 0.994871 0.998977 0.999796
pf_obs 
 0.8446 0.082 0.0669 0.0065 0
 0.8095 0.147 0.0364 0.0071 0
 0.9664 0.0169 0.016 0.0007 0
 0.9276 0.0648 0.0075 0.0001 0
 0.7033 0.2144 0.0806 0.0017 0
 0.9318 0.0425 0.0243 0.0014 0
 0.5671 0.3108 0.0964 0.0239 0.0018
 0.0768 0.2599 0.5324 0.112 0.0189
 0.490249 0.384438 0.106611 0.0170017 0.00170017
 0.7925 0.1577 0.0466 0.003 0.0002
 0.840416 0.127587 0.0312969 0.00059994 9.999e-05
 0.8084 0.0986 0.0794 0.0134 0.0002
 0.7335 0.1905 0.0724 0.0035 0.0001
 0.4001 0.4547 0.1325 0.0127 0
 0.49795 0.308269 0.164784 0.0264974 0.00249975
 0.9179 0.0499 0.0305 0.0017 0
 0.2467 0.6533 0.0926 0.0074 0
 0.9418 0.0223 0.034 0.0019 0
 0.707729 0.231977 0.0356964 0.0245975 0
 0.517169 0.277429 0.184464 0.0207286 0.00020938
 0.811772 0.124168 0.05621 0.00726502 0.000585176
 0.764997 0.148141 0.077277 0.00933861 0.000247198
 0.163321 0.427699 0.378323 0.0303852 0.000271297
 0.753843 0.0900009 0.118128 0.0371064 0.000921714
 0.721811 0.176058 0.0630433 0.0369309 0.00215725
 0.143369 0.312575 0.442814 0.0836902 0.0175525
 0.692698 0.0596174 0.167031 0.0765114 0.00414204
 0.394062 0.376323 0.152708 0.0712218 0.00568511
 0.125707 0.32114 0.495352 0.0537591 0.00404204
 0.23352 0.215282 0.420074 0.123614 0.00750983
pf_pred 
 0.47917 0.139176 0.357517 0.0241367 8.65847e-07
 0.431091 0.322652 0.0668614 0.168062 0.0113335
 0.585417 0.217655 0.112885 0.0228398 0.0612032
 0.734773 0.178608 0.0460031 0.0232956 0.0173206
 0.663372 0.271398 0.0443118 0.0111171 0.00980119
 0.756417 0.178899 0.0523696 0.0083685 0.00394587
 0.471574 0.432278 0.0710603 0.020316 0.00477107
 0.470551 0.308163 0.181997 0.0290495 0.0102394
 0.551934 0.24839 0.117246 0.0678087 0.0146217
 0.729119 0.17595 0.0532511 0.0244879 0.0171922
 0.839605 0.129457 0.0203022 0.00597007 0.00466549
 0.748494 0.221321 0.0244642 0.00375564 0.00196516
 0.69398 0.250737 0.0488098 0.00524771 0.0012253
 0.653488 0.26864 0.0641192 0.0121443 0.00160816
 0.76428 0.178654 0.0445781 0.0102855 0.00220204
 0.94238 0.0481285 0.00724499 0.0017554 0.000490958
 0.382898 0.593081 0.0201536 0.0029531 0.000914295
 0.911953 0.0416849 0.0445992 0.00147937 0.000283515
 0.581903 0.392178 0.0124257 0.0129809 0.000512443
 0.61336 0.2605 0.118513 0.0036591 0.00396801
 0.741593 0.181403 0.052312 0.0232013 0.00149108
 0.756156 0.196809 0.0332589 0.00936244 0.00441358
 0.315536 0.561829 0.099467 0.0163888 0.006779
 0.743812 0.10164 0.127376 0.0220434 0.005128
 0.624571 0.302645 0.0292701 0.035871 0.00764267
 0.433012 0.398236 0.13664 0.0129233 0.0191891
 0.728638 0.140707 0.0923646 0.0310107 0.00727931
 0.688722 0.246893 0.0337498 0.021665 0.00897049
 0.328688 0.508282 0.129903 0.0173744 0.0157525
 0.425245 0.234454 0.259019 0.0647813 0.0165005
pobs_RECLAS
 0 0 0 0 0
 0 0 0 0 0
 0 0 0 0 0
 0 0 0 0 0
 0 0 0 0 0
 0 0 0 0 0
 0 0 0 0 0
 0 0 0 0 0
 0 0 0 0 0
 0 0 0 0 0
 0.991045 0.00858322 0.000360255 1.14367e-05 0
 0.934742 0.0480273 0.0164251 0.00080598 0
 0.827803 0.169806 0.00239088 0 0
 0.941827 0.0461693 0.0120037 0 0
 0.791401 0.0380133 0.147996 0.0225897 0
 0.846168 0.0940531 0.0597789 0 0
 0.134021 0.677848 0.182769 0.00536245 0
 0.80878 0.0450904 0.141981 0.00414843 0
 0.846168 0.0940531 0.0597789 0 0
 0.905697 0.0802665 0.012482 0.00150086 5.37128e-05
 0.989698 0.0102097 9.19794e-05 0 0
 0.975433 0.0193895 0.00387452 0.00125025 5.28907e-05
 0.303575 0.632131 0.0575291 0.00676475 0
 0.966965 0.00978017 0.0227588 0.000495775 0
 0.843318 0.132988 0.00938335 0.0141283 0.000182051
 0.564624 0.303363 0.111486 0.0197234 0.00080311
 0.826376 0.0876187 0.0782897 0.00655872 0.00115652
 0.89761 0.0855135 0.0140674 0.00269457 0.000114338
 0.34875 0.467042 0.161289 0.0227151 0.000203297
 0.318654 0.224769 0.449479 0.00709798 0
ppred_RECLAS
 0.564372 0.118179 0.297393 0.0200557 7.19407e-07
 0.51621 0.276969 0.0562001 0.141106 0.00951516
 0.665489 0.177411 0.090099 0.0182092 0.0487918
 0.796777 0.13784 0.0347438 0.0175737 0.0130655
 0.732844 0.216255 0.0345901 0.00866858 0.00764208
 0.813114 0.138026 0.0395674 0.00631571 0.00297778
 0.559966 0.361451 0.0580976 0.0165902 0.00389583
 0.553762 0.261967 0.151584 0.0241688 0.00851851
 0.635791 0.203879 0.0941875 0.0544107 0.011732
 0.793554 0.135164 0.0400062 0.0183754 0.0129
 0.879245 0.0978533 0.0150345 0.00441623 0.003451
 0.808061 0.169348 0.018313 0.00280807 0.00146924
 0.762318 0.195511 0.037238 0.00399894 0.000933661
 0.732275 0.208669 0.0486374 0.00920036 0.00121824
 0.822251 0.135452 0.0330497 0.00761647 0.00163052
 0.958519 0.0347733 0.00512191 0.00123956 0.000346664
 0.464333 0.515238 0.0171431 0.00250915 0.000776801
 0.935916 0.0306765 0.0321388 0.00106486 0.000204064
 0.661586 0.317865 0.00985726 0.0102859 0.000406029
 0.691185 0.209516 0.0933019 0.00287743 0.00312015
 0.801218 0.140433 0.0396529 0.0175671 0.00112892
 0.813496 0.151155 0.025004 0.00703066 0.00331415
 0.391566 0.501289 0.0869219 0.0143059 0.00591711
 0.803335 0.0790113 0.0969873 0.0167659 0.00390006
 0.698871 0.24375 0.0230907 0.0282669 0.00602219
 0.515958 0.342074 0.114977 0.0108626 0.0161283
 0.790288 0.109842 0.070625 0.0236857 0.00555954
 0.75511 0.195081 0.0261229 0.0167507 0.0069353
 0.405631 0.452287 0.113238 0.0151289 0.0137158
 0.51035 0.202238 0.218822 0.0546672 0.0139235
pobs_PELACES
 0 0 0 0 0
 0 0 0 0 0
 0 0 0 0 0
 0 0 0 0 0
 0 0 0 0 0
 0 0 0 0 0
 0 0 0 0 0
 0 0 0 0 0
 0 0 0 0 0
 0 0 0 0 0
 0 0 0 0 0
 0 0 0 0 0
 0 0 0 0 0
 0 0 0 0 0
 0 0 0 0 0
 0 0 0 0 0
 0.505614 0.472636 0.0217494 0 0
 0 0 0 0 0
 0.443492 0.261883 0.143347 0.151278 0
 0.227955 0.32914 0.350689 0.0885471 0.00366901
 0.970185 0.0296113 0.000203453 0 0
 0.997202 0.00247181 0.000326279 0 0
 0.445219 0.490057 0.0546422 0.010081 0
 0.90214 0.0892962 0.00764917 0.000914606 0
 0 0 0 0 0
 0.581667 0.319106 0.0959925 0.00289975 0.000334073
 0.762889 0.0836404 0.116647 0.0363945 0.000428098
 0.88444 0.0763242 0.0277011 0.0115352 0
 0.521256 0.241999 0.230069 0.00667565 0
 0.616807 0.101726 0.260614 0.0208532 0
ppred_PELACES
 0.541387 0.122666 0.314641 0.0213049 7.64842e-07
 0.498141 0.284741 0.0588247 0.148286 0.0100074
 0.64898 0.18442 0.0953605 0.0193495 0.0518896
 0.788115 0.142846 0.0366132 0.0185919 0.0138338
 0.716031 0.228954 0.0373323 0.00939376 0.00828815
 0.802024 0.145486 0.0424718 0.00680645 0.00321177
 0.552865 0.366213 0.059764 0.0171316 0.00402621
 0.53057 0.273264 0.161246 0.0258143 0.00910591
 0.622392 0.209647 0.0985048 0.0571287 0.012328
 0.787565 0.13825 0.0415593 0.0191624 0.0134633
 0.869755 0.105122 0.0164675 0.00485684 0.00379841
 0.801757 0.174561 0.0191832 0.00295293 0.00154629
 0.754214 0.201571 0.0390243 0.00420712 0.000983062
 0.731697 0.208474 0.0492407 0.00934929 0.00123895
 0.81765 0.138421 0.0342948 0.00793383 0.00169983
 0.956672 0.0362186 0.0054232 0.00131761 0.000368789
 0.448865 0.529739 0.0179429 0.00263668 0.000816946
 0.931361 0.0325456 0.034717 0.00115488 0.000221495
 0.649977 0.328385 0.0103581 0.0108511 0.000428688
 0.678557 0.216855 0.0982449 0.00304184 0.00330111
 0.790196 0.147382 0.0423661 0.0188439 0.00121195
 0.804704 0.157724 0.0265441 0.00749323 0.00353506
 0.373966 0.514022 0.0907979 0.015004 0.00621089
 0.789434 0.0836115 0.104578 0.018151 0.00422571
 0.682169 0.25622 0.0247318 0.030398 0.0064815
 0.494843 0.354897 0.121588 0.0115337 0.0171387
 0.776109 0.116152 0.0760963 0.0256236 0.00601931
 0.739623 0.206523 0.0281867 0.0181472 0.00751962
 0.385526 0.465333 0.118756 0.0159305 0.0144544
 0.489956 0.208257 0.229536 0.0575743 0.0146759
pobs_pel_tallas
 0 0 0 0 0 0 0 0 0 0 0 0 0 0 0 0 0 0 0 0 0 0 0 0 0 0
 0 0 0 0 0 0 0 0 0 0 0 0 0 0 0 0 0 0 0 0 0 0 0 0 0 0
 0 0 0 0 0 0 0 0 0 0 0 0 0 0 0 0 0 0 0 0 0 0 0 0 0 0
 0 0 0 0 0 0 0 0 0 0 0 0 0 0 0 0 0 0 0 0 0 0 0 0 0 0
 0 0 0 0 0 0 0 0 0 0 0 0 0 0 0 0 0 0 0 0 0 0 0 0 0 0
 0 0 0 0 0 0 0 0 0 0 0 0 0 0 0 0 0 0 0 0 0 0 0 0 0 0
 0 0 0 0 0 0 0 0 0 0 0 0 0 0 0 0 0 0 0 0 0 0 0 0 0 0
 0 0 0 0 0 0 0 0 0 0 0 0 0 0 0 0 0 0 0 0 0 0 0 0 0 0
 0 0 0 0 0 0 0 0 0 0 0 0 0 0 0 0 0 0 0 0 0 0 0 0 0 0
 0 0 0 0 0 0 0 0 0 0 0 0 0 0 0 0 0 0 0 0 0 0 0 0 0 0
 0 0 0 0 0 0 0 0 0 0 0 0 0 0 0 0 0 0 0 0 0 0 0 0 0 0
 0 0 0 0 0 0 0 0 0 0 0 0 0 0 0 0 0 0 0 0 0 0 0 0 0 0
 0.00862536 0 0 0.000197151 0.00414017 0.0128641 0.00837892 0.0270097 0.101434 0.158115 0.152841 0.127902 0.109271 0.109419 0.0830992 0.0579132 0.0238553 0.00714673 0.00463305 0.00128148 0.00103504 0.000492878 0.000147863 0.000147863 4.92878e-05 0
 0 0 0 0 0 0 0 0 0 0 0 0 0 0 0 0 0 0 0 0 0 0 0 0 0 0
 0 0 0 0 0 0 0 0.0054083 0.00873648 0.0413646 0.0450493 0.0745869 0.0622846 0.0627006 0.0613931 0.0827291 0.12552 0.122667 0.0946155 0.0697135 0.0546179 0.0294188 0.0215738 0.0213955 0.0102223 0.00600262
 0 0 0 0 0.00359764 0.0251062 0.0480494 0.140153 0.205849 0.193036 0.1447 0.116669 0.0760912 0.0342217 0.00950174 0.001854 0.000860785 0 0 0 0.000165536 0 0.000143464 0 0 0
 0 0 0 0 0 0 0 0.000145254 0.000435761 0.0275982 0.070085 0.0708112 0.156366 0.174668 0.174014 0.160142 0.0824315 0.0480064 0.0283245 0.00493863 0.00203355 0 0 0 0 0
 0 0 0 0 0 0 0 0 0 0 0 0 0 0 0 0 0 0 0 0 0 0 0 0 0 0
 0 0 1.00437e-05 0.000401748 0.00122533 0.00171747 0.00176769 0.0269171 0.070346 0.194647 0.189555 0.159765 0.064822 0.0314167 0.0384472 0.0292271 0.0345202 0.0313363 0.0194345 0.0106764 0.0143323 0.0359363 0.0279516 0.0138201 0.00172751 0
 0 0.0021121 0.0136068 0.0755702 0.200478 0.177729 0.0527432 0.0373336 0.0318909 0.0142505 0.0149659 0.0166563 0.0217959 0.0798694 0.0677717 0.0528807 0.04013 0.0224614 0.0357745 0.0225083 0.00881397 0.00855152 0.00135912 0.000746735 0 0
 0 0 0 0 5.4009e-05 0.00500934 0.000945158 0.0243581 0.138947 0.33067 0.221406 0.137944 0.0707744 0.0437923 0.0131692 0.00525238 0.0047753 0.00276346 9.45158e-05 9.00151e-06 2.25038e-05 9.00151e-06 4.50075e-06 0 0 0
 0.000866109 0.00284123 0.00948549 0.0512746 0.133035 0.25785 0.225252 0.132002 0.0553304 0.0519788 0.0540692 0.017754 0.00435017 0.00159236 0.00146478 0.000404838 0.000125132 0.000115318 0.000107957 0.000100596 0 0 0 0 0 0
 0 0 0 0 0.00144013 0.00171154 0.00461396 0.0210425 0.0478622 0.0707936 0.0888783 0.103762 0.0637923 0.0337046 0.0602308 0.124433 0.169614 0.0934646 0.0462172 0.0250306 0.0313229 0.00938855 0.002487 0.000210481 0 0
 0 0.00764035 0.051015 0.0998891 0.058973 0.0496711 0.0374665 0.0718981 0.12319 0.153886 0.159021 0.0857701 0.0377988 0.023471 0.0147837 0.00900784 0.00315554 0.000888139 0.00291439 0.00214683 0.00393193 0.00274676 0.000635225 9.99891e-05 0 0
 0 0 0 0 0 0 0 0 0 0 0 0 0 0 0 0 0 0 0 0 0 0 0 0 0 0
 0 0 0 0 0 0 0 0 0 0 0 0 0 0 0 0 0 0 0 0 0 0 0 0 0 0
 0 0 0 0 0 0 0 0 0 0 0 0 0 0 0 0 0 0 0 0 0 0 0 0 0 0
 0 0 0 0 0 0 0 0 0 0 0 0 0 0 0 0 0 0 0 0 0 0 0 0 0 0
 0 0 0 0 0 0 0 0 0 0 0 0 0 0 0 0 0 0 0 0 0 0 0 0 0 0
 0 0 0 0 0 0 0 0 0 0 0 0 0 0 0 0 0 0 0 0 0 0 0 0 0 0
ppred_pel_tallas
 1.11248e-16 4.45934e-05 0.000433463 0.00288052 0.0130944 0.0407417 0.0868049 0.126697 0.126709 0.0868651 0.0409453 0.0136886 0.00439431 0.00381173 0.00667591 0.0115265 0.0179018 0.025216 0.0327997 0.0401835 0.0470869 0.0530521 0.0571311 0.0580828 0.0550483 0.0481848
 1.18335e-16 4.10313e-05 0.000398839 0.00265043 0.0120485 0.0374874 0.0798719 0.116581 0.116609 0.0800064 0.0379394 0.0133551 0.00593486 0.00758491 0.0137387 0.0227873 0.0331722 0.0425115 0.0484705 0.0501419 0.0486406 0.0463067 0.0451194 0.0455475 0.0465553 0.0465
 1.13521e-16 5.34557e-05 0.000519608 0.00345298 0.0156968 0.0488386 0.104056 0.151877 0.151895 0.104144 0.0491327 0.0165481 0.00559596 0.00521823 0.00903791 0.0150188 0.0220166 0.028517 0.0330239 0.0348947 0.0347042 0.0337584 0.0331551 0.0331463 0.0331951 0.0325034
 1.05299e-16 6.4916e-05 0.000631007 0.00419326 0.019062 0.0593089 0.126364 0.184436 0.184449 0.126432 0.0595355 0.0197168 0.00583878 0.00422894 0.00691532 0.0113761 0.0164938 0.0209864 0.0236013 0.0237858 0.022013 0.0194334 0.0171354 0.0155929 0.0146316 0.0137735
 1.03481e-16 5.89786e-05 0.000573293 0.00380973 0.0173185 0.0538844 0.114807 0.167569 0.167591 0.114915 0.0542467 0.018365 0.00643692 0.00631012 0.0109592 0.0180378 0.0260105 0.0327786 0.0362444 0.0354459 0.0311234 0.0252017 0.0196186 0.0154141 0.0126083 0.0106707
 1.0249e-16 6.60617e-05 0.000642143 0.00426727 0.0193984 0.0603557 0.128595 0.187691 0.187705 0.128663 0.0605864 0.0200654 0.00594332 0.00430656 0.00704181 0.0115796 0.0167739 0.021301 0.0238518 0.0238134 0.0216085 0.0183621 0.0151796 0.0126142 0.0106362 0.00895359
 1.04218e-16 4.55389e-05 0.000442654 0.00294159 0.0133721 0.0416057 0.0886466 0.12939 0.129425 0.0888192 0.0421851 0.0150458 0.00714349 0.0096178 0.0174778 0.0288407 0.0415851 0.0523863 0.0578805 0.0565124 0.0494467 0.039745 0.0305013 0.0233958 0.0185041 0.015044
 1.08853e-16 4.37024e-05 0.000424803 0.00282297 0.0128328 0.0399278 0.0850713 0.12417 0.124196 0.0852011 0.040364 0.0140953 0.00600147 0.00739501 0.0133738 0.0222819 0.0326575 0.0422461 0.0487429 0.0510373 0.0497608 0.0466231 0.0431296 0.0397615 0.0361303 0.0317091
 1.10712e-16 5.12656e-05 0.00049832 0.00331151 0.0150537 0.0468377 0.0997934 0.145656 0.145676 0.0998928 0.0471718 0.0160205 0.00574484 0.00583162 0.0102437 0.0170224 0.0249186 0.0321979 0.0371324 0.0389593 0.0382968 0.0365957 0.0350817 0.034049 0.0329501 0.0310135
 1.05435e-16 6.48707e-05 0.000630566 0.00419033 0.0190487 0.0592675 0.126276 0.184307 0.18432 0.126342 0.059487 0.0196832 0.00578521 0.00411934 0.00671206 0.0110509 0.0160501 0.0204802 0.0231399 0.0234974 0.0219983 0.0197256 0.017689 0.0163051 0.0153793 0.0144509
 1.01633e-16 7.16406e-05 0.000696372 0.00462764 0.0210366 0.0654527 0.139454 0.20354 0.20355 0.139504 0.065619 0.021517 0.00583369 0.00332984 0.00507502 0.0082819 0.0119363 0.0150384 0.0166225 0.0162478 0.0142566 0.0115362 0.0089792 0.00706422 0.00579809 0.00493217
 1.01157e-16 6.60397e-05 0.000641929 0.00426584 0.0193919 0.0603356 0.128552 0.187629 0.187646 0.128634 0.0606114 0.0201885 0.00626493 0.00500436 0.00834641 0.0136814 0.0196727 0.0246761 0.0270614 0.0260747 0.0222834 0.0171927 0.0123522 0.00864702 0.0061794 0.00460175
 1.01767e-16 6.21237e-05 0.000603864 0.00401289 0.018242 0.0567578 0.120929 0.176504 0.176523 0.121024 0.0570769 0.0191638 0.00632734 0.00565862 0.00966868 0.015903 0.0229414 0.0289272 0.0320039 0.0313019 0.0274362 0.0220584 0.0168447 0.0127165 0.00974672 0.00756501
 1.02622e-16 6.0269e-05 0.000585836 0.00389309 0.0176974 0.0550634 0.117319 0.171235 0.171255 0.117417 0.0553937 0.0186519 0.00629043 0.00582421 0.0100234 0.0165131 0.0238695 0.0301983 0.0336025 0.0331943 0.0295978 0.0244772 0.0194947 0.015523 0.0125751 0.0102449
 1.02109e-16 6.73488e-05 0.000654654 0.00435041 0.0197763 0.0615316 0.1311 0.191347 0.191361 0.131165 0.061751 0.0204103 0.00594296 0.00413507 0.00668865 0.0109808 0.0158811 0.0201161 0.0224315 0.0222436 0.019968 0.0167034 0.0135383 0.0110308 0.00916654 0.00765818
 1.00361e-16 7.87998e-05 0.000765962 0.00509009 0.0231388 0.0719934 0.15339 0.223877 0.223881 0.153407 0.0720507 0.0233043 0.00550545 0.00167278 0.00180125 0.00285373 0.00410466 0.00516444 0.00569442 0.00553966 0.0048158 0.00382801 0.00288646 0.00216234 0.00166743 0.00132657
 1.01056e-16 3.69725e-05 0.000359386 0.00238825 0.0108567 0.0337794 0.0719724 0.105056 0.105107 0.0722214 0.0346151 0.0132693 0.0084397 0.0135545 0.0250517 0.0412387 0.0591239 0.0737629 0.0801413 0.0759462 0.0629747 0.0459894 0.0299749 0.0178995 0.0102522 0.00598784
 1.01164e-16 7.6715e-05 0.000745697 0.00495542 0.0225266 0.0700887 0.149331 0.217954 0.217957 0.149347 0.0701411 0.0226787 0.00533928 0.00159099 0.00170347 0.0027503 0.00408312 0.00540087 0.00644244 0.00707049 0.00731843 0.00731016 0.0071275 0.00675034 0.00611162 0.00519787
 1.01544e-16 5.35378e-05 0.000520407 0.00345829 0.0157209 0.0489137 0.104217 0.152114 0.152146 0.104371 0.0494318 0.0172167 0.00721016 0.00870185 0.0155655 0.02558 0.0366852 0.0458021 0.0498365 0.0473737 0.0395444 0.0293053 0.0197279 0.0126061 0.0081761 0.0057213
 1.03755e-16 5.58919e-05 0.000543289 0.00361035 0.0164121 0.0510643 0.108799 0.158799 0.15882 0.108901 0.0514094 0.0174101 0.00612031 0.00603871 0.0105398 0.0174581 0.0254258 0.0325563 0.0369364 0.0376368 0.03519 0.031094 0.0267842 0.0229244 0.0194415 0.0160281
 1.03356e-16 6.50874e-05 0.000632673 0.00420433 0.0191123 0.0594655 0.126698 0.184923 0.184937 0.126768 0.0596994 0.0197883 0.005903 0.00434724 0.00713854 0.0117482 0.0170351 0.0216724 0.0243518 0.024473 0.0224803 0.0195136 0.0166669 0.0144447 0.0127416 0.0111908
 1.02157e-16 6.62824e-05 0.000644289 0.00428152 0.0194632 0.0605573 0.129024 0.188318 0.188333 0.129099 0.0608069 0.0201842 0.00609163 0.00459709 0.00757728 0.0124322 0.0179274 0.0225969 0.0249938 0.0244523 0.0214769 0.0173854 0.0135049 0.0105479 0.0085324 0.00710623
 1.05308e-16 3.08032e-05 0.000299418 0.00198974 0.00904509 0.0281429 0.0599633 0.0875285 0.0875781 0.0602055 0.0289563 0.0113948 0.00788924 0.0131824 0.0245104 0.0405041 0.0584189 0.0736158 0.0813693 0.0794795 0.0695512 0.0558476 0.0426888 0.0324409 0.0252563 0.0201112
 1.05575e-16 6.50246e-05 0.000632063 0.00420028 0.0190939 0.0594081 0.126576 0.184742 0.184751 0.126616 0.0595435 0.0194867 0.00519353 0.00282432 0.0042989 0.00718804 0.0107782 0.0144531 0.0176071 0.0199291 0.021503 0.0225773 0.0232217 0.0231996 0.0221602 0.0199518
 1.04925e-16 5.61894e-05 0.000546181 0.00362957 0.0164995 0.0513362 0.109378 0.159646 0.15967 0.109499 0.0517412 0.0176691 0.00656524 0.00695396 0.0122238 0.0201161 0.0289695 0.0364356 0.0401748 0.039145 0.0342404 0.0276971 0.0217454 0.0175477 0.0150395 0.013475
 1.07657e-16 4.07596e-05 0.000396198 0.00263288 0.0119687 0.0372392 0.0793434 0.115811 0.115846 0.0795111 0.0378028 0.0135979 0.00672788 0.00935366 0.0171055 0.0283524 0.0411609 0.0524339 0.0590179 0.0594299 0.0546735 0.0474194 0.0402582 0.0344331 0.0298025 0.0256415
 1.05815e-16 6.39271e-05 0.000621394 0.00412938 0.0187716 0.0584054 0.124439 0.181625 0.181636 0.124495 0.0585912 0.0193095 0.0054846 0.00359637 0.00576272 0.00955411 0.0140592 0.0183188 0.0213924 0.0228443 0.0229544 0.0224165 0.0217829 0.0211268 0.0201386 0.0184808
 1.03959e-16 6.09218e-05 0.000592182 0.00393526 0.0178891 0.0556598 0.11859 0.17309 0.173109 0.118687 0.0559865 0.0188327 0.006304 0.00576411 0.00988643 0.0162568 0.0234365 0.0295289 0.0326516 0.0319568 0.0281413 0.0229696 0.0182012 0.0147528 0.0125836 0.0111338
 1.0759e-16 3.17554e-05 0.000308673 0.00205125 0.00932469 0.0290128 0.0618165 0.0902325 0.0902774 0.0620361 0.0297504 0.0114562 0.00740566 0.0120108 0.0222956 0.0369116 0.053409 0.0676635 0.07547 0.0748646 0.06724 0.056288 0.045672 0.0372801 0.0310791 0.0261117
 1.14935e-16 4.03571e-05 0.000392285 0.00260688 0.0118505 0.0368714 0.0785591 0.114664 0.114684 0.078659 0.0372076 0.0128258 0.00507119 0.00582532 0.0105159 0.0177334 0.0265089 0.0353697 0.0427987 0.0480552 0.0514511 0.0537699 0.0553575 0.0557247 0.0539588 0.0494993
pSPR Fmed_Fpbrs
0.559698   0.6 0.325
Fs Fmed_Fpbrs
0.341307   0.296362 0.73209
SSBpbr Bo_Bmed_Bpbrs
1.43288e+06  730337  788086 394043
Ro
135897
SPR SPRFo_SPRFmed_SPRFpbrs
967382 541441 314399
Fref
0.296362
Nvult_r0
 41732.5 17798.5 19360.4 4838.09 1232.26
CTP_r0
 7396.97 4078.24 4505.54 1126.85 287.021
YTP_r0
284321
Np
 183554 54720.8 4843.04 1831.37 2515.12
Nvult_p0
 128833 39659.4 3517.9 1330.44 1827.17
CTP_p0
 22382.5 2867.7 1110.49 1199.06 380.852
 22382.5 8918.29 803.525 304.138 417.709
YTP_p0
 296514 367979
CBA_c0
287979
log_Ro
11.6397
likeval ReclasPelacesDesembMPH_pf_preclas_ppelaces_ptallas_desvR_qrecl_qpela
 12.1994 16.9568 0.0299372 0.00100204 208.628 113.325 98.9663 0 23.4877 3.38273e-06 1.67085e-05 0.147729 6.86739e-16 0 0
q_reclas_q_pelaces
1.29707 1.7826
M
1
N
 167809 36125.5 91094.9 6143.96 0.220388
 94483.9 53358.9 10868.3 27293.5 1840.49
 94666.6 26540.6 13529.2 2734.83 7328.08
 143030 26711.4 6771.13 3425.94 2547.13
 116168 35165.7 5635.41 1412.43 1245.18
 210096 37363.7 10748 1715.9 809.033
 84106 60479.2 9799.16 2799.42 657.397
 36365.2 17521.7 10152.5 1618.85 570.58
 35224.9 12146.1 5641.49 3259.94 702.917
 46899.2 8841.17 2636.58 1211.5 850.524
 88868.9 10111.7 1556.15 457.144 357.23
 126971 29096.3 3167.32 485.84 254.207
 104536 29179.7 5592.69 600.794 140.274
 74554.2 24618.1 5801.08 1097.99 145.392
 68928.9 12621.8 3103.9 715.611 153.2
 368708 14526.6 2152.8 521.173 145.757
 75013.3 87833.1 2934.06 429.536 132.98
 603349 20792.6 21864.8 724.598 138.859
 330469 170455 5313.85 5546.5 218.947
 258082 83655.2 37438.9 1154.92 1252.37
 360928 66702.2 18908.2 8378.52 538.436
 506014 100459 16699.5 4696.84 2214.05
 98628.2 131346 22841.7 3759.95 1555.18
 289406 29476.5 36276.5 6271.87 1458.97
 245239 88570.4 8412.12 10299.3 2194.25
 110103 75074.2 25286.3 2389.22 3547.43
 242722 34940 22523.8 7554.9 1773.31
 279024 74234 9962.21 6388.77 2645.16
 76760.3 87934.4 22060 2947.59 2672.3
 59328.1 24491.7 26580.6 6641.57 1691.6
pred_Ctot
 14562.4 4229.69 10865.3 733.538 0.0263139
 14434.2 10803.4 2238.72 5627.25 379.482
 14247.2 5297.03 2747.25 555.847 1489.49
 30982.5 7531.18 1939.77 982.281 730.342
 9332.66 3818.17 623.401 156.401 137.888
 29468.2 6969.46 2040.19 326.016 153.722
 24137.1 22125.8 3637.16 1039.86 244.203
 2133.58 1397.27 825.212 131.717 46.4273
 7297.39 3284.08 1550.16 896.532 193.321
 12810.8 3091.49 935.635 430.259 302.071
 6239.37 962.037 150.872 44.3655 34.6707
 31288.5 9251.67 1022.65 156.993 82.1473
 24651.2 8906.53 1733.79 186.406 43.5243
 27062.5 11125 2655.33 502.923 66.5976
 19464.1 4549.81 1135.28 261.943 56.0799
 85083.8 4345.33 654.122 158.488 44.3267
 11962 18528.2 629.61 92.2564 28.5631
 90420.2 4133.06 4422.01 146.68 28.1105
 67157.2 45261 1434.05 1498.12 59.1409
 49935.4 21208 9648.5 297.898 323.047
 56808 13896 4007.24 1777.29 114.221
 96874.8 25214.1 4260.96 1199.47 565.445
 11895.8 21181.1 3749.94 617.862 255.57
 31215.6 4265.53 5345.6 925.095 215.207
 26414.8 12799.6 1237.91 1517.08 323.228
 9677.77 8900.51 3053.88 288.835 428.875
 26267.4 5072.5 3329.74 1117.93 262.419
 25602.1 9177.82 1254.59 805.359 333.463
 6513.37 10072.3 2574.19 344.296 312.157
 7396.97 4078.24 4505.54 1126.85 287.021
F
 0.145787 0.20115 0.205252 0.205473 0.205484
 0.269753 0.372192 0.379783 0.380191 0.380212
 0.265271 0.366007 0.373472 0.373873 0.373894
 0.402986 0.55602 0.56736 0.567969 0.568001
 0.134338 0.185352 0.189132 0.189336 0.189346
 0.245265 0.338404 0.345305 0.345676 0.345696
 0.56864 0.78458 0.800581 0.801441 0.801487
 0.096605 0.133291 0.136009 0.136155 0.136163
 0.382335 0.527526 0.538285 0.538863 0.538894
 0.534303 0.737204 0.752239 0.753047 0.75309
 0.116551 0.160812 0.164091 0.164268 0.164277
 0.470485 0.649151 0.66239 0.663102 0.663139
 0.446044 0.615428 0.62798 0.628655 0.62869
 0.776101 1.07082 1.09266 1.09384 1.0939
 0.557098 0.768656 0.784332 0.785175 0.785219
 0.434565 0.599591 0.611819 0.612477 0.612511
 0.283066 0.39056 0.398525 0.398953 0.398976
 0.264021 0.364283 0.371712 0.372112 0.372133
 0.373809 0.515763 0.526281 0.526847 0.526877
 0.35304 0.487106 0.49704 0.497574 0.497602
 0.278933 0.384858 0.392707 0.393129 0.393151
 0.34873 0.48116 0.490973 0.4915 0.491528
 0.207765 0.286664 0.29251 0.292825 0.292841
 0.184032 0.253919 0.259097 0.259375 0.25939
 0.183755 0.253536 0.258707 0.258985 0.258999
 0.147785 0.203907 0.208065 0.208289 0.208301
 0.184694 0.254832 0.260029 0.260309 0.260323
 0.154707 0.213457 0.21781 0.218044 0.218056
 0.142353 0.196411 0.200417 0.200632 0.200643
 0.215432 0.297242 0.303304 0.30363 0.303647
YTP_r0W_actual
 53997.9 64844.1 119397 35721 10361.5
YTP_p0W_proyectada
 168764 50041.4 26729.5 37554.4 13425
 168764 155624 19340.9 9525.6 14724.2
CTP_r0_actual
 7396.97 4078.24 4505.54 1126.85 287.021
CTP_p0_proyectada
 22382.5 2867.7 1110.49 1199.06 380.852
 22382.5 8918.29 803.525 304.138 417.709
Wmedp
 7.54 17.45 24.07 31.32 35.25
Frms_r0
 0.215432 0.297242 0.303304 0.30363 0.303647
Zrms_r0
 1.21543 1.29724 1.3033 1.30363 1.30365
nmprior
 7.27 8.72 9 0
nm_flota  nm_reclas  nm_pelaces    nm_pelaL
inf 13.1875 16.8951 29.7381
cv_recla  cv_pelaces  cv_mph
0.323367 0.484547 0.877951
 ------------------------------------------------
Talla a la edad & desviaci?n 
 8 13.2811 15.8009 17.003 17.5766
 0.8 1.32811 1.58009 1.7003 1.75766
