years
 1991 1992 1993 1994 1995 1996 1997 1998 1999 2000 2001 2002 2003 2004 2005 2006 2007 2008 2009 2010 2011 2012 2013 2014 2015 2016 2017 2018 2019 2020 2021
reclasobs
 0 0 0 0 0 0 0 0 0 252601 567819 844713 477998 351125 339783 2.1784e+06 2.13404e+06 4.81314e+06 1.55562e+06 2.62356e+06 3.21686e+06 3.843e+06 1.13348e+06 3.07943e+06 1.97215e+06 2.03268e+06 2.025e+06 2.42433e+06 2.27542e+06 1.05018e+06 2.36338e+06
reclaspred
 3.19887e+06 1.74413e+06 882472 907282 922392 1.58036e+06 886244 773205 549182 371153 505923 685038 663281 489416 485393 1.35308e+06 1.2131e+06 3.15017e+06 2.4885e+06 1.77213e+06 3.06275e+06 2.51806e+06 1.91395e+06 3.04259e+06 2.24369e+06 1.98546e+06 2.38427e+06 2.61593e+06 2.0759e+06 1.26763e+06 1.99395e+06
pelacesobs
 0 0 0 0 0 0 0 0 0 0 0 0 0 0 0 552880 188675 0 991730 2.46772e+06 1.41603e+06 1.21717e+06 2.29649e+06 1.80582e+06 0 1.4828e+06 1.56532e+06 1.57751e+06 1.42118e+06 867257 1.10002e+06
pelacespred
 1.89693e+06 1.12716e+06 554030 448901 501709 869307 441948 507611 330932 203216 293915 331002 355546 263586 269226 628417 605044 1.76009e+06 1.45165e+06 952060 1.61768e+06 1.39945e+06 1.12033e+06 1.90334e+06 1.38325e+06 1.23229e+06 1.63747e+06 1.6154e+06 1.22268e+06 848076 1.05647e+06
mphobs
 0 0 0 0 0 0 0 0 0 0 0 498337 0 5186 125008 0 168611 109162 213762 579715 649985 157893 87575 83554 0 0 0 0 0 0 0
mphpred
 496258 330549 158349 87903.8 96442.2 116164 157332 84298 77304.6 48756.4 29859.4 61751.1 65763.7 52678 31980.6 41410.8 152827 136576 317506 220825 227084 278495 268516 214016 310377 253364 207619 223271 325865 212414 123167
desembarqueobs
 494567 514787 250237 358949 120608 361735 552515 73892 212993 205616 52469 317467 293654 387597 252695 516296 358380 742168 942051 627588 828172 859565 418607 520667 417249 300574 415391 372974 316634 284311 391294
desembarquepred
 494570 513921 250646 358982 120613 361742 552539 73897.2 213054 205672 52471.7 317528 293690 387578 252671 516225 358409 742006 941734 627354 828256 859550 418610 520693 417238 300572 415384 372945 316621 284317 391290
Reclutas
 167674 93913.3 94619.7 143236 116429 208945 83588.6 36202 34864.4 46298.7 87679.9 125986 103912 74122.8 68293.3 364395 74631.3 596268 328039 255571 356998 499874 97513.7 285524 241308 108718 238628 275490 80924.1 60385.5 243628
log_desv_Rt
 0.196688 -0.382963 -0.375469 0.0391618 -0.168052 0.416737 -0.499427 -1.33622 -1.37387 -1.09022 -0.451642 -0.0891612 -0.281794 -0.619612 -0.701522 0.972905 -0.612775 1.46536 0.867799 0.618165 0.952396 1.28902 -0.345342 0.728992 0.56074 -0.236577 0.549572 0.693216 -0.531823 -0.824586 0.570307
SSB
 2.02209e+06 1.34688e+06 645223 358180 392971 473332 641077 343487 314991 198667 121667 251616 267966 214646 130311 168736 622721 556502 1.29374e+06 899790 925293 1.13478e+06 1.09412e+06 872047 1.26469e+06 1.03238e+06 845980 909755 1.32779e+06 865517 501865
BT
 2.85543e+06 1.95278e+06 955604 904461 766295 1.50635e+06 1.07197e+06 748662 654183 471677 453514 719076 753270 767617 631238 1.31182e+06 1.08506e+06 3.13849e+06 2.86593e+06 1.83456e+06 2.90658e+06 2.69151e+06 1.84347e+06 3.12337e+06 2.22319e+06 1.90542e+06 2.68235e+06 2.56605e+06 1.85166e+06 1.38594e+06 1.78852e+06
Ftot
 0.20822 0.385257 0.378813 0.574236 0.19045 0.349132 0.808989 0.137725 0.54722 0.770185 0.168676 0.678551 0.643041 1.12108 0.807273 0.629963 0.408241 0.381688 0.538476 0.509566 0.403097 0.504095 0.299981 0.266408 0.265562 0.213466 0.267706 0.223834 0.20333 0.303187 0.314256
BD_Bspro_t
 0.96736 0.777183 0.570061 0.470633 0.464774 0.560309 0.558026 0.363346 0.423883 0.362377 0.317321 0.575865 0.45272 0.35409 0.241583 0.293716 0.486796 0.446217 0.58437 0.465271 0.426609 0.47429 0.493671 0.476135 0.599847 0.608336 0.615592 0.659428 0.720803 0.634236 0.547163
BD_Bspro
 2.05682 1.37001 0.656305 0.364332 0.399721 0.481461 0.652088 0.349387 0.320402 0.202079 0.123757 0.255937 0.272568 0.218332 0.132549 0.171634 0.633417 0.56606 1.31596 0.915245 0.941186 1.15427 1.11291 0.887025 1.28641 1.05011 0.86051 0.925381 1.3506 0.880383 0.510485
BD_Bo
 1.45519 0.969277 0.464332 0.257763 0.2828 0.340631 0.461348 0.247189 0.226682 0.14297 0.0875574 0.181074 0.19284 0.154469 0.0937774 0.12143 0.448139 0.400484 0.931031 0.64753 0.665883 0.816638 0.787377 0.627565 0.910127 0.742946 0.608806 0.654702 0.955541 0.622865 0.361165
BD_Brms
 2.6458 1.76232 0.84424 0.468659 0.514182 0.619329 0.838815 0.449435 0.41215 0.259945 0.159195 0.329226 0.350619 0.280853 0.170504 0.220782 0.814798 0.728153 1.69278 1.17733 1.2107 1.4848 1.4316 1.14103 1.65478 1.35081 1.10692 1.19037 1.73735 1.13248 0.656664
Sel_flota
 0.700103 0.977952 0.998815 0.999938 0.999997
 0.700103 0.977952 0.998815 0.999938 0.999997
 0.700103 0.977952 0.998815 0.999938 0.999997
 0.700103 0.977952 0.998815 0.999938 0.999997
 0.700103 0.977952 0.998815 0.999938 0.999997
 0.700103 0.977952 0.998815 0.999938 0.999997
 0.700103 0.977952 0.998815 0.999938 0.999997
 0.700103 0.977952 0.998815 0.999938 0.999997
 0.700103 0.977952 0.998815 0.999938 0.999997
 0.700103 0.977952 0.998815 0.999938 0.999997
 0.700103 0.977952 0.998815 0.999938 0.999997
 0.700103 0.977952 0.998815 0.999938 0.999997
 0.700103 0.977952 0.998815 0.999938 0.999997
 0.700103 0.977952 0.998815 0.999938 0.999997
 0.700103 0.977952 0.998815 0.999938 0.999997
 0.700103 0.977952 0.998815 0.999938 0.999997
 0.700103 0.977952 0.998815 0.999938 0.999997
 0.700103 0.977952 0.998815 0.999938 0.999997
 0.700103 0.977952 0.998815 0.999938 0.999997
 0.700103 0.977952 0.998815 0.999938 0.999997
 0.700103 0.977952 0.998815 0.999938 0.999997
 0.700103 0.977952 0.998815 0.999938 0.999997
 0.700103 0.977952 0.998815 0.999938 0.999997
 0.700103 0.977952 0.998815 0.999938 0.999997
 0.700103 0.977952 0.998815 0.999938 0.999997
 0.700103 0.977952 0.998815 0.999938 0.999997
 0.700103 0.977952 0.998815 0.999938 0.999997
 0.700103 0.977952 0.998815 0.999938 0.999997
 0.700103 0.977952 0.998815 0.999938 0.999997
 0.700103 0.977952 0.998815 0.999938 0.999997
 0.700103 0.977952 0.998815 0.999938 0.999997
Sel_reclas
 1 1 1 1 1
 1 1 1 1 1
 1 1 1 1 1
 1 1 1 1 1
 1 1 1 1 1
 1 1 1 1 1
 1 1 1 1 1
 1 1 1 1 1
 1 1 1 1 1
 1 1 1 1 1
 1 1 1 1 1
 1 1 1 1 1
 1 1 1 1 1
 1 1 1 1 1
 1 1 1 1 1
 1 1 1 1 1
 1 1 1 1 1
 1 1 1 1 1
 1 1 1 1 1
 1 1 1 1 1
 1 1 1 1 1
 1 1 1 1 1
 1 1 1 1 1
 1 1 1 1 1
 1 1 1 1 1
 1 1 1 1 1
 1 1 1 1 1
 1 1 1 1 1
 1 1 1 1 1
 1 1 1 1 1
 1 1 1 1 1
Sel_pelaces
 0.859813 0.968619 0.993604 0.998722 0.999746
 0.859813 0.968619 0.993604 0.998722 0.999746
 0.859813 0.968619 0.993604 0.998722 0.999746
 0.859813 0.968619 0.993604 0.998722 0.999746
 0.859813 0.968619 0.993604 0.998722 0.999746
 0.859813 0.968619 0.993604 0.998722 0.999746
 0.859813 0.968619 0.993604 0.998722 0.999746
 0.859813 0.968619 0.993604 0.998722 0.999746
 0.859813 0.968619 0.993604 0.998722 0.999746
 0.859813 0.968619 0.993604 0.998722 0.999746
 0.859813 0.968619 0.993604 0.998722 0.999746
 0.859813 0.968619 0.993604 0.998722 0.999746
 0.859813 0.968619 0.993604 0.998722 0.999746
 0.859813 0.968619 0.993604 0.998722 0.999746
 0.859813 0.968619 0.993604 0.998722 0.999746
 0.859813 0.968619 0.993604 0.998722 0.999746
 0.859813 0.968619 0.993604 0.998722 0.999746
 0.859813 0.968619 0.993604 0.998722 0.999746
 0.859813 0.968619 0.993604 0.998722 0.999746
 0.859813 0.968619 0.993604 0.998722 0.999746
 0.859813 0.968619 0.993604 0.998722 0.999746
 0.859813 0.968619 0.993604 0.998722 0.999746
 0.859813 0.968619 0.993604 0.998722 0.999746
 0.859813 0.968619 0.993604 0.998722 0.999746
 0.859813 0.968619 0.993604 0.998722 0.999746
 0.859813 0.968619 0.993604 0.998722 0.999746
 0.859813 0.968619 0.993604 0.998722 0.999746
 0.859813 0.968619 0.993604 0.998722 0.999746
 0.859813 0.968619 0.993604 0.998722 0.999746
 0.859813 0.968619 0.993604 0.998722 0.999746
 0.859813 0.968619 0.993604 0.998722 0.999746
pf_obs 
 0.8446 0.082 0.0669 0.0065 0
 0.8095 0.147 0.0364 0.0071 0
 0.9664 0.0169 0.016 0.0007 0
 0.9276 0.0648 0.0075 0.0001 0
 0.7033 0.2144 0.0806 0.0017 0
 0.9318 0.0425 0.0243 0.0014 0
 0.5671 0.3108 0.0964 0.0239 0.0018
 0.0768 0.2599 0.5324 0.112 0.0189
 0.490249 0.384438 0.106611 0.0170017 0.00170017
 0.7925 0.1577 0.0466 0.003 0.0002
 0.840416 0.127587 0.0312969 0.00059994 9.999e-05
 0.8084 0.0986 0.0794 0.0134 0.0002
 0.7335 0.1905 0.0724 0.0035 0.0001
 0.4001 0.4547 0.1325 0.0127 0
 0.49795 0.308269 0.164784 0.0264974 0.00249975
 0.9179 0.0499 0.0305 0.0017 0
 0.2467 0.6533 0.0926 0.0074 0
 0.9418 0.0223 0.034 0.0019 0
 0.707729 0.231977 0.0356964 0.0245975 0
 0.517169 0.277429 0.184464 0.0207286 0.00020938
 0.811772 0.124168 0.05621 0.00726502 0.000585176
 0.764997 0.148141 0.077277 0.00933861 0.000247198
 0.163321 0.427699 0.378323 0.0303852 0.000271297
 0.753843 0.0900009 0.118128 0.0371064 0.000921714
 0.721811 0.176058 0.0630433 0.0369309 0.00215725
 0.143369 0.312575 0.442814 0.0836902 0.0175525
 0.692698 0.0596174 0.167031 0.0765114 0.00414204
 0.394062 0.376323 0.152708 0.0712218 0.00568511
 0.125707 0.32114 0.495352 0.0537591 0.00404204
 0.23352 0.215282 0.420074 0.123614 0.00750983
 0.796117 0.104755 0.0508955 0.0450114 0.00322123
pf_pred 
 0.478885 0.13936 0.357567 0.0241867 8.87958e-07
 0.428558 0.325865 0.066778 0.167483 0.0113157
 0.58471 0.218491 0.113478 0.0226789 0.0606417
 0.733974 0.179847 0.0458907 0.0232446 0.0170435
 0.661261 0.273722 0.0443553 0.0110102 0.00965146
 0.752965 0.181598 0.053108 0.00841433 0.00391476
 0.468727 0.434266 0.0717798 0.0204788 0.00474779
 0.468112 0.310353 0.18211 0.0291852 0.0102399
 0.548391 0.250708 0.118303 0.0679131 0.0146852
 0.727255 0.177303 0.0536436 0.0246286 0.0171701
 0.83892 0.130255 0.0202554 0.00594519 0.00462477
 0.748393 0.221632 0.0243439 0.00370192 0.00192943
 0.694105 0.251429 0.0481445 0.00513589 0.00118617
 0.653856 0.269469 0.0633458 0.0117845 0.00154507
 0.764898 0.179259 0.0438181 0.00993801 0.00208718
 0.942421 0.0482809 0.00714216 0.00169243 0.000463684
 0.383798 0.592647 0.0198416 0.00285286 0.000859914
 0.911628 0.0422599 0.0443922 0.00144899 0.000270765
 0.58163 0.392717 0.0124282 0.0127319 0.000492571
 0.612475 0.262405 0.117647 0.00362324 0.00384978
 0.740896 0.18259 0.0522564 0.02281 0.00144678
 0.755208 0.198033 0.0332007 0.00926397 0.00429439
 0.314777 0.563598 0.0988973 0.0161444 0.00658347
 0.743046 0.102616 0.127483 0.021842 0.00501309
 0.62249 0.304949 0.0293907 0.0356667 0.00750391
 0.432072 0.39952 0.136666 0.0128668 0.0188757
 0.726939 0.142265 0.0926352 0.0309748 0.0071853
 0.688136 0.247664 0.0338295 0.0215173 0.00885261
 0.341811 0.499679 0.126483 0.0168861 0.0151405
 0.424152 0.244985 0.25256 0.0624981 0.0158055
 0.839032 0.0834817 0.0334257 0.0336436 0.0104174
pobs_RECLAS
 0 0 0 0 0
 0 0 0 0 0
 0 0 0 0 0
 0 0 0 0 0
 0 0 0 0 0
 0 0 0 0 0
 0 0 0 0 0
 0 0 0 0 0
 0 0 0 0 0
 0 0 0 0 0
 0.991045 0.00858322 0.000360255 1.14367e-05 0
 0.934742 0.0480273 0.0164251 0.00080598 0
 0.827803 0.169806 0.00239088 0 0
 0.941827 0.0461693 0.0120037 0 0
 0.791401 0.0380133 0.147996 0.0225897 0
 0.846168 0.0940531 0.0597789 0 0
 0.134021 0.677848 0.182769 0.00536245 0
 0.80878 0.0450904 0.141981 0.00414843 0
 0.846168 0.0940531 0.0597789 0 0
 0.905697 0.0802665 0.012482 0.00150086 5.37128e-05
 0.989698 0.0102097 9.19794e-05 0 0
 0.975433 0.0193895 0.00387452 0.00125025 5.28907e-05
 0.303575 0.632131 0.0575291 0.00676475 0
 0.966965 0.00978017 0.0227588 0.000495775 0
 0.843318 0.132988 0.00938335 0.0141283 0.000182051
 0.564624 0.303363 0.111486 0.0197234 0.00080311
 0.826376 0.0876187 0.0782897 0.00655872 0.00115652
 0.89761 0.0855135 0.0140674 0.00269457 0.000114338
 0.34875 0.467042 0.161289 0.0227151 0.000203297
 0.318654 0.224769 0.449479 0.00709798 0
 0.937255 0.0296025 0.0250945 0.00804832 0
ppred_RECLAS
 0.567349 0.117543 0.295164 0.0199427 7.32107e-07
 0.516925 0.278176 0.0557644 0.139697 0.00943774
 0.66779 0.176644 0.0897488 0.0179155 0.0479018
 0.79828 0.137393 0.0342741 0.0173396 0.012713
 0.733473 0.216269 0.0343 0.00850446 0.0074545
 0.812251 0.138821 0.0397184 0.00628556 0.00292417
 0.560538 0.360772 0.0582461 0.0165968 0.00384754
 0.554514 0.26227 0.150641 0.0241145 0.00846028
 0.635629 0.204347 0.0942792 0.0540571 0.0116883
 0.794355 0.134798 0.0398421 0.0182693 0.0127358
 0.880055 0.0973939 0.0148241 0.00434606 0.0033806
 0.81011 0.167726 0.0180041 0.00273449 0.00142512
 0.7649 0.194025 0.0363129 0.00386902 0.000893524
 0.735604 0.206969 0.047455 0.00881656 0.00115586
 0.824844 0.134301 0.0320659 0.00726348 0.00152538
 0.959093 0.034428 0.00497804 0.00117818 0.000322771
 0.468527 0.511588 0.0167538 0.00240606 0.000725195
 0.936475 0.0307274 0.0315756 0.00102944 0.000192354
 0.664318 0.315541 0.00976377 0.0099904 0.000386482
 0.69327 0.209197 0.0917143 0.00282121 0.00299741
 0.80275 0.139919 0.0391704 0.0170779 0.00108314
 0.814753 0.150508 0.0246748 0.00687678 0.00318759
 0.393815 0.500521 0.0859378 0.0140126 0.00571379
 0.804796 0.0789824 0.0960185 0.0164321 0.0037712
 0.699719 0.243599 0.0229744 0.0278482 0.00585862
 0.518226 0.341092 0.114192 0.0107386 0.0157526
 0.791052 0.11001 0.0700961 0.0234113 0.00543044
 0.756978 0.193867 0.025916 0.0164649 0.00677358
 0.423014 0.440315 0.109083 0.0145465 0.0130419
 0.512416 0.210067 0.211897 0.0523751 0.0132446
 0.88132 0.0622157 0.0243736 0.024504 0.00758695
pobs_PELACES
 0 0 0 0 0
 0 0 0 0 0
 0 0 0 0 0
 0 0 0 0 0
 0 0 0 0 0
 0 0 0 0 0
 0 0 0 0 0
 0 0 0 0 0
 0 0 0 0 0
 0 0 0 0 0
 0 0 0 0 0
 0 0 0 0 0
 0 0 0 0 0
 0 0 0 0 0
 0 0 0 0 0
 0 0 0 0 0
 0.505614 0.472636 0.0217494 0 0
 0 0 0 0 0
 0.443492 0.261883 0.143347 0.151278 0
 0.227955 0.32914 0.350689 0.0885471 0.00366901
 0.970185 0.0296113 0.000203453 0 0
 0.997202 0.00247181 0.000326279 0 0
 0.445219 0.490057 0.0546422 0.010081 0
 0.90214 0.0892962 0.00764917 0.000914606 0
 0 0 0 0 0
 0.581667 0.319106 0.0959925 0.00289975 0.000334073
 0.762889 0.0836404 0.116647 0.0363945 0.000428098
 0.88444 0.0763242 0.0277011 0.0115352 0
 0.521256 0.241999 0.230069 0.00667565 0
 0.616807 0.101726 0.260614 0.0208532 0
 0.833518 0.0704572 0.0857862 0.0102388 0
ppred_PELACES
 0.538221 0.123244 0.317007 0.0215272 7.91081e-07
 0.493143 0.288584 0.0591859 0.149011 0.0100772
 0.646082 0.185956 0.0966648 0.0193927 0.0519043
 0.786063 0.144594 0.0368547 0.0187373 0.0137517
 0.712115 0.232448 0.0377673 0.00941175 0.00825819
 0.797579 0.148725 0.0435449 0.00692573 0.00322527
 0.548481 0.369253 0.0608134 0.0174124 0.00404069
 0.525439 0.276454 0.162729 0.0261825 0.00919518
 0.617024 0.212532 0.100207 0.05774 0.0124973
 0.784999 0.139835 0.0421729 0.0194322 0.0135602
 0.868103 0.106568 0.0166194 0.00489722 0.00381322
 0.800787 0.17551 0.0192355 0.00293584 0.0015316
 0.753194 0.20291 0.0387832 0.00415252 0.000959968
 0.731611 0.209242 0.0488353 0.00911595 0.00119631
 0.817492 0.139249 0.033916 0.00771983 0.00162285
 0.956467 0.0365077 0.00539147 0.00128231 0.000351652
 0.44802 0.530856 0.0177832 0.00256666 0.000774386
 0.930512 0.0332125 0.0349178 0.00114411 0.000213997
 0.648246 0.330161 0.0104409 0.0107361 0.000415753
 0.676094 0.21934 0.0982961 0.00303867 0.00323173
 0.788223 0.149157 0.0427149 0.0187164 0.00118827
 0.802786 0.159518 0.0267335 0.00748753 0.00347421
 0.371158 0.517003 0.0908694 0.0148914 0.00607833
 0.787032 0.0849137 0.105698 0.0181799 0.00417659
 0.678317 0.259633 0.0250723 0.0305447 0.00643245
 0.491492 0.35737 0.122547 0.0115828 0.0170083
 0.772886 0.11815 0.077082 0.0258745 0.00600794
 0.737331 0.20841 0.0285347 0.0182206 0.00750348
 0.397247 0.457216 0.116029 0.0155513 0.013957
 0.486061 0.218325 0.225436 0.0560023 0.0141762
 0.870123 0.067233 0.0269602 0.0272409 0.00844293
pobs_pel_tallas
 0 0 0 0 0 0 0 0 0 0 0 0 0 0 0 0 0 0 0 0 0 0 0 0 0 0
 0 0 0 0 0 0 0 0 0 0 0 0 0 0 0 0 0 0 0 0 0 0 0 0 0 0
 0 0 0 0 0 0 0 0 0 0 0 0 0 0 0 0 0 0 0 0 0 0 0 0 0 0
 0 0 0 0 0 0 0 0 0 0 0 0 0 0 0 0 0 0 0 0 0 0 0 0 0 0
 0 0 0 0 0 0 0 0 0 0 0 0 0 0 0 0 0 0 0 0 0 0 0 0 0 0
 0 0 0 0 0 0 0 0 0 0 0 0 0 0 0 0 0 0 0 0 0 0 0 0 0 0
 0 0 0 0 0 0 0 0 0 0 0 0 0 0 0 0 0 0 0 0 0 0 0 0 0 0
 0 0 0 0 0 0 0 0 0 0 0 0 0 0 0 0 0 0 0 0 0 0 0 0 0 0
 0 0 0 0 0 0 0 0 0 0 0 0 0 0 0 0 0 0 0 0 0 0 0 0 0 0
 0 0 0 0 0 0 0 0 0 0 0 0 0 0 0 0 0 0 0 0 0 0 0 0 0 0
 0 0 0 0 0 0 0 0 0 0 0 0 0 0 0 0 0 0 0 0 0 0 0 0 0 0
 0 0 0 0 0 0 0 0 0 0 0 0 0 0 0 0 0 0 0 0 0 0 0 0 0 0
 0.00862536 0 0 0.000197151 0.00414017 0.0128641 0.00837892 0.0270097 0.101434 0.158115 0.152841 0.127902 0.109271 0.109419 0.0830992 0.0579132 0.0238553 0.00714673 0.00463305 0.00128148 0.00103504 0.000492878 0.000147863 0.000147863 4.92878e-05 0
 0 0 0 0 0 0 0 0 0 0 0 0 0 0 0 0 0 0 0 0 0 0 0 0 0 0
 0 0 0 0 0 0 0 0.0054083 0.00873648 0.0413646 0.0450493 0.0745869 0.0622846 0.0627006 0.0613931 0.0827291 0.12552 0.122667 0.0946155 0.0697135 0.0546179 0.0294188 0.0215738 0.0213955 0.0102223 0.00600262
 0 0 0 0 0.00359764 0.0251062 0.0480494 0.140153 0.205849 0.193036 0.1447 0.116669 0.0760912 0.0342217 0.00950174 0.001854 0.000860785 0 0 0 0.000165536 0 0.000143464 0 0 0
 0 0 0 0 0 0 0 0.000145254 0.000435761 0.0275982 0.070085 0.0708112 0.156366 0.174668 0.174014 0.160142 0.0824315 0.0480064 0.0283245 0.00493863 0.00203355 0 0 0 0 0
 0 0 0 0 0 0 0 0 0 0 0 0 0 0 0 0 0 0 0 0 0 0 0 0 0 0
 0 0 1.00437e-05 0.000401748 0.00122533 0.00171747 0.00176769 0.0269171 0.070346 0.194647 0.189555 0.159765 0.064822 0.0314167 0.0384472 0.0292271 0.0345202 0.0313363 0.0194345 0.0106764 0.0143323 0.0359363 0.0279516 0.0138201 0.00172751 0
 0 0.0021121 0.0136068 0.0755702 0.200478 0.177729 0.0527432 0.0373336 0.0318909 0.0142505 0.0149659 0.0166563 0.0217959 0.0798694 0.0677717 0.0528807 0.04013 0.0224614 0.0357745 0.0225083 0.00881397 0.00855152 0.00135912 0.000746735 0 0
 0 0 0 0 5.4009e-05 0.00500934 0.000945158 0.0243581 0.138947 0.33067 0.221406 0.137944 0.0707744 0.0437923 0.0131692 0.00525238 0.0047753 0.00276346 9.45158e-05 9.00151e-06 2.25038e-05 9.00151e-06 4.50075e-06 0 0 0
 0.000866109 0.00284123 0.00948549 0.0512746 0.133035 0.25785 0.225252 0.132002 0.0553304 0.0519788 0.0540692 0.017754 0.00435017 0.00159236 0.00146478 0.000404838 0.000125132 0.000115318 0.000107957 0.000100596 0 0 0 0 0 0
 0 0 0 0 0.00144013 0.00171154 0.00461396 0.0210425 0.0478622 0.0707936 0.0888783 0.103762 0.0637923 0.0337046 0.0602308 0.124433 0.169614 0.0934646 0.0462172 0.0250306 0.0313229 0.00938855 0.002487 0.000210481 0 0
 0 0.00764035 0.051015 0.0998891 0.058973 0.0496711 0.0374665 0.0718981 0.12319 0.153886 0.159021 0.0857701 0.0377988 0.023471 0.0147837 0.00900784 0.00315554 0.000888139 0.00291439 0.00214683 0.00393193 0.00274676 0.000635225 9.99891e-05 0 0
 0 0 0 0 0 0 0 0 0 0 0 0 0 0 0 0 0 0 0 0 0 0 0 0 0 0
 0 0 0 0 0 0 0 0 0 0 0 0 0 0 0 0 0 0 0 0 0 0 0 0 0 0
 0 0 0 0 0 0 0 0 0 0 0 0 0 0 0 0 0 0 0 0 0 0 0 0 0 0
 0 0 0 0 0 0 0 0 0 0 0 0 0 0 0 0 0 0 0 0 0 0 0 0 0 0
 0 0 0 0 0 0 0 0 0 0 0 0 0 0 0 0 0 0 0 0 0 0 0 0 0 0
 0 0 0 0 0 0 0 0 0 0 0 0 0 0 0 0 0 0 0 0 0 0 0 0 0 0
 0 0 0 0 0 0 0 0 0 0 0 0 0 0 0 0 0 0 0 0 0 0 0 0 0 0
ppred_pel_tallas
 1.11339e-16 4.43326e-05 0.000430928 0.00286367 0.0130178 0.0405034 0.0862972 0.125956 0.125968 0.0863578 0.0407081 0.0136149 0.00438492 0.00382604 0.00670932 0.0115865 0.0179984 0.0253586 0.0329961 0.0404395 0.0474053 0.0534289 0.0575519 0.0585214 0.0554711 0.0485597
 1.18431e-16 4.06196e-05 0.000394837 0.00262383 0.0119276 0.0371112 0.0790704 0.115411 0.115439 0.0792068 0.0375693 0.0132517 0.00595231 0.00767707 0.013921 0.0230893 0.0336077 0.0430603 0.0490778 0.0507377 0.0491688 0.0467449 0.0454778 0.0458523 0.0468302 0.0467556
 1.13566e-16 5.3217e-05 0.000517288 0.00343756 0.0156267 0.0486204 0.103592 0.151199 0.151217 0.10368 0.0489171 0.0164851 0.00559854 0.00525546 0.00911356 0.0151463 0.0222048 0.0287633 0.0333129 0.0352046 0.0350155 0.0340592 0.0334395 0.0334095 0.0334301 0.032702
 1.05307e-16 6.4747e-05 0.000629364 0.00418234 0.0190123 0.0591545 0.126035 0.183955 0.183969 0.126104 0.0593838 0.0196752 0.0058479 0.00427104 0.00699822 0.0115134 0.0166916 0.0212352 0.0238754 0.0240519 0.0222434 0.0196151 0.0172701 0.0156908 0.0147034 0.0138265
 1.03491e-16 5.8656e-05 0.000570157 0.0037889 0.0172238 0.0535897 0.114179 0.166653 0.166675 0.114289 0.0539575 0.0182862 0.0064561 0.00639431 0.0111247 0.0183116 0.0264044 0.0332728 0.0367864 0.0359679 0.0315687 0.0255432 0.0198601 0.0155773 0.0127172 0.0107436
 1.02536e-16 6.56956e-05 0.000638584 0.00424362 0.0192909 0.0600212 0.127882 0.18665 0.186665 0.127952 0.0602571 0.0199728 0.00595703 0.0043847 0.00719703 0.011838 0.0171487 0.0217777 0.0243869 0.0243496 0.0220973 0.0187794 0.0155252 0.0128996 0.0108726 0.00914691
 1.0428e-16 4.51777e-05 0.000439143 0.00291826 0.013266 0.0412757 0.0879436 0.128364 0.128399 0.0881176 0.04186 0.0149537 0.00715525 0.00969105 0.0176237 0.0290837 0.0419382 0.0528366 0.0583882 0.0570251 0.0499206 0.0401588 0.0308556 0.023701 0.0187689 0.0152708
 1.08949e-16 4.32797e-05 0.000420695 0.00279566 0.0127087 0.0395416 0.0842486 0.122969 0.122996 0.0843799 0.0399829 0.0139859 0.00601115 0.0074719 0.013528 0.0225397 0.0330338 0.0427298 0.0492954 0.0516072 0.050305 0.0471206 0.0435793 0.0401699 0.0365002 0.032036
 1.10852e-16 5.08235e-05 0.000494022 0.00328295 0.0149238 0.0464337 0.0989327 0.144399 0.14442 0.0990335 0.0467725 0.015904 0.00574987 0.00590103 0.0103843 0.0172584 0.0252653 0.0326481 0.0376553 0.0395132 0.0388475 0.0371272 0.0355931 0.0345423 0.0334202 0.0314466
 1.05497e-16 6.46594e-05 0.000628512 0.00417669 0.0189866 0.0590745 0.125865 0.183706 0.18372 0.125931 0.0592965 0.0196284 0.00578989 0.00415743 0.00678844 0.0111784 0.016236 0.0207186 0.0234115 0.0237767 0.0222646 0.0199697 0.0179124 0.0165129 0.0155744 0.0146311
 1.01644e-16 7.15045e-05 0.000695049 0.00461885 0.0209966 0.0653283 0.139189 0.203153 0.203163 0.139239 0.0654969 0.0214836 0.00584146 0.00336464 0.00514345 0.00839515 0.0120992 0.0152428 0.0168467 0.0164639 0.0144416 0.0116794 0.0090829 0.00713791 0.00585203 0.00497357
 1.01154e-16 6.59598e-05 0.000641153 0.00426069 0.0193685 0.0602626 0.128396 0.187402 0.187419 0.128479 0.0605399 0.0201694 0.00627061 0.00502724 0.00839118 0.0137553 0.0197788 0.0248084 0.0272052 0.0262109 0.022396 0.0172742 0.0124039 0.00867559 0.00619257 0.00460576
 1.01751e-16 6.20397e-05 0.000603048 0.00400746 0.0182174 0.0566811 0.120766 0.176265 0.176285 0.120861 0.0570023 0.0191452 0.00633709 0.00569084 0.00973099 0.0160052 0.0230867 0.0291055 0.0321921 0.0314706 0.0275613 0.0221293 0.0168651 0.0127 0.00970927 0.0075203
 1.0258e-16 6.02618e-05 0.000585767 0.00389263 0.0176953 0.0550568 0.117305 0.171215 0.171235 0.117404 0.0553883 0.0186532 0.00629856 0.00584276 0.0100583 0.0165696 0.0239482 0.0302915 0.0336939 0.0332638 0.0296284 0.0244609 0.019434 0.0154289 0.0124624 0.0101283
 1.02064e-16 6.73358e-05 0.000654528 0.00434957 0.0197725 0.0615197 0.131075 0.19131 0.191324 0.13114 0.0617404 0.0204102 0.00595141 0.00415508 0.00672646 0.0110422 0.0159669 0.0202182 0.022533 0.0223232 0.0200077 0.0166944 0.013483 0.01094 0.00905495 0.00754056
 1.00354e-16 7.87829e-05 0.000765798 0.005089 0.0231338 0.071978 0.153357 0.22383 0.223833 0.153374 0.0720357 0.0233006 0.00550764 0.00167976 0.00181474 0.00287588 0.00413615 0.00520313 0.00573528 0.00557629 0.00484276 0.00384262 0.00288917 0.00215568 0.00165473 0.00131091
 1.01038e-16 3.69029e-05 0.00035871 0.00238376 0.0108362 0.0337158 0.071837 0.104859 0.10491 0.0720865 0.0345533 0.0132539 0.00844788 0.0135814 0.0251038 0.0413241 0.0592454 0.0739122 0.0802992 0.0760883 0.0630805 0.0460495 0.0299919 0.0178838 0.0102168 0.00594412
 1.01168e-16 7.6645e-05 0.000745017 0.0049509 0.0225061 0.0700247 0.149195 0.217756 0.217759 0.149211 0.0700782 0.0226612 0.00534244 0.0016071 0.00173535 0.00280328 0.00415982 0.00549807 0.00655085 0.00717784 0.00741429 0.00738915 0.00718939 0.0067977 0.00614732 0.00522396
 1.01533e-16 5.33952e-05 0.000519021 0.00344908 0.015679 0.0487834 0.103939 0.151709 0.151741 0.104095 0.0493043 0.0171829 0.00722124 0.0087447 0.0156491 0.0257181 0.0368831 0.0460486 0.0501034 0.0476248 0.0397492 0.029449 0.0198128 0.0126449 0.0081841 0.00571149
 1.03745e-16 5.5689e-05 0.000541317 0.00359724 0.0163526 0.050879 0.108404 0.158223 0.158244 0.108508 0.051228 0.0173618 0.00613557 0.00609857 0.0106568 0.0176511 0.0257024 0.0329007 0.0373094 0.037988 0.0354773 0.0312977 0.0269083 0.0229872 0.0194644 0.0160281
 1.03349e-16 6.4925e-05 0.000631094 0.00419384 0.0190646 0.0593171 0.126382 0.184461 0.184476 0.126452 0.0595538 0.0197487 0.00591287 0.00439011 0.00722281 0.0118878 0.0172363 0.0219252 0.0246299 0.0247418 0.0227102 0.0196897 0.0167892 0.0145223 0.0127858 0.0112112
 1.02152e-16 6.61245e-05 0.000642754 0.00427132 0.0194168 0.060413 0.128717 0.187869 0.187885 0.128792 0.0606655 0.020146 0.00610197 0.00464036 0.00766215 0.0125726 0.0181291 0.0228495 0.0252697 0.0247162 0.0216989 0.0175512 0.0136159 0.0106154 0.00856943 0.00712319
 1.05277e-16 3.05719e-05 0.00029717 0.0019748 0.00897718 0.0279316 0.0595131 0.0868716 0.0869214 0.0597567 0.0287497 0.0113405 0.00790833 0.0132543 0.0246507 0.0407355 0.0587502 0.0740278 0.0818143 0.079896 0.0698875 0.0560785 0.0428179 0.0324896 0.0252509 0.020074
 1.05602e-16 6.48268e-05 0.00063014 0.0041875 0.0190358 0.0592274 0.126191 0.18418 0.184189 0.126231 0.0593648 0.0194346 0.00519601 0.00285593 0.00436304 0.00729607 0.0109377 0.0146618 0.0178517 0.0201908 0.0217647 0.0228281 0.023456 0.0234127 0.0223459 0.0201034
 1.04942e-16 5.58722e-05 0.000543097 0.00360907 0.0164063 0.0510464 0.108761 0.158744 0.15877 0.108883 0.0514567 0.0175916 0.00658383 0.00703615 0.0123854 0.0203834 0.0293539 0.0369176 0.0407031 0.0396535 0.0346743 0.0280308 0.0219838 0.0177129 0.0151556 0.0135592
 1.07668e-16 4.04836e-05 0.000393515 0.00261505 0.0118877 0.0369871 0.0788062 0.115027 0.115062 0.0789751 0.0375546 0.0135282 0.0067386 0.00941343 0.0172242 0.0285502 0.0414482 0.0527999 0.0594297 0.0598434 0.0550508 0.0477402 0.0405196 0.0346411 0.0299637 0.02576
 1.05867e-16 6.36616e-05 0.000618813 0.00411223 0.0186936 0.0581628 0.123923 0.180871 0.180882 0.123979 0.0583518 0.0192407 0.00549062 0.00364455 0.0058594 0.00971578 0.0142954 0.0186228 0.0217403 0.0232039 0.0232987 0.0227317 0.0220674 0.0213834 0.020368 0.0186796
 1.03974e-16 6.0733e-05 0.000590347 0.00392306 0.0178337 0.0554873 0.118222 0.172553 0.172573 0.11832 0.055817 0.0187859 0.00631347 0.00580959 0.00997615 0.0164056 0.0236511 0.0297995 0.0329508 0.0322492 0.0283973 0.0231751 0.0183577 0.0148706 0.0126736 0.0112033
 1.07387e-16 3.27208e-05 0.000318058 0.00211361 0.00960818 0.0298948 0.0636957 0.092975 0.0930192 0.0639115 0.0306195 0.0117024 0.00737436 0.0118153 0.0219063 0.0362632 0.0524674 0.0664636 0.0741186 0.0735017 0.0659822 0.0551903 0.0447301 0.0364618 0.0303572 0.025477
 1.14577e-16 4.00362e-05 0.000389167 0.00258615 0.0117563 0.0365782 0.0779346 0.113752 0.113774 0.0780391 0.0369302 0.0127769 0.00516371 0.00606788 0.0109776 0.0184853 0.0275642 0.0366375 0.0440826 0.0491098 0.0520719 0.0538638 0.05496 0.054964 0.0529997 0.0484953
 1.04956e-16 7.16709e-05 0.000696667 0.00462959 0.0210455 0.0654803 0.139513 0.203625 0.203631 0.139545 0.0655874 0.0213553 0.00540938 0.00240561 0.00333737 0.0054582 0.00798764 0.0103335 0.0119556 0.012638 0.0126156 0.0123857 0.0123491 0.0125641 0.0127712 0.0126091
pSPR Fmed_Fpbrs
0.561617   0.6 0.325
Fs Fmed_Fpbrs
0.341307   0.298281 0.737703
SSBpbr Bo_Bmed_Bpbrs
1.38957e+06  710929  764265 382132
Ro
137735
SPR SPRFo_SPRFmed_SPRFpbrs
983114 552134 319512
Fref
0.298281
Nvult_r0
 171702 13105.5 5163.55 5192.76 1607.81
CTP_r0
 30964 3080.85 1233.56 1241.6 384.448
YTP_r0
391290
Np
 176036 52554.9 19765.3 1327.41 659.607
Nvult_p0
 123481 38112.7 14367.4 965.022 479.534
CTP_p0
 21331.6 11779.3 811.008 316.994 404.264
 21331.6 8606.97 3297.91 221.704 110.173
YTP_p0
 410088 401240
CBA_c0
454013
log_Ro
11.6531
likeval ReclasPelacesDesembMPH_pf_preclas_ppelaces_ptallas_desvR_qrecl_qpela
 12.3797 16.9071 0.0304067 0.000815449 214.288 116.196 104.896 0 23.7125 4.05335e-06 1.89013e-05 0.149633 7.26514e-16 0 0
q_reclas_q_pelaces
1.32939 1.84936
M
1
N
 167674 35758.2 89988.2 6080.75 0.223229
 93913.3 53316.5 10731.1 26888.7 1816.58
 94619.7 26381.2 13456.8 2686.79 7183.92
 143236 26699.8 6700.56 3390.98 2486.23
 116429 35250.2 5601.77 1389.07 1217.58
 208945 37485.3 10764.1 1703.79 792.648
 83588.6 60198.3 9801.29 2794.08 647.751
 36202 17453.3 10039.1 1607.18 563.863
 34864.4 12093.8 5611.64 3218.55 695.928
 46298.7 8743.9 2605.28 1195.15 833.176
 87679.9 9933.42 1514.6 444.087 345.437
 125986 28662.9 3098.59 470.799 245.368
 103912 28821.4 5430.39 578.799 133.672
 74122.8 24369.8 5653.39 1050.99 137.79
 68293.3 12439.2 2995.11 678.752 142.546
 364395 14276.8 2077.94 491.971 134.782
 74631.3 86245.7 2836.48 407.449 122.808
 596268 20630 21284.1 694.063 129.689
 328039 167917 5225.11 5348.01 206.893
 255571 82776.6 36483.7 1122.59 1192.72
 356998 65808.6 18500.8 8067.98 511.705
 499874 99039.7 16322.4 4550.31 2109.23
 97513.7 129210 22254.4 3629.31 1479.9
 285524 29077.8 35448.1 6067.3 1392.47
 241308 87166 8243.63 9993.92 2102.51
 108718 73711.1 24732.2 2326.1 3412.22
 238628 34443.1 22007.8 7351.43 1705.24
 275490 72783.2 9752.33 6196.63 2549.27
 80924.1 86647.1 21511.5 2868.92 2572.2
 60385.5 25820.3 26127.7 6459.15 1633.4
 243628 17966.1 7061.5 7100.53 2198.49
pred_Ctot
 14549.6 4234.06 10863.7 734.845 0.0269781
 14345.5 10908 2235.32 5606.32 378.779
 14237.1 5320.03 2763.08 552.208 1476.56
 30964.6 7587.31 1936.02 980.635 719.023
 9287.62 3844.52 622.984 154.642 135.558
 29216.6 7046.38 2060.7 326.493 151.901
 23913.4 22155.3 3662.04 1044.78 242.222
 2120.12 1405.62 824.791 132.182 46.3773
 7235.17 3307.7 1560.82 896.007 193.748
 12739.3 3105.82 939.676 431.42 300.769
 6233.28 967.807 150.5 44.1735 34.3626
 31292.9 9267.21 1017.9 154.79 80.6763
 24692.8 8944.58 1712.74 182.709 42.1982
 27124.5 11178.6 2627.84 488.87 64.0957
 19505 4571.13 1117.37 253.421 53.2235
 85129.4 4361.24 645.156 152.878 41.8848
 12003.4 18535.3 620.552 89.2241 26.8941
 90327.2 4187.26 4398.53 143.571 26.8283
 67147.5 45338 1434.8 1469.86 56.8658
 49896.8 21377.5 9584.41 295.176 313.632
 56775.7 13992.1 4004.46 1747.96 110.868
 96690.4 25354.4 4250.73 1186.08 549.817
 11878.1 21267.4 3731.9 609.212 248.428
 31180.8 4306.12 5349.65 916.568 210.367
 26274.8 12871.6 1240.55 1505.46 316.734
 9657.02 8929.45 3054.54 287.579 421.88
 26176.9 5122.94 3335.77 1115.39 258.741
 25583.8 9207.75 1257.73 799.977 329.126
 6866.65 10038 2540.92 339.226 304.157
 7427.47 4290.02 4422.66 1094.43 276.775
 30964 3080.85 1233.56 1241.6 384.448
F
 0.145776 0.20363 0.207974 0.208207 0.20822
 0.26972 0.376763 0.384801 0.385233 0.385256
 0.265208 0.37046 0.378364 0.378789 0.378811
 0.402024 0.561575 0.573555 0.5742 0.574234
 0.133335 0.186251 0.190225 0.190439 0.19045
 0.244428 0.341434 0.348718 0.34911 0.349131
 0.566376 0.791153 0.80803 0.808939 0.808987
 0.0964215 0.134688 0.137561 0.137716 0.137724
 0.38311 0.535154 0.546571 0.547185 0.547218
 0.539209 0.753204 0.769273 0.770137 0.770183
 0.118091 0.164957 0.168476 0.168666 0.168676
 0.475056 0.66359 0.677747 0.678509 0.678549
 0.450195 0.628863 0.642279 0.643001 0.643039
 0.784873 1.09636 1.11975 1.12101 1.12108
 0.565174 0.789474 0.806316 0.807222 0.80727
 0.441039 0.616073 0.629216 0.629923 0.629961
 0.285811 0.39924 0.407757 0.408215 0.40824
 0.267221 0.373273 0.381236 0.381665 0.381687
 0.376989 0.526604 0.537838 0.538443 0.538474
 0.356749 0.498331 0.508962 0.509534 0.509564
 0.28221 0.39421 0.402619 0.403072 0.403096
 0.352919 0.492981 0.503498 0.504064 0.504094
 0.210018 0.293367 0.299626 0.299963 0.29998
 0.186513 0.260534 0.266092 0.266391 0.266407
 0.185921 0.259707 0.265247 0.265545 0.265561
 0.149448 0.208759 0.213213 0.213452 0.213465
 0.187422 0.261804 0.267389 0.26769 0.267705
 0.156707 0.218899 0.223569 0.22382 0.223833
 0.142352 0.198847 0.203089 0.203317 0.203329
 0.212262 0.296503 0.302828 0.303168 0.303186
 0.220011 0.307327 0.313883 0.314236 0.314255
YTP_r0W_actual
 257001 43439.9 34046.2 42462.6 14339.9
YTP_p0W_proyectada
 160840 205549 19521 9928.27 14250.3
 160840 150192 79380.7 6943.76 3883.6
CTP_r0_actual
 30964 3080.85 1233.56 1241.6 384.448
CTP_p0_proyectada
 21331.6 11779.3 811.008 316.994 404.264
 21331.6 8606.97 3297.91 221.704 110.173
Wmedp
 7.54 17.45 24.07 31.32 35.25
Frms_r0
 0.220011 0.307327 0.313883 0.314236 0.314255
Zrms_r0
 1.22001 1.30733 1.31388 1.31424 1.31425
nmprior
 7.27 8.72 9 0
nm_flota  nm_reclas  nm_pelaces    nm_pelaL
inf 13.8381 17.8855 42.4864
cv_recla  cv_pelaces  cv_mph
0.318259 0.466237 0.881259
 ------------------------------------------------
Talla a la edad & desviaci?n 
 8 13.2811 15.8009 17.003 17.5766
 0.8 1.32811 1.58009 1.7003 1.75766
