years
 1991 1992 1993 1994 1995 1996 1997 1998 1999 2000 2001 2002 2003 2004 2005 2006 2007 2008 2009 2010 2011 2012 2013 2014 2015 2016 2017 2018
reclasobs
 0 0 0 0 0 0 0 0 0 252601 567819 844713 477998 351125 339783 2.1784e+06 2.13404e+06 4.81314e+06 1.55562e+06 2.62356e+06 3.21686e+06 3.843e+06 1.13348e+06 3.07943e+06 1.97215e+06 2.03268e+06 2.025e+06 2.42433e+06
reclaspred
 3.16282e+06 1.72297e+06 866867 918021 944005 1.66946e+06 930932 801666 562655 370048 511917 700304 675082 494232 484354 1.37398e+06 1.20916e+06 3.21035e+06 2.52784e+06 1.78943e+06 3.08674e+06 2.55371e+06 1.91481e+06 3.09285e+06 2.29293e+06 2.01553e+06 2.12254e+06 2.26232e+06
pelacesobs
 0 0 0 0 0 0 0 0 0 0 0 0 0 0 0 552880 188675 0 991730 2.46772e+06 1.41603e+06 1.21717e+06 2.29649e+06 1.80582e+06 0 1.4828e+06 1.56532e+06 1.57751e+06
pelacespred
 1.90415e+06 1.12448e+06 547437 449817 515396 915094 470426 532086 341395 201030 294403 335000 358794 260386 262092 622934 605180 1.76732e+06 1.47021e+06 960170 1.62034e+06 1.41053e+06 1.13139e+06 1.92376e+06 1.42416e+06 1.2639e+06 1.44782e+06 1.37918e+06
mphobs
 0 0 0 0 0 0 0 0 0 0 0 498337 0 5186 125008 0 168611 109162 213762 579715 649985 157893 87575 83554 210694 70296 0 107559
mphpred
 413654 276262 131795 72913.7 82371.2 101582 141378 74690 68076.7 41773.6 24733.4 53060 56377.4 44814.9 26633.7 34357.9 130086 114537 273348 188192 192507 236631 229164 180818 267473 220028 177741 163479
desembarqueobs
 494567 514787 250237 358949 120608 361735 552515 73892 212993 205616 52469 317467 293654 387597 252695 516296 358380 742168 942051 627588 828172 859565 418607 520667 417249 300574 415391 372974
desembarquepred
 494571 513978 250628 358978 120613 361740 552536 73897.4 213056 205674 52471.8 317525 293685 387568 252668 516224 358411 742003 941716 627343 828254 859541 418607 520691 417233 300568 415386 372972
Reclutas
 163725 94028.6 90511.2 141874 113696 208469 83105.8 34812.1 33530.6 44456.6 83475.2 123244 101368 72799.8 65333.9 349296 71218.2 572510 318751 247570 342339 485056 92624.8 274133 235015 102264 185992 228155
log_desv_Rt
 0.189965 -0.364623 -0.40275 0.0467176 -0.174696 0.431566 -0.488109 -1.35826 -1.39576 -1.11371 -0.483674 -0.0940528 -0.289467 -0.620509 -0.728713 0.947698 -0.642475 1.44181 0.856189 0.603472 0.927578 1.27604 -0.379666 0.705389 0.551426 -0.280668 0.317483 0.5218
SSB
 1.81863e+06 1.21459e+06 579437 320566 362146 446607 621571 328375 299300 183658 108741 233279 247864 197029 117095 151055 571923 503564 1.20178e+06 827386 846357 1.04035e+06 1.00752e+06 794969 1.17595e+06 967354 781440 718737
BT
 2.60549e+06 1.79627e+06 870917 853480 722685 1.47093e+06 1.04638e+06 717818 625507 445127 423317 687501 718312 736118 594491 1.24382e+06 1.01068e+06 2.97569e+06 2.7195e+06 1.7247e+06 2.73894e+06 2.5384e+06 1.71598e+06 2.94818e+06 2.09947e+06 1.78966e+06 2.24652e+06 2.08937e+06
Ftot
 0.226106 0.418768 0.41211 0.597562 0.197143 0.34625 0.819124 0.140735 0.562743 0.810349 0.172971 0.694059 0.66201 1.1523 0.832749 0.634413 0.434482 0.386973 0.55848 0.531275 0.419473 0.521187 0.319358 0.273691 0.275577 0.223137 0.308995 0.269103
BD_Bspro_t
 0.964583 0.758646 0.540712 0.438044 0.438727 0.540193 0.547043 0.350279 0.408157 0.342324 0.292116 0.556725 0.432712 0.334363 0.222224 0.271498 0.465132 0.421225 0.565762 0.443758 0.403774 0.451362 0.47044 0.450167 0.579796 0.589936 0.59227 0.604496
BD_Bspro
 1.89429 1.26511 0.60354 0.333901 0.37721 0.465185 0.647427 0.342035 0.31175 0.191298 0.113264 0.242983 0.258174 0.205225 0.121966 0.157338 0.595714 0.524511 1.25177 0.861804 0.881564 1.08362 1.04943 0.828038 1.22487 1.00759 0.813946 0.748636
BD_Bo
 1.44164 0.962806 0.459321 0.254113 0.287074 0.354027 0.492721 0.260304 0.237256 0.145586 0.0861991 0.184921 0.196482 0.156185 0.0928218 0.119741 0.453365 0.399176 0.952651 0.655871 0.670909 0.824687 0.798666 0.630174 0.932178 0.766824 0.619449 0.569745
BD_Brms
 2.62116 1.75056 0.835129 0.462024 0.521952 0.643685 0.895857 0.47328 0.431374 0.264702 0.156726 0.33622 0.35724 0.283974 0.168767 0.217712 0.8243 0.725775 1.73209 1.19249 1.21984 1.49943 1.45212 1.14577 1.69487 1.39423 1.12627 1.0359
Sel_flota
 0.750073 0.982765 0.999078 0.999951 0.999997
 0.750073 0.982765 0.999078 0.999951 0.999997
 0.750073 0.982765 0.999078 0.999951 0.999997
 0.750073 0.982765 0.999078 0.999951 0.999997
 0.750073 0.982765 0.999078 0.999951 0.999997
 0.750073 0.982765 0.999078 0.999951 0.999997
 0.750073 0.982765 0.999078 0.999951 0.999997
 0.750073 0.982765 0.999078 0.999951 0.999997
 0.750073 0.982765 0.999078 0.999951 0.999997
 0.750073 0.982765 0.999078 0.999951 0.999997
 0.750073 0.982765 0.999078 0.999951 0.999997
 0.750073 0.982765 0.999078 0.999951 0.999997
 0.750073 0.982765 0.999078 0.999951 0.999997
 0.750073 0.982765 0.999078 0.999951 0.999997
 0.750073 0.982765 0.999078 0.999951 0.999997
 0.750073 0.982765 0.999078 0.999951 0.999997
 0.750073 0.982765 0.999078 0.999951 0.999997
 0.750073 0.982765 0.999078 0.999951 0.999997
 0.750073 0.982765 0.999078 0.999951 0.999997
 0.750073 0.982765 0.999078 0.999951 0.999997
 0.750073 0.982765 0.999078 0.999951 0.999997
 0.750073 0.982765 0.999078 0.999951 0.999997
 0.750073 0.982765 0.999078 0.999951 0.999997
 0.750073 0.982765 0.999078 0.999951 0.999997
 0.750073 0.982765 0.999078 0.999951 0.999997
 0.750073 0.982765 0.999078 0.999951 0.999997
 0.750073 0.982765 0.999078 0.999951 0.999997
 0.750073 0.982765 0.999078 0.999951 0.999997
Sel_reclas
 1 1 1 1 1
 1 1 1 1 1
 1 1 1 1 1
 1 1 1 1 1
 1 1 1 1 1
 1 1 1 1 1
 1 1 1 1 1
 1 1 1 1 1
 1 1 1 1 1
 1 1 1 1 1
 1 1 1 1 1
 1 1 1 1 1
 1 1 1 1 1
 1 1 1 1 1
 1 1 1 1 1
 1 1 1 1 1
 1 1 1 1 1
 1 1 1 1 1
 1 1 1 1 1
 1 1 1 1 1
 1 1 1 1 1
 1 1 1 1 1
 1 1 1 1 1
 1 1 1 1 1
 1 1 1 1 1
 1 1 1 1 1
 1 1 1 1 1
 1 1 1 1 1
Sel_pelaces
 0.807082 0.954657 0.990651 0.998128 0.999628
 0.807082 0.954657 0.990651 0.998128 0.999628
 0.807082 0.954657 0.990651 0.998128 0.999628
 0.807082 0.954657 0.990651 0.998128 0.999628
 0.807082 0.954657 0.990651 0.998128 0.999628
 0.807082 0.954657 0.990651 0.998128 0.999628
 0.807082 0.954657 0.990651 0.998128 0.999628
 0.807082 0.954657 0.990651 0.998128 0.999628
 0.807082 0.954657 0.990651 0.998128 0.999628
 0.807082 0.954657 0.990651 0.998128 0.999628
 0.807082 0.954657 0.990651 0.998128 0.999628
 0.807082 0.954657 0.990651 0.998128 0.999628
 0.807082 0.954657 0.990651 0.998128 0.999628
 0.807082 0.954657 0.990651 0.998128 0.999628
 0.807082 0.954657 0.990651 0.998128 0.999628
 0.807082 0.954657 0.990651 0.998128 0.999628
 0.807082 0.954657 0.990651 0.998128 0.999628
 0.807082 0.954657 0.990651 0.998128 0.999628
 0.807082 0.954657 0.990651 0.998128 0.999628
 0.807082 0.954657 0.990651 0.998128 0.999628
 0.807082 0.954657 0.990651 0.998128 0.999628
 0.807082 0.954657 0.990651 0.998128 0.999628
 0.807082 0.954657 0.990651 0.998128 0.999628
 0.807082 0.954657 0.990651 0.998128 0.999628
 0.807082 0.954657 0.990651 0.998128 0.999628
 0.807082 0.954657 0.990651 0.998128 0.999628
 0.807082 0.954657 0.990651 0.998128 0.999628
 0.807082 0.954657 0.990651 0.998128 0.999628
pf_obs 
 0.8446 0.082 0.0669 0.0065 0
 0.8095 0.147 0.0364 0.0071 0
 0.9664 0.0169 0.016 0.0007 0
 0.9276 0.0648 0.0075 0.0001 0
 0.7033 0.2144 0.0806 0.0017 0
 0.9318 0.0425 0.0243 0.0014 0
 0.5671 0.3108 0.0964 0.0239 0.0018
 0.0768 0.2599 0.5324 0.112 0.0189
 0.490249 0.384438 0.106611 0.0170017 0.00170017
 0.7925 0.1577 0.0466 0.003 0.0002
 0.840416 0.127587 0.0312969 0.00059994 9.999e-05
 0.8084 0.0986 0.0794 0.0134 0.0002
 0.7335 0.1905 0.0724 0.0035 0.0001
 0.4001 0.4547 0.1325 0.0127 0
 0.49795 0.308269 0.164784 0.0264974 0.00249975
 0.9179 0.0499 0.0305 0.0017 0
 0.2467 0.6533 0.0926 0.0074 0
 0.9418 0.0223 0.034 0.0019 0
 0.707729 0.231977 0.0356964 0.0245975 0
 0.517169 0.277429 0.184464 0.0207286 0.00020938
 0.811772 0.124168 0.05621 0.00726502 0.000585176
 0.764997 0.148141 0.077277 0.00933861 0.000247198
 0.163321 0.427699 0.378323 0.0303852 0.000271297
 0.753843 0.0900009 0.118128 0.0371064 0.000921714
 0.721811 0.176058 0.0630433 0.0369309 0.00215725
 0.143369 0.312575 0.442814 0.0836902 0.0175525
 0.692698 0.0596174 0.167031 0.0765114 0.00414204
 0.394062 0.376323 0.152708 0.0712218 0.00568511
pf_pred 
 0.511897 0.140211 0.325388 0.0225031 8.90829e-07
 0.462238 0.315225 0.0647486 0.14759 0.0101977
 0.606543 0.2137 0.10627 0.0213978 0.0520896
 0.760717 0.162927 0.0418569 0.0204047 0.0140946
 0.684535 0.258159 0.0392958 0.00987789 0.00813189
 0.771809 0.169527 0.0481628 0.00720301 0.00329807
 0.485844 0.4227 0.0682827 0.0190288 0.00414457
 0.485764 0.298358 0.178248 0.0281047 0.00952557
 0.565007 0.242057 0.112752 0.0662173 0.0139663
 0.744413 0.165653 0.0505335 0.0230364 0.0163634
 0.854921 0.117566 0.0179863 0.00535591 0.00417039
 0.766587 0.207 0.0214759 0.00322861 0.00170838
 0.715097 0.235057 0.0443207 0.00449374 0.00103175
 0.677493 0.252383 0.0580851 0.0107058 0.00133307
 0.783984 0.165357 0.0398886 0.00892347 0.00184669
 0.94857 0.0433216 0.00624264 0.00146938 0.000396219
 0.405493 0.572673 0.0184561 0.00260099 0.00077637
 0.920536 0.0384628 0.0395244 0.00124847 0.000228216
 0.604256 0.372445 0.011392 0.0114788 0.000428413
 0.636505 0.247827 0.108998 0.00326316 0.00340685
 0.759363 0.171063 0.0477534 0.0205636 0.00125692
 0.774289 0.183568 0.0301331 0.00824556 0.00376373
 0.332921 0.551934 0.0940161 0.0151124 0.00601611
 0.763502 0.0954 0.117124 0.0195785 0.00439546
 0.645894 0.288272 0.0268509 0.0323651 0.0066182
 0.446126 0.393577 0.130952 0.0119753 0.0173692
 0.704289 0.153441 0.101622 0.0332129 0.00743524
 0.715443 0.217453 0.0351379 0.0228395 0.00912644
pobs_RECLAS
 0 0 0 0 0
 0 0 0 0 0
 0 0 0 0 0
 0 0 0 0 0
 0 0 0 0 0
 0 0 0 0 0
 0 0 0 0 0
 0 0 0 0 0
 0 0 0 0 0
 0 0 0 0 0
 0.991045 0.00858322 0.000360255 1.14367e-05 0
 0.934742 0.0480273 0.0164251 0.00080598 0
 0.827803 0.169806 0.00239088 0 0
 0.941827 0.0461693 0.0120037 0 0
 0.791401 0.0380133 0.147996 0.0225897 0
 0.846168 0.0940531 0.0597789 0 0
 0.134021 0.677848 0.182769 0.00536245 0
 0.80878 0.0450904 0.141981 0.00414843 0
 0.846168 0.0940531 0.0597789 0 0
 0.905697 0.0802665 0.012482 0.00150086 5.37128e-05
 0.989698 0.0102097 9.19794e-05 0 0
 0.975433 0.0193895 0.00387452 0.00125025 5.28907e-05
 0.303575 0.632131 0.0575291 0.00676475 0
 0.966965 0.00978017 0.0227588 0.000495775 0
 0.843318 0.132988 0.00938335 0.0141283 0.000182051
 0.564624 0.303363 0.111486 0.0197234 0.00080311
 0.826376 0.0876187 0.0782897 0.00655872 0.00115652
 0.89761 0.0855135 0.0140674 0.00269457 0.000114338
ppred_RECLAS
 0.582957 0.121246 0.276679 0.0191174 7.56763e-07
 0.534188 0.275068 0.0555343 0.126471 0.00873803
 0.672945 0.179063 0.0875249 0.0176072 0.04286
 0.809923 0.130169 0.0328544 0.016001 0.0110522
 0.741225 0.21242 0.0317957 0.00798545 0.00657365
 0.817821 0.135942 0.0379673 0.00567307 0.00259742
 0.560395 0.3626 0.0575076 0.0160104 0.00348697
 0.555587 0.259666 0.152567 0.0240343 0.00814558
 0.635368 0.204522 0.0936051 0.0549213 0.0115832
 0.797596 0.132049 0.0395498 0.0180117 0.0127936
 0.88604 0.0926455 0.0139385 0.0041469 0.00322883
 0.814884 0.164504 0.0167628 0.00251765 0.00133212
 0.77083 0.189666 0.0351281 0.00355831 0.000816939
 0.742436 0.202422 0.0456833 0.00841122 0.00104729
 0.830629 0.130215 0.0308381 0.00689202 0.00142621
 0.961063 0.0328909 0.00465592 0.00109487 0.000295216
 0.474884 0.506152 0.0160328 0.00225741 0.000673781
 0.939256 0.0296627 0.0299626 0.000945574 0.000172839
 0.670399 0.310523 0.0093323 0.00939466 0.00035061
 0.700677 0.205213 0.088688 0.00265266 0.00276933
 0.807708 0.137386 0.0376965 0.016218 0.000991252
 0.820592 0.146392 0.0236137 0.00645561 0.00294656
 0.397916 0.499628 0.0836702 0.0134373 0.00534898
 0.811339 0.0768799 0.0928031 0.015499 0.00347943
 0.707013 0.239286 0.0219141 0.0263907 0.00539627
 0.515944 0.345651 0.113087 0.0103324 0.0149855
 0.76018 0.125472 0.0816984 0.0266772 0.00597183
 0.768971 0.177267 0.0281639 0.01829 0.00730816
pobs_PELACES
 0 0 0 0 0
 0 0 0 0 0
 0 0 0 0 0
 0 0 0 0 0
 0 0 0 0 0
 0 0 0 0 0
 0 0 0 0 0
 0 0 0 0 0
 0 0 0 0 0
 0 0 0 0 0
 0 0 0 0 0
 0 0 0 0 0
 0 0 0 0 0
 0 0 0 0 0
 0 0 0 0 0
 0 0 0 0 0
 0.505614 0.472636 0.0217494 0 0
 0 0 0 0 0
 0.443492 0.261883 0.143347 0.151278 0
 0.227955 0.32914 0.350689 0.0885471 0.00366901
 0.970185 0.0296113 0.000203453 0 0
 0.997202 0.00247181 0.000326279 0 0
 0.445219 0.490057 0.0546422 0.010081 0
 0.90214 0.0892962 0.00764917 0.000914606 0
 0 0 0 0 0
 0.581667 0.319106 0.0959925 0.00289975 0.000334073
 0.762889 0.0836404 0.116647 0.0363945 0.000428098
 0.88444 0.0763242 0.0277011 0.0115352 0
ppred_PELACES
 0.539541 0.13045 0.30853 0.0214777 8.51471e-07
 0.496148 0.292632 0.0611697 0.14034 0.00971072
 0.638247 0.194626 0.0985 0.0199623 0.0486654
 0.788438 0.143164 0.0373762 0.0183375 0.0126849
 0.709416 0.236865 0.0367524 0.00929948 0.00766683
 0.794278 0.152072 0.0439917 0.00662218 0.00303651
 0.532854 0.382961 0.0627495 0.0175974 0.00383833
 0.512581 0.280325 0.170786 0.0271063 0.00920052
 0.602075 0.219548 0.103955 0.0614443 0.0129783
 0.777808 0.143129 0.0442911 0.0203186 0.0144536
 0.868628 0.106015 0.0165358 0.00495653 0.00386501
 0.796328 0.180283 0.0189923 0.00287346 0.00152265
 0.748366 0.207013 0.039645 0.00404538 0.000930151
 0.725572 0.214181 0.0498494 0.0092445 0.00115275
 0.814287 0.141642 0.0346532 0.00780124 0.00161677
 0.956115 0.0368644 0.00539668 0.00127841 0.000345219
 0.441166 0.537942 0.0176409 0.00250227 0.000747982
 0.929697 0.0337126 0.0352638 0.00112115 0.000205239
 0.641694 0.336816 0.0104726 0.0106205 0.000396949
 0.670926 0.223139 0.099785 0.00300663 0.00314356
 0.783933 0.152724 0.0433869 0.0188048 0.00115108
 0.799897 0.162171 0.0270691 0.00745501 0.0034078
 0.362643 0.525551 0.0911729 0.0147513 0.00588087
 0.784117 0.0860586 0.107641 0.0181113 0.00407197
 0.674077 0.264204 0.0250711 0.0304182 0.00622911
 0.475566 0.370454 0.125621 0.0115634 0.0167961
 0.729362 0.139059 0.0938027 0.0308581 0.0069181
 0.739998 0.197653 0.0325397 0.0212895 0.00851942
pobs_pel_tallas
 0 0 0 0 0 0 0 0 0 0 0 0 0 0 0 0 0 0 0 0 0 0 0 0 0 0
 0 0 0 0 0 0 0 0 0 0 0 0 0 0 0 0 0 0 0 0 0 0 0 0 0 0
 0 0 0 0 0 0 0 0 0 0 0 0 0 0 0 0 0 0 0 0 0 0 0 0 0 0
 0 0 0 0 0 0 0 0 0 0 0 0 0 0 0 0 0 0 0 0 0 0 0 0 0 0
 0 0 0 0 0 0 0 0 0 0 0 0 0 0 0 0 0 0 0 0 0 0 0 0 0 0
 0 0 0 0 0 0 0 0 0 0 0 0 0 0 0 0 0 0 0 0 0 0 0 0 0 0
 0 0 0 0 0 0 0 0 0 0 0 0 0 0 0 0 0 0 0 0 0 0 0 0 0 0
 0 0 0 0 0 0 0 0 0 0 0 0 0 0 0 0 0 0 0 0 0 0 0 0 0 0
 0 0 0 0 0 0 0 0 0 0 0 0 0 0 0 0 0 0 0 0 0 0 0 0 0 0
 0 0 0 0 0 0 0 0 0 0 0 0 0 0 0 0 0 0 0 0 0 0 0 0 0 0
 0 0 0 0 0 0 0 0 0 0 0 0 0 0 0 0 0 0 0 0 0 0 0 0 0 0
 0 0 0 0 0 0 0 0 0 0 0 0 0 0 0 0 0 0 0 0 0 0 0 0 0 0
 0.00862536 0 0 0.000197151 0.00414017 0.0128641 0.00837892 0.0270097 0.101434 0.158115 0.152841 0.127902 0.109271 0.109419 0.0830992 0.0579132 0.0238553 0.00714673 0.00463305 0.00128148 0.00103504 0.000492878 0.000147863 0.000147863 4.92878e-05 0
 0 0 0 0 0 0 0 0 0 0 0 0 0 0 0 0 0 0 0 0 0 0 0 0 0 0
 0 0 0 0 0 0 0 0.0054083 0.00873648 0.0413646 0.0450493 0.0745869 0.0622846 0.0627006 0.0613931 0.0827291 0.12552 0.122667 0.0946155 0.0697135 0.0546179 0.0294188 0.0215738 0.0213955 0.0102223 0.00600262
 0 0 0 0 0.00359764 0.0251062 0.0480494 0.140153 0.205849 0.193036 0.1447 0.116669 0.0760912 0.0342217 0.00950174 0.001854 0.000860785 0 0 0 0.000165536 0 0.000143464 0 0 0
 0 0 0 0 0 0 0 0.000145254 0.000435761 0.0275982 0.070085 0.0708112 0.156366 0.174668 0.174014 0.160142 0.0824315 0.0480064 0.0283245 0.00493863 0.00203355 0 0 0 0 0
 0 0 0 0 0 0 0 0 0 0 0 0 0 0 0 0 0 0 0 0 0 0 0 0 0 0
 0 0 1.00437e-05 0.000401748 0.00122533 0.00171747 0.00176769 0.0269171 0.070346 0.194647 0.189555 0.159765 0.064822 0.0314167 0.0384472 0.0292271 0.0345202 0.0313363 0.0194345 0.0106764 0.0143323 0.0359363 0.0279516 0.0138201 0.00172751 0
 0 0.0021121 0.0136068 0.0755702 0.200478 0.177729 0.0527432 0.0373336 0.0318909 0.0142505 0.0149659 0.0166563 0.0217959 0.0798694 0.0677717 0.0528807 0.04013 0.0224614 0.0357745 0.0225083 0.00881397 0.00855152 0.00135912 0.000746735 0 0
 0 0 0 0 5.4009e-05 0.00500934 0.000945158 0.0243581 0.138947 0.33067 0.221406 0.137944 0.0707744 0.0437923 0.0131692 0.00525238 0.0047753 0.00276346 9.45158e-05 9.00151e-06 2.25038e-05 9.00151e-06 4.50075e-06 0 0 0
 0.000866109 0.00284123 0.00948549 0.0512746 0.133035 0.25785 0.225252 0.132002 0.0553304 0.0519788 0.0540692 0.017754 0.00435017 0.00159236 0.00146478 0.000404838 0.000125132 0.000115318 0.000107957 0.000100596 0 0 0 0 0 0
 0 0 0 0 0.00144013 0.00171154 0.00461396 0.0210425 0.0478622 0.0707936 0.0888783 0.103762 0.0637923 0.0337046 0.0602308 0.124433 0.169614 0.0934646 0.0462172 0.0250306 0.0313229 0.00938855 0.002487 0.000210481 0 0
 0 0.00764035 0.051015 0.0998891 0.058973 0.0496711 0.0374665 0.0718981 0.12319 0.153886 0.159021 0.0857701 0.0377988 0.023471 0.0147837 0.00900784 0.00315554 0.000888139 0.00291439 0.00214683 0.00393193 0.00274676 0.000635225 9.99891e-05 0 0
 0 0 0 0 0 0 0 0 0 0 0 0 0 0 0 0 0 0 0 0 0 0 0 0 0 0
 0 0 0 0 0 0 0 0 0 0 0 0 0 0 0 0 0 0 0 0 0 0 0 0 0 0
 0 0 0 0 0 0 0 0 0 0 0 0 0 0 0 0 0 0 0 0 0 0 0 0 0 0
 0 0 0 0 0 0 0 0 0 0 0 0 0 0 0 0 0 0 0 0 0 0 0 0 0 0
ppred_pel_tallas
 1.11091e-16 4.44413e-05 0.000431986 0.0028707 0.0130498 0.0406028 0.086509 0.126265 0.126278 0.0865728 0.0408185 0.0136787 0.00447114 0.00399766 0.00702652 0.0120929 0.0186867 0.0261385 0.0336963 0.0408562 0.0473797 0.0529107 0.0566163 0.0573356 0.0542326 0.0474371
 1.17558e-16 4.08671e-05 0.000397243 0.00263982 0.0120003 0.0373374 0.0795524 0.116115 0.116143 0.0796906 0.0378018 0.0133428 0.00601437 0.00777967 0.0141102 0.0233977 0.0340408 0.0435773 0.0495856 0.0511064 0.0492627 0.046454 0.0447405 0.0446678 0.0452644 0.0449373
 1.1313e-16 5.25716e-05 0.000511014 0.00339587 0.0154371 0.0480308 0.102335 0.149365 0.149384 0.102428 0.0483412 0.0163352 0.00565631 0.00546631 0.00952522 0.0158276 0.023185 0.029992 0.0346552 0.0364818 0.0360674 0.0347898 0.033823 0.0334669 0.0332033 0.0322434
 1.05101e-16 6.49426e-05 0.000631265 0.00419498 0.0190698 0.0593332 0.126416 0.184511 0.184525 0.126484 0.0595603 0.0197262 0.00584431 0.00423761 0.00693157 0.0114035 0.0165343 0.0210389 0.0236602 0.0238412 0.0220509 0.0194369 0.0170861 0.015475 0.0144367 0.0135062
 1.03352e-16 5.84337e-05 0.000567996 0.00377454 0.0171585 0.0533866 0.113747 0.166021 0.166044 0.113858 0.0537613 0.0182409 0.00649175 0.00650086 0.0113296 0.0186472 0.0268795 0.0338525 0.0373912 0.036497 0.0319375 0.0257117 0.0198377 0.0154075 0.0124557 0.0104415
 1.02487e-16 6.54236e-05 0.000635941 0.00422605 0.019211 0.0597727 0.127353 0.185878 0.185893 0.127424 0.0600139 0.0199082 0.00597777 0.00446564 0.00735534 0.0120996 0.0175245 0.0222475 0.0248985 0.0248351 0.0224983 0.0190656 0.0156965 0.0129749 0.0108768 0.00910284
 1.04324e-16 4.38905e-05 0.000426632 0.00283512 0.0128881 0.0400997 0.0854381 0.124707 0.124744 0.0856185 0.0407056 0.0146383 0.00722923 0.0100215 0.0182736 0.0301598 0.0434876 0.0547826 0.0605266 0.0590918 0.0516941 0.041533 0.0318434 0.0243836 0.0192368 0.0155912
 1.09276e-16 4.22207e-05 0.0004104 0.00272726 0.0123977 0.0385741 0.0821872 0.11996 0.119987 0.0823203 0.0390218 0.0136935 0.00598987 0.00756638 0.0137315 0.0228921 0.0335752 0.0434805 0.0502525 0.0527535 0.0516192 0.0485763 0.0451321 0.0417456 0.0380007 0.0333626
 1.11415e-16 4.95922e-05 0.000482054 0.00320342 0.0145623 0.0453088 0.0965359 0.140901 0.140923 0.09664 0.0456588 0.0155749 0.00575209 0.00606851 0.0107268 0.0178344 0.026114 0.0337563 0.0389563 0.0409188 0.0402921 0.0385919 0.0370923 0.0360875 0.0349896 0.0329794
 1.05799e-16 6.4067e-05 0.000622754 0.00413842 0.0188127 0.0585333 0.124712 0.182023 0.182037 0.124779 0.0587606 0.0194698 0.0057901 0.00423616 0.00694982 0.0114502 0.0166372 0.0212439 0.0240306 0.0244487 0.0229588 0.0206768 0.0186383 0.0172629 0.0163391 0.0153839
 1.01656e-16 7.15478e-05 0.00069547 0.00462164 0.0210093 0.0653678 0.139273 0.203276 0.203286 0.139323 0.0655355 0.0214938 0.00583792 0.00335125 0.00511729 0.0083519 0.0120371 0.0151652 0.0167622 0.0163839 0.014376 0.0116335 0.00905701 0.0071292 0.0058565 0.00498727
 1.01141e-16 6.55925e-05 0.000637583 0.00423696 0.0192606 0.0599271 0.127682 0.186359 0.186376 0.127766 0.0602119 0.0200832 0.00630126 0.00514212 0.00861506 0.0141241 0.0203057 0.0254617 0.0279073 0.026863 0.0229165 0.0176261 0.0125983 0.00875301 0.00619989 0.00458047
 1.01761e-16 6.1642e-05 0.000599182 0.00398178 0.0181006 0.0563178 0.119992 0.175136 0.175156 0.120089 0.0566454 0.0190472 0.00635852 0.00578987 0.00992614 0.0163288 0.0235534 0.0296937 0.0328418 0.0321038 0.0281117 0.022564 0.0171853 0.0129264 0.00986578 0.00762518
 1.02616e-16 5.97644e-05 0.000580932 0.0038605 0.0175493 0.0546024 0.116337 0.169801 0.169822 0.116438 0.0549417 0.0185298 0.00632317 0.00596185 0.0102934 0.0169595 0.0245111 0.0310016 0.0344802 0.034034 0.0303047 0.0250057 0.0198505 0.0157424 0.0127001 0.010309
 1.02093e-16 6.70718e-05 0.000651962 0.00433252 0.019695 0.0612785 0.130561 0.19056 0.190574 0.130628 0.061503 0.0203437 0.00596192 0.00421279 0.00684095 0.0112326 0.0162429 0.0205687 0.0229254 0.0227147 0.0203619 0.0169934 0.0137268 0.0111378 0.00921588 0.00766991
 1.00352e-16 7.8754e-05 0.000765517 0.00508713 0.0231253 0.0719515 0.1533 0.223747 0.223751 0.153318 0.0720098 0.0232937 0.00550984 0.00168835 0.00183152 0.00290358 0.00417581 0.0052525 0.00578871 0.00562652 0.00488374 0.00387155 0.00290662 0.00216436 0.00165775 0.00131079
 1.01025e-16 3.63384e-05 0.000353222 0.00234729 0.0106705 0.0332001 0.0707381 0.103255 0.103307 0.070991 0.0340487 0.0131204 0.00849222 0.013752 0.0254368 0.0418731 0.0600307 0.0748879 0.0813517 0.0770726 0.0638763 0.0466021 0.030316 0.0180369 0.0102648 0.00593918
 1.01174e-16 7.65779e-05 0.000744365 0.00494657 0.0224864 0.0699635 0.149065 0.217565 0.217568 0.149081 0.0700178 0.0226438 0.00534393 0.00161923 0.00175975 0.00284419 0.00421984 0.00557576 0.00664047 0.00727142 0.00750469 0.00747208 0.00726315 0.00686163 0.00620063 0.0052657
 1.01521e-16 5.28555e-05 0.000513775 0.00341421 0.0155205 0.0482903 0.102889 0.150176 0.150209 0.103047 0.0488217 0.0170547 0.00726231 0.00890497 0.0159622 0.0262346 0.0376225 0.0469686 0.0510981 0.0485588 0.0405099 0.0299846 0.0201356 0.0128066 0.00824447 0.00571809
 1.03771e-16 5.52633e-05 0.000537179 0.00356975 0.0162276 0.0504901 0.107575 0.157014 0.157035 0.107681 0.0508451 0.0172543 0.00615195 0.00619043 0.0108393 0.0179551 0.0261439 0.0334633 0.0379422 0.0386236 0.0360576 0.0317916 0.0273117 0.0233099 0.0197172 0.0162179
 1.03372e-16 6.45716e-05 0.000627659 0.00417101 0.0189608 0.0589942 0.125694 0.183457 0.183472 0.125766 0.0592366 0.0196612 0.00593099 0.00447611 0.00739241 0.012169 0.0176419 0.0224364 0.0251949 0.0252934 0.0231919 0.0200744 0.0170794 0.0147371 0.0129459 0.0113309
 1.02148e-16 6.58865e-05 0.00064044 0.00425595 0.0193469 0.0601956 0.128254 0.187193 0.187209 0.12833 0.0604522 0.0200882 0.00611698 0.00470435 0.00778774 0.0127804 0.0184279 0.0232241 0.0256799 0.0251099 0.0220324 0.017803 0.0137881 0.0107241 0.00863313 0.00715664
 1.0524e-16 2.98706e-05 0.000290353 0.0019295 0.00877125 0.0272909 0.058148 0.0848793 0.08493 0.0583956 0.0281225 0.0111735 0.00796066 0.0134603 0.0250534 0.0414003 0.0597029 0.0752151 0.0831012 0.0811095 0.0708827 0.0567868 0.0432516 0.0327106 0.0253314 0.0200727
 1.05634e-16 6.45867e-05 0.000627806 0.00417199 0.0189653 0.059008 0.125723 0.183498 0.183507 0.125765 0.0591473 0.0193696 0.00519424 0.00288402 0.0044218 0.00739674 0.01109 0.0148682 0.0181064 0.0204828 0.0220819 0.023159 0.0237874 0.0237275 0.0226242 0.0203281
 1.04896e-16 5.55229e-05 0.000539703 0.00358651 0.0163038 0.0507273 0.108081 0.157752 0.157778 0.108205 0.0511449 0.0175098 0.00661341 0.00714638 0.0126002 0.0207377 0.0298606 0.0375471 0.0413814 0.0402861 0.0351817 0.028375 0.0221712 0.017778 0.0151398 0.0134978
 1.07722e-16 3.91718e-05 0.000380764 0.00253031 0.0115025 0.0357886 0.0762527 0.111301 0.111336 0.0764278 0.0363768 0.0132029 0.00680424 0.00972921 0.0178476 0.0295845 0.0429422 0.0546863 0.0615209 0.0618941 0.0568532 0.0491905 0.0416198 0.0354526 0.030555 0.0261813
 1.07008e-16 6.00766e-05 0.000583966 0.00388066 0.0176409 0.0548875 0.116944 0.170686 0.1707 0.11701 0.0551101 0.0182852 0.0055041 0.0041484 0.0068899 0.011454 0.0168675 0.0220002 0.0257308 0.0275377 0.0277493 0.0271819 0.0264788 0.0257113 0.0245026 0.0224543
 1.04567e-16 6.09527e-05 0.000592482 0.00393725 0.0178982 0.055688 0.11865 0.173177 0.173196 0.118743 0.0560009 0.018802 0.00620668 0.0055493 0.00948298 0.0156032 0.0225268 0.0284533 0.0315984 0.0311627 0.0278096 0.0232025 0.0189784 0.0159567 0.0140455 0.0126783
pSPR Fmed_Fpbrs
0.550175   0.6 0.325
Fs Fmed_Fpbrs
0.341307   0.28712 0.705399
SSBpbr Bo_Bmed_Bpbrs
1.26151e+06  630974  693829 346914
Ro
135399
SPR SPRFo_SPRFmed_SPRFpbrs
960063 528202 312021
Fref
0.28712
Nvult_r0
 159563 38943.3 6211.54 4034.69 1612.17
CTP_r0
 26798.1 8145.07 1316.15 855.49 341.846
YTP_r0
372972
Np
 225457 66871.1 19029.8 4231.75 855.847
Nvult_p0
 158585 48318.7 13774.9 3063.5 619.577
CTP_p0
 28101.2 10907.3 2472.77 392.312 326.359
 28101.2 10633.7 3070.59 683.354 138.21
YTP_p0
 485527 497624
CBA_c0
406738
log_Ro
11.636
likeval ReclasPelacesDesembMPH_pf_preclas_ppelaces_ptallas_desvR_qrecl_qpela
 11.7118 16.741 0.0276403 0.000907709 186.331 92.0678 78.9151 0 21.4413 6.71682e-06 2.73319e-05 0.13533 7.21753e-16 0 0
q_reclas_q_pelaces
1.4427 2.09457
M
1
N
 163725 34959.8 79924.6 5523 0.21863
 94028.6 50835.3 10298.4 23457.4 1620.71
 90511.2 25266.8 12391.9 2493.3 6069.32
 141874 24443.4 6199.6 3020.17 2086.11
 113696 33338.9 4998.3 1255.43 1033.47
 208469 36077 10104.5 1510.04 691.38
 83105.8 59149.9 9443.94 2630.17 572.847
 34812.1 16538.8 9728.59 1532.66 519.444
 33530.6 11523.7 5298.38 3109.51 655.823
 44456.6 8087.83 2438.44 1110.91 789.082
 83475.2 8905.7 1341.75 399.22 310.84
 123244 26972.2 2764.06 415.267 219.727
 101368 26939 5016.4 508.283 116.697
 72799.8 22696.2 5170.53 952.478 118.597
 65333.9 11284.2 2690.58 601.539 124.483
 349296 12869.8 1831.26 430.751 116.148
 71218.2 79843.2 2538.08 357.428 106.685
 572510 18913.1 19164.7 604.912 110.571
 318751 157555 4756.69 4789.64 178.752
 247570 77131.4 33479 1001.59 1045.65
 342339 61142 16833.9 7243.71 442.742
 485056 91942.7 14894 4072.7 1858.94
 92624.8 120703 20266.3 3255.19 1295.8
 274133 26816.4 32442.9 5418.92 1216.52
 235015 82131.7 7538.63 9079.72 1856.6
 102264 70312.3 23046.1 2105.84 3054.22
 185992 31822.9 20773 6783.98 1518.64
 228155 54268.1 8640.98 5612.21 2242.49
pred_Ctot
 16369.5 4483.67 10405.3 719.605 0.028487
 16435.9 11208.5 2302.28 5247.91 362.601
 15600.2 5496.33 2733.26 550.347 1339.74
 33591.1 7194.39 1848.28 901.012 622.377
 9999.05 3770.95 573.996 144.287 118.783
 30784.8 6761.83 1921.05 287.303 131.548
 25333.8 22041.2 3560.52 992.233 216.114
 2223.64 1365.77 815.953 128.653 43.6044
 7551.77 3235.29 1507.02 885.047 186.671
 13439.7 2990.71 912.333 415.9 295.425
 6488.86 892.327 136.516 40.6514 31.6533
 32971.4 8903.18 923.693 138.864 73.4786
 26103.2 8580.26 1617.84 164.035 37.6621
 28519.2 10624.1 2445.1 450.662 56.1156
 20171 4254.43 1026.29 229.59 47.513
 86879 3967.8 571.76 134.58 36.2895
 12856.1 18156.6 585.15 82.4643 24.6148
 93348.8 3900.4 4008.05 126.603 23.1427
 71333.3 43967.7 1344.84 1355.09 50.5747
 53121.9 20683.3 9096.83 272.339 284.332
 59928 13500.1 3768.64 1622.86 99.1943
 102404 24277.8 3985.24 1090.52 497.772
 12717.5 21083.7 3591.39 577.291 229.814
 32702.2 4086.16 5016.66 838.583 188.266
 28212.9 12591.8 1172.86 1413.72 289.086
 10099.3 8909.7 2964.46 271.094 393.198
 24785.2 5399.87 3576.27 1168.82 261.66
 26798.1 8145.07 1316.15 855.49 341.846
F
 0.169596 0.222209 0.225898 0.226095 0.226106
 0.314106 0.41155 0.418381 0.418747 0.418766
 0.309113 0.405008 0.41173 0.41209 0.412109
 0.448215 0.587263 0.597011 0.597533 0.59756
 0.147872 0.193745 0.196961 0.197133 0.197142
 0.259713 0.340283 0.345931 0.346233 0.346249
 0.614403 0.805006 0.818368 0.819084 0.819122
 0.105562 0.13831 0.140605 0.140728 0.140735
 0.422099 0.553045 0.562224 0.562716 0.562742
 0.607821 0.796383 0.809602 0.81031 0.810347
 0.129741 0.16999 0.172811 0.172962 0.17297
 0.520595 0.682097 0.693419 0.694025 0.694057
 0.496556 0.650601 0.6614 0.661978 0.662009
 0.864311 1.13244 1.15124 1.15225 1.1523
 0.624623 0.818397 0.831982 0.832709 0.832747
 0.475856 0.623479 0.633828 0.634382 0.634412
 0.325893 0.426994 0.434081 0.434461 0.434481
 0.290258 0.380303 0.386616 0.386954 0.386972
 0.418901 0.548855 0.557965 0.558453 0.558479
 0.398495 0.522119 0.530785 0.531249 0.531274
 0.314635 0.412244 0.419086 0.419453 0.419472
 0.390929 0.512205 0.520707 0.521162 0.521186
 0.239542 0.313854 0.319064 0.319343 0.319358
 0.205289 0.268974 0.273439 0.273678 0.273691
 0.206703 0.270828 0.275323 0.275564 0.275577
 0.167369 0.219291 0.222931 0.223126 0.223136
 0.231769 0.30367 0.30871 0.30898 0.308995
 0.201847 0.264465 0.268855 0.26909 0.269102
YTP_r0W_actual
 222424 97740.8 21848.1 20874 10084.5
YTP_p0W_proyectada
 211883 190333 59519.5 12287.2 11504.2
 211883 185557 73909.2 21402.6 4871.89
CTP_r0_actual
 26798.1 8145.07 1316.15 855.49 341.846
CTP_p0_proyectada
 28101.2 10907.3 2472.77 392.312 326.359
 28101.2 10633.7 3070.59 683.354 138.21
Wmedp
 7.54 17.45 24.07 31.32 35.25
Frms_r0
 0.201847 0.264465 0.268855 0.26909 0.269102
Zrms_r0
 1.20185 1.26447 1.26885 1.26909 1.2691
nmprior
 7.27 8.72 9 0
nm_flota  nm_reclas  nm_pelaces    nm_pelaL
inf 11.9412 15.6521 15.6521
cv_recla  cv_pelaces  cv_mph
0.333097 0.523396 0.869726
 ------------------------------------------------
Talla a la edad & desviaci?n 
 8 13.2811 15.8009 17.003 17.5766
 0.8 1.32811 1.58009 1.7003 1.75766
