years
 1991 1992 1993 1994 1995 1996 1997 1998 1999 2000 2001 2002 2003 2004 2005 2006 2007 2008 2009 2010 2011 2012 2013 2014 2015 2016 2017 2018 2019
reclasobs
 0 0 0 0 0 0 0 0 0 252601 567819 844713 477998 351125 339783 2.1784e+06 2.13404e+06 4.81314e+06 1.55562e+06 2.62356e+06 3.21686e+06 3.843e+06 1.13348e+06 3.07943e+06 1.97215e+06 2.03268e+06 2.025e+06 2.42433e+06 2.27542e+06
reclaspred
 3.19303e+06 1.74156e+06 878894 911695 929745 1.60889e+06 902048 783216 554234 371468 507796 689699 666518 490712 484745 1.35955e+06 1.21807e+06 3.16297e+06 2.50419e+06 1.77547e+06 3.07418e+06 2.53123e+06 1.91415e+06 3.06367e+06 2.25998e+06 2.00956e+06 2.46187e+06 2.50344e+06 1.98717e+06
pelacesobs
 0 0 0 0 0 0 0 0 0 0 0 0 0 0 0 552880 188675 0 991730 2.46772e+06 1.41603e+06 1.21717e+06 2.29649e+06 1.80582e+06 0 1.4828e+06 1.56532e+06 1.57751e+06 1.42118e+06
pelacespred
 1.92505e+06 1.14221e+06 559321 447864 505852 875002 454102 514735 334755 202223 290436 329151 353291 259286 262513 614020 608280 1.72864e+06 1.4527e+06 953464 1.60457e+06 1.39756e+06 1.12716e+06 1.89157e+06 1.39916e+06 1.25272e+06 1.67428e+06 1.54843e+06 1.18201e+06
mphobs
 0 0 0 0 0 0 0 0 0 0 0 498337 0 5186 125008 0 168611 109162 213762 579715 649985 157893 87575 83554 0 0 0 0 0
mphpred
 493952 329275 157656 87301.5 96644.9 117226 160207 85574.1 78283.5 48965.2 29666.7 61944.6 65908.1 52668.3 31771.2 41087.4 152867 136889 317820 221374 226498 278876 268869 213507 312195 254932 210386 230755 307981
desembarqueobs
 494567 514787 250237 358949 120608 361735 552515 73892 212993 205616 52469 317467 293654 387597 252695 516296 358380 742168 942051 627588 828172 859565 418607 520667 417249 300574 415391 372974 316634
desembarquepred
 494571 513936 250643 358980 120613 361742 552539 73897.3 213055 205673 52471.8 317527 293688 387576 252670 516227 358411 742008 941731 627353 828257 859551 418610 520693 417238 300571 415379 372940 316624
Reclutas
 166475 94257.6 93099.7 143171 115700 209132 83730.3 35803.8 34472.8 45762.6 86368.9 125190 103106 73739.8 67346.7 359846 74566.2 586628 327423 252048 353726 495330 95927.3 282879 238922 109038 243206 248131 85602.5
log_desv_Rt
 0.188744 -0.380068 -0.392427 0.0379429 -0.175096 0.416868 -0.498498 -1.34804 -1.38593 -1.10263 -0.467471 -0.0962658 -0.290346 -0.625556 -0.716245 0.959578 -0.614411 1.44829 0.865156 0.603522 0.942423 1.27913 -0.362508 0.718922 0.550038 -0.234402 0.567809 0.587858 -0.476384
SSB
 1.96224e+06 1.30806e+06 626294 346808 383925 465685 636429 339946 310984 194516 117852 246077 261822 209226 126212 163221 607267 543795 1.26255e+06 879416 899772 1.10785e+06 1.06809e+06 848162 1.2402e+06 1.01272e+06 835765 916680 1.22347e+06
BT
 2.78165e+06 1.90755e+06 930623 889883 753617 1.49738e+06 1.06609e+06 740721 646320 464067 444327 709438 742301 757760 619485 1.29088e+06 1.0661e+06 3.08299e+06 2.82478e+06 1.79993e+06 2.85905e+06 2.6464e+06 1.80443e+06 3.07508e+06 2.18702e+06 1.88368e+06 2.70046e+06 2.43108e+06 1.74265e+06
Ftot
 0.212634 0.393522 0.387005 0.577137 0.191322 0.345386 0.807268 0.137723 0.548037 0.776597 0.168422 0.678516 0.644867 1.12256 0.807905 0.624363 0.412684 0.38006 0.541129 0.513435 0.404984 0.505395 0.304679 0.266139 0.267082 0.214198 0.261512 0.232668 0.217287
BD_Bspro_t
 0.966668 0.772052 0.561749 0.460874 0.456902 0.554238 0.555066 0.359814 0.419387 0.356609 0.309784 0.570188 0.446651 0.348111 0.235628 0.286944 0.480377 0.440139 0.578318 0.459236 0.419313 0.467703 0.486525 0.468063 0.594154 0.602746 0.61199 0.659327 0.704083
BD_Bspro
 2.00303 1.33525 0.639315 0.354018 0.391907 0.475367 0.64966 0.347013 0.317449 0.19856 0.120302 0.251193 0.267265 0.213576 0.128836 0.166614 0.619892 0.555101 1.2888 0.897699 0.918478 1.13088 1.0903 0.865796 1.26599 1.03378 0.853141 0.935738 1.2489
BD_Bo
 1.43155 0.954294 0.456914 0.253014 0.280093 0.339741 0.464307 0.248008 0.226878 0.141909 0.0859791 0.179526 0.191013 0.152641 0.0920782 0.119078 0.443032 0.396726 0.921095 0.641579 0.656429 0.80823 0.779228 0.618778 0.904792 0.738834 0.609733 0.668765 0.89258
BD_Brms
 2.60283 1.73508 0.830752 0.460026 0.50926 0.617711 0.844195 0.450923 0.412506 0.258017 0.156326 0.32641 0.347296 0.27753 0.167415 0.216506 0.805513 0.721321 1.67472 1.16651 1.19351 1.46951 1.41678 1.12505 1.64508 1.34333 1.10861 1.21594 1.62287
Sel_flota
 0.724296 0.980359 0.998947 0.999945 0.999997
 0.724296 0.980359 0.998947 0.999945 0.999997
 0.724296 0.980359 0.998947 0.999945 0.999997
 0.724296 0.980359 0.998947 0.999945 0.999997
 0.724296 0.980359 0.998947 0.999945 0.999997
 0.724296 0.980359 0.998947 0.999945 0.999997
 0.724296 0.980359 0.998947 0.999945 0.999997
 0.724296 0.980359 0.998947 0.999945 0.999997
 0.724296 0.980359 0.998947 0.999945 0.999997
 0.724296 0.980359 0.998947 0.999945 0.999997
 0.724296 0.980359 0.998947 0.999945 0.999997
 0.724296 0.980359 0.998947 0.999945 0.999997
 0.724296 0.980359 0.998947 0.999945 0.999997
 0.724296 0.980359 0.998947 0.999945 0.999997
 0.724296 0.980359 0.998947 0.999945 0.999997
 0.724296 0.980359 0.998947 0.999945 0.999997
 0.724296 0.980359 0.998947 0.999945 0.999997
 0.724296 0.980359 0.998947 0.999945 0.999997
 0.724296 0.980359 0.998947 0.999945 0.999997
 0.724296 0.980359 0.998947 0.999945 0.999997
 0.724296 0.980359 0.998947 0.999945 0.999997
 0.724296 0.980359 0.998947 0.999945 0.999997
 0.724296 0.980359 0.998947 0.999945 0.999997
 0.724296 0.980359 0.998947 0.999945 0.999997
 0.724296 0.980359 0.998947 0.999945 0.999997
 0.724296 0.980359 0.998947 0.999945 0.999997
 0.724296 0.980359 0.998947 0.999945 0.999997
 0.724296 0.980359 0.998947 0.999945 0.999997
 0.724296 0.980359 0.998947 0.999945 0.999997
Sel_reclas
 1 1 1 1 1
 1 1 1 1 1
 1 1 1 1 1
 1 1 1 1 1
 1 1 1 1 1
 1 1 1 1 1
 1 1 1 1 1
 1 1 1 1 1
 1 1 1 1 1
 1 1 1 1 1
 1 1 1 1 1
 1 1 1 1 1
 1 1 1 1 1
 1 1 1 1 1
 1 1 1 1 1
 1 1 1 1 1
 1 1 1 1 1
 1 1 1 1 1
 1 1 1 1 1
 1 1 1 1 1
 1 1 1 1 1
 1 1 1 1 1
 1 1 1 1 1
 1 1 1 1 1
 1 1 1 1 1
 1 1 1 1 1
 1 1 1 1 1
 1 1 1 1 1
 1 1 1 1 1
Sel_pelaces
 0.804068 0.953817 0.990471 0.998092 0.99962
 0.804068 0.953817 0.990471 0.998092 0.99962
 0.804068 0.953817 0.990471 0.998092 0.99962
 0.804068 0.953817 0.990471 0.998092 0.99962
 0.804068 0.953817 0.990471 0.998092 0.99962
 0.804068 0.953817 0.990471 0.998092 0.99962
 0.804068 0.953817 0.990471 0.998092 0.99962
 0.804068 0.953817 0.990471 0.998092 0.99962
 0.804068 0.953817 0.990471 0.998092 0.99962
 0.804068 0.953817 0.990471 0.998092 0.99962
 0.804068 0.953817 0.990471 0.998092 0.99962
 0.804068 0.953817 0.990471 0.998092 0.99962
 0.804068 0.953817 0.990471 0.998092 0.99962
 0.804068 0.953817 0.990471 0.998092 0.99962
 0.804068 0.953817 0.990471 0.998092 0.99962
 0.804068 0.953817 0.990471 0.998092 0.99962
 0.804068 0.953817 0.990471 0.998092 0.99962
 0.804068 0.953817 0.990471 0.998092 0.99962
 0.804068 0.953817 0.990471 0.998092 0.99962
 0.804068 0.953817 0.990471 0.998092 0.99962
 0.804068 0.953817 0.990471 0.998092 0.99962
 0.804068 0.953817 0.990471 0.998092 0.99962
 0.804068 0.953817 0.990471 0.998092 0.99962
 0.804068 0.953817 0.990471 0.998092 0.99962
 0.804068 0.953817 0.990471 0.998092 0.99962
 0.804068 0.953817 0.990471 0.998092 0.99962
 0.804068 0.953817 0.990471 0.998092 0.99962
 0.804068 0.953817 0.990471 0.998092 0.99962
 0.804068 0.953817 0.990471 0.998092 0.99962
pf_obs 
 0.8446 0.082 0.0669 0.0065 0
 0.8095 0.147 0.0364 0.0071 0
 0.9664 0.0169 0.016 0.0007 0
 0.9276 0.0648 0.0075 0.0001 0
 0.7033 0.2144 0.0806 0.0017 0
 0.9318 0.0425 0.0243 0.0014 0
 0.5671 0.3108 0.0964 0.0239 0.0018
 0.0768 0.2599 0.5324 0.112 0.0189
 0.490249 0.384438 0.106611 0.0170017 0.00170017
 0.7925 0.1577 0.0466 0.003 0.0002
 0.840416 0.127587 0.0312969 0.00059994 9.999e-05
 0.8084 0.0986 0.0794 0.0134 0.0002
 0.7335 0.1905 0.0724 0.0035 0.0001
 0.4001 0.4547 0.1325 0.0127 0
 0.49795 0.308269 0.164784 0.0264974 0.00249975
 0.9179 0.0499 0.0305 0.0017 0
 0.2467 0.6533 0.0926 0.0074 0
 0.9418 0.0223 0.034 0.0019 0
 0.707729 0.231977 0.0356964 0.0245975 0
 0.517169 0.277429 0.184464 0.0207286 0.00020938
 0.811772 0.124168 0.05621 0.00726502 0.000585176
 0.764997 0.148141 0.077277 0.00933861 0.000247198
 0.163321 0.427699 0.378323 0.0303852 0.000271297
 0.753843 0.0900009 0.118128 0.0371064 0.000921714
 0.721811 0.176058 0.0630433 0.0369309 0.00215725
 0.143369 0.312575 0.442814 0.0836902 0.0175525
 0.692698 0.0596174 0.167031 0.0765114 0.00414204
 0.394062 0.376323 0.152708 0.0712218 0.00568511
 0.125707 0.32114 0.495352 0.0537591 0.00404204
pf_pred 
 0.491363 0.139241 0.345922 0.0234728 8.88085e-07
 0.442104 0.320402 0.0659807 0.160625 0.010888
 0.592988 0.216231 0.11065 0.0222813 0.0578494
 0.745067 0.172319 0.0443607 0.0221975 0.0160551
 0.671024 0.266852 0.0423336 0.0106335 0.00915708
 0.76098 0.176241 0.0511187 0.00794862 0.00371185
 0.476879 0.428208 0.0703898 0.0199728 0.00455047
 0.476156 0.304568 0.180391 0.0288493 0.010036
 0.555809 0.246578 0.11584 0.0672846 0.0144887
 0.734391 0.172163 0.0524484 0.0240453 0.0169518
 0.845455 0.124887 0.0194107 0.0057553 0.00449207
 0.755935 0.215415 0.0232417 0.00354122 0.00186747
 0.702833 0.244306 0.0467982 0.00491956 0.00114324
 0.663495 0.262112 0.0614393 0.0114702 0.00148393
 0.77265 0.173217 0.0424636 0.00964075 0.00202921
 0.944944 0.0461814 0.00680603 0.00162296 0.000445361
 0.396069 0.581024 0.0192931 0.00277246 0.00084139
 0.914385 0.0413113 0.0426601 0.00138484 0.000259081
 0.593637 0.381406 0.0121816 0.0123019 0.000473488
 0.62067 0.257936 0.114111 0.00355727 0.00372582
 0.749896 0.176146 0.0506736 0.0218894 0.00139525
 0.762675 0.192431 0.0318321 0.00895292 0.00410892
 0.322587 0.557601 0.0975873 0.0157643 0.00646034
 0.752224 0.0991237 0.122823 0.0210422 0.00478667
 0.631296 0.298642 0.0283833 0.034443 0.00723501
 0.444736 0.391134 0.133482 0.0124243 0.0182235
 0.738523 0.137441 0.0878991 0.0293952 0.00674171
 0.669322 0.263893 0.0354556 0.0222084 0.00912008
 0.381981 0.455485 0.130254 0.0171459 0.0151333
pobs_RECLAS
 0 0 0 0 0
 0 0 0 0 0
 0 0 0 0 0
 0 0 0 0 0
 0 0 0 0 0
 0 0 0 0 0
 0 0 0 0 0
 0 0 0 0 0
 0 0 0 0 0
 0 0 0 0 0
 0.991045 0.00858322 0.000360255 1.14367e-05 0
 0.934742 0.0480273 0.0164251 0.00080598 0
 0.827803 0.169806 0.00239088 0 0
 0.941827 0.0461693 0.0120037 0 0
 0.791401 0.0380133 0.147996 0.0225897 0
 0.846168 0.0940531 0.0597789 0 0
 0.134021 0.677848 0.182769 0.00536245 0
 0.80878 0.0450904 0.141981 0.00414843 0
 0.846168 0.0940531 0.0597789 0 0
 0.905697 0.0802665 0.012482 0.00150086 5.37128e-05
 0.989698 0.0102097 9.19794e-05 0 0
 0.975433 0.0193895 0.00387452 0.00125025 5.28907e-05
 0.303575 0.632131 0.0575291 0.00676475 0
 0.966965 0.00978017 0.0227588 0.000495775 0
 0.843318 0.132988 0.00938335 0.0141283 0.000182051
 0.564624 0.303363 0.111486 0.0197234 0.00080311
 0.826376 0.0876187 0.0782897 0.00655872 0.00115652
 0.89761 0.0855135 0.0140674 0.00269457 0.000114338
 0.34875 0.467042 0.161289 0.0227151 0.000203297
ppred_RECLAS
 0.571345 0.118992 0.290004 0.0196584 7.43727e-07
 0.522386 0.27667 0.0558689 0.135867 0.00920921
 0.66798 0.178046 0.0893429 0.017972 0.0466585
 0.802114 0.134651 0.0339726 0.0169812 0.0122815
 0.735718 0.215158 0.0334862 0.00840264 0.00723557
 0.813845 0.137967 0.0392453 0.00609607 0.00284659
 0.560148 0.361423 0.0581816 0.0164904 0.00375685
 0.554404 0.261153 0.151763 0.0242463 0.00843427
 0.63472 0.204619 0.0942202 0.0546689 0.0117714
 0.794706 0.134062 0.0400003 0.0183181 0.0129134
 0.881826 0.09585 0.0146161 0.00432929 0.00337888
 0.811165 0.167069 0.0176605 0.00268791 0.00141739
 0.766324 0.192804 0.0361887 0.00380015 0.000883052
 0.737043 0.205832 0.0471877 0.00879912 0.0011383
 0.82619 0.133088 0.0319507 0.00724589 0.00152504
 0.959629 0.0339749 0.00490656 0.00116875 0.000320702
 0.473313 0.507088 0.0165103 0.00237009 0.000719238
 0.936531 0.0309358 0.0313268 0.00101588 0.000190044
 0.66803 0.311972 0.00976648 0.00985237 0.000379188
 0.693536 0.209718 0.0909481 0.00283218 0.00296621
 0.805013 0.138135 0.038966 0.0168145 0.00107171
 0.815904 0.149839 0.0242977 0.00682659 0.00313287
 0.394658 0.499991 0.0858253 0.01385 0.00567553
 0.80716 0.0780492 0.0948624 0.0162353 0.00369299
 0.700794 0.243262 0.0226781 0.0274916 0.0057745
 0.522915 0.337981 0.113152 0.0105213 0.0154313
 0.795259 0.108618 0.0681389 0.0227637 0.0052205
 0.734505 0.212713 0.0280354 0.0175426 0.00720366
 0.4581 0.401413 0.11261 0.0148082 0.0130693
pobs_PELACES
 0 0 0 0 0
 0 0 0 0 0
 0 0 0 0 0
 0 0 0 0 0
 0 0 0 0 0
 0 0 0 0 0
 0 0 0 0 0
 0 0 0 0 0
 0 0 0 0 0
 0 0 0 0 0
 0 0 0 0 0
 0 0 0 0 0
 0 0 0 0 0
 0 0 0 0 0
 0 0 0 0 0
 0 0 0 0 0
 0.505614 0.472636 0.0217494 0 0
 0 0 0 0 0
 0.443492 0.261883 0.143347 0.151278 0
 0.227955 0.32914 0.350689 0.0885471 0.00366901
 0.970185 0.0296113 0.000203453 0 0
 0.997202 0.00247181 0.000326279 0 0
 0.445219 0.490057 0.0546422 0.010081 0
 0.90214 0.0892962 0.00764917 0.000914606 0
 0 0 0 0 0
 0.581667 0.319106 0.0959925 0.00289975 0.000334073
 0.762889 0.0836404 0.116647 0.0363945 0.000428098
 0.88444 0.0763242 0.0277011 0.0115352 0
 0.521256 0.241999 0.230069 0.00667565 0
ppred_PELACES
 0.526908 0.127857 0.323162 0.022073 8.36355e-07
 0.483679 0.29394 0.0614887 0.150664 0.0102278
 0.632444 0.193536 0.100608 0.0203912 0.0530201
 0.779931 0.147918 0.0386171 0.0194476 0.0140868
 0.703038 0.23998 0.0387393 0.00979497 0.00844739
 0.789823 0.154262 0.0454705 0.00711657 0.00332818
 0.533178 0.381182 0.0634056 0.0181045 0.00413083
 0.510824 0.282135 0.170113 0.027386 0.00954099
 0.601411 0.219581 0.104643 0.0611725 0.0131919
 0.774789 0.145197 0.0447735 0.0206565 0.0145839
 0.86362 0.10978 0.0173656 0.005183 0.00405135
 0.792497 0.182834 0.0199863 0.00306462 0.00161849
 0.743688 0.210185 0.0408053 0.00431699 0.00100468
 0.720644 0.217128 0.0513356 0.00964268 0.00124931
 0.809717 0.144516 0.0358494 0.00819042 0.00172646
 0.954552 0.0380289 0.00568127 0.00136342 0.000374688
 0.439265 0.539124 0.0181819 0.00262977 0.000799258
 0.926527 0.0351578 0.0368842 0.00120515 0.000225795
 0.639197 0.338273 0.0109604 0.0111399 0.000429392
 0.663314 0.227833 0.102278 0.00320897 0.00336594
 0.780784 0.153582 0.0448767 0.0195115 0.00124551
 0.794747 0.165897 0.027849 0.00788325 0.00362331
 0.359068 0.525906 0.0935678 0.0152141 0.00624404
 0.779182 0.0873882 0.110115 0.018989 0.00432597
 0.667104 0.268564 0.0259565 0.0317052 0.00666971
 0.481961 0.362897 0.125996 0.011805 0.0173405
 0.766745 0.121512 0.07903 0.026603 0.00611031
 0.702322 0.236576 0.0323324 0.0203856 0.00838385
 0.418138 0.426726 0.124146 0.0164496 0.0145402
pobs_pel_tallas
 0 0 0 0 0 0 0 0 0 0 0 0 0 0 0 0 0 0 0 0 0 0 0 0 0 0
 0 0 0 0 0 0 0 0 0 0 0 0 0 0 0 0 0 0 0 0 0 0 0 0 0 0
 0 0 0 0 0 0 0 0 0 0 0 0 0 0 0 0 0 0 0 0 0 0 0 0 0 0
 0 0 0 0 0 0 0 0 0 0 0 0 0 0 0 0 0 0 0 0 0 0 0 0 0 0
 0 0 0 0 0 0 0 0 0 0 0 0 0 0 0 0 0 0 0 0 0 0 0 0 0 0
 0 0 0 0 0 0 0 0 0 0 0 0 0 0 0 0 0 0 0 0 0 0 0 0 0 0
 0 0 0 0 0 0 0 0 0 0 0 0 0 0 0 0 0 0 0 0 0 0 0 0 0 0
 0 0 0 0 0 0 0 0 0 0 0 0 0 0 0 0 0 0 0 0 0 0 0 0 0 0
 0 0 0 0 0 0 0 0 0 0 0 0 0 0 0 0 0 0 0 0 0 0 0 0 0 0
 0 0 0 0 0 0 0 0 0 0 0 0 0 0 0 0 0 0 0 0 0 0 0 0 0 0
 0 0 0 0 0 0 0 0 0 0 0 0 0 0 0 0 0 0 0 0 0 0 0 0 0 0
 0 0 0 0 0 0 0 0 0 0 0 0 0 0 0 0 0 0 0 0 0 0 0 0 0 0
 0.00862536 0 0 0.000197151 0.00414017 0.0128641 0.00837892 0.0270097 0.101434 0.158115 0.152841 0.127902 0.109271 0.109419 0.0830992 0.0579132 0.0238553 0.00714673 0.00463305 0.00128148 0.00103504 0.000492878 0.000147863 0.000147863 4.92878e-05 0
 0 0 0 0 0 0 0 0 0 0 0 0 0 0 0 0 0 0 0 0 0 0 0 0 0 0
 0 0 0 0 0 0 0 0.0054083 0.00873648 0.0413646 0.0450493 0.0745869 0.0622846 0.0627006 0.0613931 0.0827291 0.12552 0.122667 0.0946155 0.0697135 0.0546179 0.0294188 0.0215738 0.0213955 0.0102223 0.00600262
 0 0 0 0 0.00359764 0.0251062 0.0480494 0.140153 0.205849 0.193036 0.1447 0.116669 0.0760912 0.0342217 0.00950174 0.001854 0.000860785 0 0 0 0.000165536 0 0.000143464 0 0 0
 0 0 0 0 0 0 0 0.000145254 0.000435761 0.0275982 0.070085 0.0708112 0.156366 0.174668 0.174014 0.160142 0.0824315 0.0480064 0.0283245 0.00493863 0.00203355 0 0 0 0 0
 0 0 0 0 0 0 0 0 0 0 0 0 0 0 0 0 0 0 0 0 0 0 0 0 0 0
 0 0 1.00437e-05 0.000401748 0.00122533 0.00171747 0.00176769 0.0269171 0.070346 0.194647 0.189555 0.159765 0.064822 0.0314167 0.0384472 0.0292271 0.0345202 0.0313363 0.0194345 0.0106764 0.0143323 0.0359363 0.0279516 0.0138201 0.00172751 0
 0 0.0021121 0.0136068 0.0755702 0.200478 0.177729 0.0527432 0.0373336 0.0318909 0.0142505 0.0149659 0.0166563 0.0217959 0.0798694 0.0677717 0.0528807 0.04013 0.0224614 0.0357745 0.0225083 0.00881397 0.00855152 0.00135912 0.000746735 0 0
 0 0 0 0 5.4009e-05 0.00500934 0.000945158 0.0243581 0.138947 0.33067 0.221406 0.137944 0.0707744 0.0437923 0.0131692 0.00525238 0.0047753 0.00276346 9.45158e-05 9.00151e-06 2.25038e-05 9.00151e-06 4.50075e-06 0 0 0
 0.000866109 0.00284123 0.00948549 0.0512746 0.133035 0.25785 0.225252 0.132002 0.0553304 0.0519788 0.0540692 0.017754 0.00435017 0.00159236 0.00146478 0.000404838 0.000125132 0.000115318 0.000107957 0.000100596 0 0 0 0 0 0
 0 0 0 0 0.00144013 0.00171154 0.00461396 0.0210425 0.0478622 0.0707936 0.0888783 0.103762 0.0637923 0.0337046 0.0602308 0.124433 0.169614 0.0934646 0.0462172 0.0250306 0.0313229 0.00938855 0.002487 0.000210481 0 0
 0 0.00764035 0.051015 0.0998891 0.058973 0.0496711 0.0374665 0.0718981 0.12319 0.153886 0.159021 0.0857701 0.0377988 0.023471 0.0147837 0.00900784 0.00315554 0.000888139 0.00291439 0.00214683 0.00393193 0.00274676 0.000635225 9.99891e-05 0 0
 0 0 0 0 0 0 0 0 0 0 0 0 0 0 0 0 0 0 0 0 0 0 0 0 0 0
 0 0 0 0 0 0 0 0 0 0 0 0 0 0 0 0 0 0 0 0 0 0 0 0 0 0
 0 0 0 0 0 0 0 0 0 0 0 0 0 0 0 0 0 0 0 0 0 0 0 0 0 0
 0 0 0 0 0 0 0 0 0 0 0 0 0 0 0 0 0 0 0 0 0 0 0 0 0 0
 0 0 0 0 0 0 0 0 0 0 0 0 0 0 0 0 0 0 0 0 0 0 0 0 0 0
ppred_pel_tallas
 1.11573e-16 4.34007e-05 0.000421871 0.00280348 0.0127442 0.0396521 0.0844834 0.123309 0.123321 0.0845461 0.0398642 0.013363 0.00437961 0.00393816 0.00694251 0.0119839 0.0185952 0.0261593 0.0339716 0.0415419 0.0485893 0.0546603 0.058799 0.0597406 0.0566033 0.0495435
 1.1869e-16 3.98401e-05 0.00038726 0.00257348 0.0116987 0.0363991 0.0775531 0.113197 0.113225 0.077692 0.0368657 0.0130475 0.00596406 0.00780556 0.0141801 0.0235229 0.0342419 0.0438784 0.0500185 0.0517207 0.0501297 0.0476572 0.0463473 0.0466931 0.0476423 0.0475191
 1.13971e-16 5.20937e-05 0.000506369 0.003365 0.0152968 0.0475942 0.101405 0.148008 0.148026 0.101497 0.0479029 0.0161902 0.00561403 0.00543757 0.00948143 0.0157626 0.0231077 0.0299308 0.0346603 0.0366188 0.036405 0.035384 0.0347042 0.034631 0.0346081 0.0338108
 1.05487e-16 6.42419e-05 0.000624454 0.00414972 0.018864 0.0586931 0.125052 0.18252 0.182535 0.125122 0.0589277 0.0195422 0.00585392 0.00435086 0.00715976 0.0117843 0.0170888 0.0217498 0.0244711 0.0246803 0.0228655 0.0202141 0.0178477 0.0162531 0.0152476 0.0143382
 1.03592e-16 5.79084e-05 0.00056289 0.0037406 0.0170043 0.0529067 0.112724 0.164529 0.164552 0.112837 0.0532863 0.018101 0.00649415 0.00657554 0.0114819 0.0189033 0.0272569 0.0343449 0.0379678 0.0371165 0.0325673 0.0263393 0.0204661 0.0160413 0.0130888 0.0110544
 1.02629e-16 6.50567e-05 0.000632374 0.00420235 0.0191033 0.0594375 0.126638 0.184836 0.18485 0.126711 0.0596822 0.0198106 0.00597965 0.00451825 0.00746264 0.0122802 0.0177908 0.0225954 0.0253068 0.0252745 0.0229455 0.0195102 0.0161382 0.0134141 0.0113066 0.00950848
 1.04442e-16 4.39172e-05 0.000426891 0.00283684 0.0128959 0.0401241 0.08549 0.124783 0.12482 0.0856696 0.0407272 0.0146381 0.00721094 0.00997836 0.0181921 0.0300272 0.0433019 0.0545606 0.0603045 0.0589152 0.0516025 0.0415471 0.0319609 0.0245843 0.0194912 0.0158681
 1.09343e-16 4.2076e-05 0.000408994 0.00271791 0.0123552 0.0384419 0.0819055 0.119549 0.119577 0.0820394 0.0388924 0.0136591 0.00600098 0.00760944 0.0138153 0.0230294 0.0337698 0.043719 0.0505044 0.0529814 0.0517951 0.0486929 0.0452029 0.0417964 0.0380564 0.0334384
 1.11444e-16 4.95375e-05 0.000481522 0.00319989 0.0145462 0.0452588 0.0964295 0.140746 0.140767 0.0965336 0.0456089 0.0155591 0.00574918 0.00606948 0.01073 0.017841 0.0261262 0.0337772 0.0389895 0.0409677 0.0403588 0.0386756 0.0371886 0.0361893 0.0350884 0.0330681
 1.05869e-16 6.38184e-05 0.000620338 0.00412236 0.0187397 0.0583061 0.124228 0.181317 0.181331 0.124297 0.0585367 0.0194062 0.00579785 0.00428578 0.00704862 0.0116145 0.0168754 0.0215467 0.0243704 0.0247903 0.0232735 0.0209527 0.0188796 0.0174807 0.0165421 0.0155737
 1.01735e-16 7.11353e-05 0.00069146 0.004595 0.0208882 0.064991 0.138471 0.202104 0.202115 0.138522 0.0651646 0.0213899 0.00585457 0.00344184 0.00529679 0.00865001 0.0124682 0.0157109 0.0173701 0.0169862 0.0149167 0.0120873 0.0094289 0.00743942 0.00612421 0.00522232
 1.01205e-16 6.5277e-05 0.000634515 0.00421658 0.019168 0.0596387 0.127067 0.185462 0.18548 0.127153 0.0599276 0.0200023 0.00631036 0.00520357 0.00873777 0.0143288 0.0206035 0.0258425 0.0283386 0.0273018 0.0233269 0.0179908 0.0129174 0.0090344 0.00644949 0.00479863
 1.01835e-16 6.12566e-05 0.000595436 0.00395689 0.0179874 0.0559657 0.119242 0.174041 0.174061 0.119341 0.0562984 0.0189486 0.00637027 0.00586629 0.0100786 0.0165828 0.0239228 0.0301654 0.0333748 0.0326442 0.0286145 0.0230072 0.0175696 0.0132622 0.0101613 0.00788189
 1.02716e-16 5.93585e-05 0.000576986 0.00383428 0.0174301 0.0542316 0.115547 0.168648 0.168669 0.115649 0.0545756 0.0184242 0.00633115 0.00603284 0.0104361 0.0171984 0.0248605 0.031452 0.0349971 0.0345711 0.0308234 0.0254872 0.0202934 0.0161514 0.0130755 0.010644
 1.02186e-16 6.66954e-05 0.000648303 0.0043082 0.0195845 0.0609346 0.129828 0.189491 0.189505 0.129896 0.0611636 0.0202464 0.00597088 0.00428199 0.00697959 0.0114641 0.0165804 0.0210018 0.0234186 0.0232213 0.0208434 0.0174316 0.0141223 0.0114986 0.00954633 0.00796679
 1.00374e-16 7.86252e-05 0.000764265 0.00507881 0.0230875 0.0718339 0.15305 0.223381 0.223385 0.153068 0.071894 0.0232613 0.00551492 0.00171639 0.00188711 0.00299594 0.00430951 0.00542195 0.00597786 0.00581452 0.00505329 0.00401463 0.00302438 0.00226249 0.00174162 0.00138306
 1.01062e-16 3.61818e-05 0.0003517 0.00233717 0.0106245 0.033057 0.0704333 0.10281 0.102862 0.0706867 0.0339075 0.0130798 0.0084958 0.0137804 0.0254939 0.0419685 0.06017 0.0750669 0.081556 0.0772832 0.0640774 0.046786 0.0304824 0.0181885 0.0104028 0.00606205
 1.01233e-16 7.63168e-05 0.000741827 0.0049297 0.0224097 0.0697249 0.148556 0.216823 0.216827 0.148573 0.0697815 0.0225739 0.00534414 0.00165432 0.00183196 0.00296663 0.00440238 0.00581802 0.0069309 0.00759247 0.00784022 0.00781104 0.00759755 0.00718189 0.00649368 0.00551768
 1.01593e-16 5.26499e-05 0.000511776 0.00340093 0.0154602 0.0481025 0.102489 0.149592 0.149624 0.102648 0.0486362 0.017001 0.00726588 0.00893986 0.0160324 0.0263518 0.0377935 0.0471883 0.0513491 0.0488188 0.0407613 0.0302208 0.0203595 0.0130237 0.00845661 0.00592077
 1.03902e-16 5.46364e-05 0.000531085 0.00352925 0.0160435 0.0499173 0.106355 0.155233 0.155255 0.106463 0.0502798 0.0170918 0.00616593 0.00630372 0.0110667 0.0183356 0.0267002 0.0341798 0.0387631 0.0394735 0.0368725 0.0325384 0.0279854 0.0239168 0.0202587 0.0166872
 1.03502e-16 6.43122e-05 0.000625137 0.00415426 0.0188847 0.0587573 0.125189 0.18272 0.182735 0.125262 0.059001 0.0195891 0.00592463 0.00449666 0.00743713 0.0122464 0.0177607 0.0226012 0.0254057 0.0255484 0.0234902 0.0204155 0.0174596 0.0151448 0.0133604 0.0117265
 1.0225e-16 6.54623e-05 0.000636317 0.00422855 0.0192224 0.0598081 0.127428 0.185988 0.186004 0.127506 0.0600706 0.0199807 0.00613243 0.00479386 0.00796543 0.0130756 0.0188551 0.0237654 0.0262844 0.0257117 0.0225779 0.0182693 0.014182 0.0110664 0.00894213 0.00743941
 1.05418e-16 2.9576e-05 0.00028749 0.00191047 0.00868476 0.0270218 0.0575747 0.0840425 0.0840932 0.0578225 0.027854 0.0110889 0.0079466 0.0134689 0.0250767 0.0414442 0.0597775 0.0753327 0.083276 0.0813558 0.0712123 0.0572033 0.0437451 0.0332554 0.0258902 0.0206052
 1.05837e-16 6.41802e-05 0.000623854 0.00414573 0.0188459 0.0586366 0.124932 0.182344 0.182352 0.124974 0.0587781 0.0192565 0.00518413 0.00291595 0.00449143 0.00751744 0.0112756 0.0151263 0.0184376 0.0208845 0.0225525 0.023697 0.0243856 0.0243663 0.0232708 0.0209426
 1.05127e-16 5.49485e-05 0.000534119 0.00354941 0.0161351 0.0502025 0.106963 0.156121 0.156147 0.107089 0.050627 0.0173611 0.00662652 0.00725059 0.0128087 0.0210848 0.0303646 0.0381894 0.0421068 0.0410238 0.0358771 0.02901 0.0227605 0.0183482 0.0157073 0.0140584
 1.07848e-16 3.96986e-05 0.000385884 0.00256434 0.0116571 0.0362698 0.077278 0.112797 0.112832 0.0774496 0.0368462 0.0133232 0.00675223 0.00954693 0.0174934 0.0290015 0.0421103 0.0536571 0.0604199 0.0608818 0.0560647 0.0486908 0.0413981 0.0354485 0.030694 0.0263978
 1.06014e-16 6.31558e-05 0.000613897 0.00407956 0.0185451 0.0577008 0.122938 0.179434 0.179446 0.122996 0.0578951 0.0191078 0.00549707 0.00372546 0.0060231 0.00999043 0.0146987 0.0191458 0.0223467 0.0238446 0.023933 0.0233401 0.0226481 0.0219385 0.020892 0.0191573
 1.04457e-16 5.78494e-05 0.000562317 0.00373679 0.0169869 0.0528528 0.112609 0.164361 0.164384 0.112721 0.053227 0.0180678 0.0064502 0.00648674 0.0113128 0.0186208 0.0268447 0.0338211 0.0373931 0.0365882 0.0322033 0.0262591 0.0207716 0.0167938 0.0142834 0.012604
 1.07802e-16 3.44416e-05 0.000334785 0.00222476 0.0101135 0.031467 0.0670453 0.0978632 0.0979044 0.0672468 0.0321439 0.0120699 0.00714061 0.0110824 0.0204936 0.0339498 0.0491927 0.062467 0.0699444 0.0698315 0.0633762 0.0538895 0.0446257 0.037213 0.0315587 0.0267868
pSPR Fmed_Fpbrs
0.556787   0.6 0.325
Fs Fmed_Fpbrs
0.341307   0.293483 0.723795
SSBpbr Bo_Bmed_Bpbrs
1.37071e+06  694656  753888 376944
Ro
137841
SPR SPRFo_SPRFmed_SPRFpbrs
979634 545447 318381
Fref
0.293483
Nvult_r0
 58696.9 54196.4 15260.7 2007.17 1771.5
CTP_r0
 7981.59 9517.48 2721.69 358.267 316.213
YTP_r0
316624
Np
 209294 62250.7 7423.23 6291.77 2244.04
Nvult_p0
 147043 45075.8 5386.31 4565.82 1628.47
CTP_p0
 25777.3 4353 3771.88 1056.94 180.121
 25777.3 10071.4 1221.13 1035.91 369.489
YTP_p0
 400563 444969
CBA_c0
387997
log_Ro
11.6539
likeval ReclasPelacesDesembMPH_pf_preclas_ppelaces_ptallas_desvR_qrecl_qpela
 12.058 16.8998 0.0297914 0.000815772 198.032 102.367 89.5639 0 22.0726 4.78637e-06 2.26351e-05 0.146577 7.6137e-16 0 0
q_reclas_q_pelaces
1.36261 1.95978
M
1
N
 166475 35628 87003.2 5898.28 0.223148
 94257.6 52501 10640.6 25881.7 1754.31
 93099.7 26075.7 13131.8 2642.08 6859.38
 143171 25877.3 6564 3281.97 2373.69
 115700 34675.2 5406.29 1356.72 1168.29
 209132 37056 10574.6 1642.87 767.151
 83730.3 59907.7 9716.51 2755.05 627.671
 35803.8 17165.5 9988.07 1595.85 555.132
 34472.8 11921 5517.26 3202.12 689.498
 45762.6 8526.94 2562.62 1174.01 827.632
 86368.9 9592.5 1465.05 433.983 338.712
 125190 28124.5 2991.78 455.501 240.199
 103106 28173.6 5319.88 558.817 129.856
 73739.8 23776 5507.91 1027.64 132.944
 67346.7 12030.9 2910.05 660.216 138.959
 359846 13800.3 2004.6 477.647 131.067
 74566.2 84221.7 2752.72 395.24 119.943
 586628 20343.9 20673.9 670.549 125.443
 327423 163877 5156.14 5202.89 200.246
 252048 81395.2 35467.4 1104.76 1157.06
 353726 63927 18101 7812.47 497.952
 495330 97046.8 15811.1 4443.35 2039.18
 95927.3 126364 21752.4 3510.82 1438.69
 282879 28301.4 34483.3 5902.44 1342.62
 238922 85820.4 8020.5 9724.17 2042.54
 109038 72435 24298.6 2259.63 3314.16
 243206 34348.4 21600.1 7217.07 1655.13
 248131 74031.8 9778.43 6119.39 2512.86
 85602.5 77125.7 21680.1 2851.24 2516.44
pred_Ctot
 15210.5 4310.31 10708.3 726.62 0.0274914
 15123.1 10960 2257.01 5494.52 372.446
 14717.5 5366.68 2746.24 553.003 1435.78
 31983.6 7397.18 1904.28 952.875 689.198
 9571.68 3806.45 603.859 151.68 130.619
 29860.3 6915.57 2005.86 311.898 145.65
 24560.2 22053.5 3625.21 1028.64 234.358
 2166.27 1385.63 820.688 131.25 45.6587
 7372.54 3270.74 1536.56 892.498 192.185
 13021 3052.51 929.93 426.333 300.561
 6332.6 935.422 145.39 43.1082 33.6464
 31967.9 9109.7 982.871 149.755 78.9736
 25256.3 8779.13 1681.69 176.784 41.0822
 27673.2 10932.2 2562.52 478.401 61.8921
 19766.6 4431.39 1086.34 246.639 51.9131
 85829.7 4194.67 618.194 147.414 40.4523
 12477.7 18304.5 607.807 87.3431 26.507
 91253.4 4122.77 4257.37 138.203 25.8557
 69275.9 44509.2 1421.57 1435.6 55.2549
 50994.6 21192.1 9375.45 292.267 306.115
 58215 13674.3 3933.83 1699.29 108.314
 98870.2 24946 4126.59 1160.62 532.665
 12225.6 21132.3 3698.42 597.447 244.838
 31846.9 4196.6 5199.97 890.865 202.653
 26986 12766 1213.3 1472.33 309.275
 10031.3 8822.26 3010.76 280.238 411.041
 26940.7 5013.74 3206.49 1072.31 245.932
 24661.9 9723.43 1306.4 818.292 336.039
 7981.59 9517.48 2721.69 358.267 316.213
F
 0.15401 0.208458 0.21241 0.212623 0.212634
 0.285026 0.385793 0.393107 0.3935 0.393521
 0.280306 0.379404 0.386597 0.386983 0.387004
 0.418018 0.565802 0.576529 0.577105 0.577135
 0.138574 0.187565 0.191121 0.191312 0.191322
 0.250162 0.338602 0.345022 0.345367 0.345385
 0.584701 0.791413 0.806418 0.807223 0.807266
 0.0997522 0.135018 0.137578 0.137715 0.137722
 0.396941 0.537274 0.54746 0.548007 0.548036
 0.562486 0.761344 0.775779 0.776554 0.776594
 0.121988 0.165114 0.168245 0.168413 0.168422
 0.491447 0.665189 0.677801 0.678478 0.678514
 0.467075 0.632202 0.644188 0.644832 0.644865
 0.813063 1.10051 1.12137 1.12249 1.12255
 0.585162 0.792037 0.807054 0.80786 0.807902
 0.452224 0.6121 0.623706 0.624329 0.624362
 0.298906 0.404579 0.412249 0.412661 0.412683
 0.275276 0.372595 0.379659 0.380039 0.380059
 0.391938 0.530501 0.540559 0.541099 0.541127
 0.371879 0.503351 0.512894 0.513407 0.513434
 0.293328 0.39703 0.404557 0.404961 0.404983
 0.366056 0.495469 0.504863 0.505367 0.505394
 0.220678 0.298695 0.304358 0.304662 0.304678
 0.192764 0.260912 0.265859 0.266124 0.266138
 0.193447 0.261837 0.266801 0.267068 0.267082
 0.155143 0.209991 0.213972 0.214186 0.214197
 0.189412 0.256376 0.261237 0.261498 0.261512
 0.16852 0.228098 0.232423 0.232655 0.232667
 0.15738 0.21302 0.217058 0.217275 0.217287
YTP_r0W_actual
 41504.3 195108 59060.6 10389.7 10561.5
YTP_p0W_proyectada
 194361 75959.9 90789.2 33103.4 6349.27
 194361 175746 29392.5 32444.8 13024.5
CTP_r0_actual
 7981.59 9517.48 2721.69 358.267 316.213
CTP_p0_proyectada
 25777.3 4353 3771.88 1056.94 180.121
 25777.3 10071.4 1221.13 1035.91 369.489
Wmedp
 7.54 17.45 24.07 31.32 35.25
Frms_r0
 0.15738 0.21302 0.217058 0.217275 0.217287
Zrms_r0
 1.15738 1.21302 1.21706 1.21728 1.21729
nmprior
 7.27 8.72 9 0
nm_flota  nm_reclas  nm_pelaces    nm_pelaL
inf 13.0885 15.0715 19.7685
cv_recla  cv_pelaces  cv_mph
0.329427 0.503485 0.881434
 ------------------------------------------------
Talla a la edad & desviaci?n 
 8 13.2811 15.8009 17.003 17.5766
 0.8 1.32811 1.58009 1.7003 1.75766
