years
 1991 1992 1993 1994 1995 1996 1997 1998 1999 2000 2001 2002 2003 2004 2005 2006 2007 2008 2009 2010 2011 2012 2013 2014 2015 2016 2017 2018 2019 2020 2021 2022
reclasobs
 0 0 0 0 0 0 0 0 0 252601 567819 844713 477998 351125 339783 2.1784e+06 2.13404e+06 4.81314e+06 1.55562e+06 2.62356e+06 3.21686e+06 3.843e+06 1.13348e+06 3.07943e+06 1.97215e+06 2.03268e+06 2.025e+06 2.42433e+06 2.27542e+06 1.05018e+06 2.36338e+06 3.18982e+06
reclaspred
 3.43815e+06 1.96788e+06 999404 979127 970573 1.43111e+06 987090 904803 668629 502054 512715 626529 623409 519118 538179 1.26208e+06 1.3069e+06 2.67446e+06 2.23825e+06 1.69512e+06 3.00535e+06 2.45695e+06 2.03134e+06 3.04722e+06 2.30619e+06 2.05725e+06 2.38194e+06 2.52985e+06 2.16549e+06 1.55077e+06 2.0475e+06 2.28523e+06
pelacesobs
 0 0 0 0 0 0 0 0 0 0 0 0 0 0 0 552880 188675 0 991730 2.46772e+06 1.41603e+06 1.21717e+06 2.29649e+06 1.80582e+06 0 1.4828e+06 1.56532e+06 1.57751e+06 1.42118e+06 867257 1.10002e+06 1.06204e+06
pelacespred
 1.90807e+06 1.23219e+06 638695 507537 508258 772129 519649 551558 408559 295351 304096 315122 341175 308562 322939 621049 638874 1.47811e+06 1.30845e+06 929253 1.53981e+06 1.40642e+06 1.13713e+06 1.84237e+06 1.36292e+06 1.2038e+06 1.57745e+06 1.52121e+06 1.16658e+06 966867 1.10059e+06 1.22569e+06
mphobs
 0 0 0 0 0 0 0 0 0 0 0 498337 0 5186 125008 0 168611 109162 213762 579715 649985 157893 87575 83554 0 0 0 0 0 0 0 0
mphpred
 508120 340557 174597 94427.1 103752 113373 144925 101372 88743.4 64498.3 43805.7 58580.9 63289 55471.8 41908.5 52427 146092 147977 262196 206310 221607 271446 260734 221542 298476 246588 205462 214165 297560 215081 151707 251868
desembarqueobs
 494567 514787 250237 358949 120608 361735 552515 73892 212993 205616 52469 317467 293654 387597 252695 516296 358380 742168 942051 627588 828172 859565 418607 520667 417249 300574 415391 372974 316634 284311 391294 218835
desembarquepred
 494572 513244 251031 358966 120611 361746 552559 73894.6 213026 205647 52470.7 317524 293705 387656 252701 516284 358397 742108 941936 627514 828226 859603 418619 520686 417253 300577 415394 372968 316634 284314 391281 218837
Reclutas
 260645 152101 153883 278420 224432 357137 155035 77360.5 69085.1 87830 160639 195697 163522 118120 125883 644790 155885 967996 563769 425774 661520 892434 198976 577336 483443 225556 487411 562100 184824 173208 473009 213474
log_desv_Rt
 0.0179693 -0.520647 -0.508995 0.0839402 -0.131615 0.332931 -0.50154 -1.19671 -1.30985 -1.06979 -0.466027 -0.268621 -0.448244 -0.773487 -0.709839 0.923736 -0.496073 1.33004 0.789455 0.508719 0.949351 1.24876 -0.252004 0.813236 0.635745 -0.12662 0.643918 0.78649 -0.325783 -0.390698 0.613926 -0.181676
SSB
 5.53847e+06 3.71205e+06 1.90309e+06 1.02925e+06 1.13089e+06 1.23576e+06 1.57967e+06 1.10494e+06 967297 703027 477479 638528 689846 604639 456799 571451 1.5924e+06 1.61294e+06 2.85791e+06 2.24876e+06 2.4155e+06 2.95875e+06 2.84198e+06 2.4148e+06 3.25337e+06 2.68779e+06 2.23952e+06 2.33438e+06 3.24338e+06 2.34437e+06 1.65359e+06 2.74534e+06
BT
 7.20647e+06 4.89577e+06 2.52847e+06 2.11143e+06 1.90303e+06 3.05545e+06 2.34828e+06 2.02559e+06 1.66506e+06 1.25054e+06 1.12793e+06 1.39073e+06 1.48201e+06 1.50232e+06 1.40317e+06 2.63149e+06 2.55344e+06 5.91137e+06 5.56758e+06 3.87699e+06 6.14781e+06 5.81455e+06 4.41064e+06 7.03587e+06 5.23355e+06 4.54865e+06 6.03388e+06 5.75644e+06 4.40915e+06 3.71395e+06 4.24585e+06 4.52995e+06
Ftot
 0.0778472 0.139814 0.135524 0.206091 0.0694739 0.144261 0.300879 0.0455132 0.176522 0.225351 0.0595059 0.283283 0.262544 0.414141 0.270339 0.242369 0.150754 0.162256 0.23381 0.206061 0.156232 0.197278 0.11284 0.0990219 0.100742 0.0810311 0.100596 0.0858661 0.0791966 0.100975 0.111391 0.052969
BD_Bspro_t
 0.987622 0.906474 0.801281 0.735474 0.727431 0.778754 0.765445 0.649249 0.698091 0.671918 0.648069 0.780719 0.685391 0.611527 0.528496 0.583654 0.710288 0.701783 0.760469 0.686758 0.663058 0.704298 0.71997 0.720166 0.797382 0.803846 0.810941 0.833215 0.863911 0.825639 0.796113 0.844839
BD_Bspro
 3.00557 2.01442 1.03275 0.558544 0.613702 0.670613 0.857243 0.599621 0.524925 0.381513 0.259114 0.346511 0.374359 0.32812 0.247892 0.31011 0.864147 0.875298 1.55091 1.22034 1.31082 1.60563 1.54226 1.31044 1.76551 1.45859 1.21532 1.2668 1.76009 1.27222 0.897359 1.48982
BD_Bo
 1.38401 0.927603 0.475563 0.257199 0.282598 0.308804 0.394744 0.276114 0.241718 0.175679 0.119317 0.159562 0.172385 0.151093 0.114149 0.1428 0.397923 0.403058 0.714163 0.561942 0.603609 0.73936 0.710182 0.603433 0.812984 0.671651 0.559633 0.583337 0.810487 0.585834 0.413216 0.686032
BD_Brms
 2.51638 1.68655 0.86466 0.467634 0.513815 0.561463 0.717716 0.502025 0.439487 0.319417 0.21694 0.290112 0.313428 0.274715 0.207544 0.259636 0.723496 0.732832 1.29848 1.02171 1.09747 1.34429 1.29124 1.09715 1.47815 1.22118 1.01751 1.06061 1.47361 1.06515 0.751302 1.24733
Sel_flota
 0.849171 1 1 1 1
 0.849171 1 1 1 1
 0.849171 1 1 1 1
 0.849171 1 1 1 1
 0.849171 1 1 1 1
 0.849171 1 1 1 1
 0.849171 1 1 1 1
 0.849171 1 1 1 1
 0.849171 1 1 1 1
 0.849171 1 1 1 1
 0.849171 1 1 1 1
 0.849171 1 1 1 1
 0.849171 1 1 1 1
 0.849171 1 1 1 1
 0.849171 1 1 1 1
 0.849171 1 1 1 1
 0.849171 1 1 1 1
 0.849171 1 1 1 1
 0.849171 1 1 1 1
 0.849171 1 1 1 1
 0.849171 1 1 1 1
 0.849171 1 1 1 1
 0.849171 1 1 1 1
 0.849171 1 1 1 1
 0.849171 1 1 1 1
 0.849171 1 1 1 1
 0.849171 1 1 1 1
 0.849171 1 1 1 1
 0.849171 1 1 1 1
 0.849171 1 1 1 1
 0.849171 1 1 1 1
 0.849171 1 1 1 1
Sel_reclas
 1 1 1 1 1
 1 1 1 1 1
 1 1 1 1 1
 1 1 1 1 1
 1 1 1 1 1
 1 1 1 1 1
 1 1 1 1 1
 1 1 1 1 1
 1 1 1 1 1
 1 1 1 1 1
 1 1 1 1 1
 1 1 1 1 1
 1 1 1 1 1
 1 1 1 1 1
 1 1 1 1 1
 1 1 1 1 1
 1 1 1 1 1
 1 1 1 1 1
 1 1 1 1 1
 1 1 1 1 1
 1 1 1 1 1
 1 1 1 1 1
 1 1 1 1 1
 1 1 1 1 1
 1 1 1 1 1
 1 1 1 1 1
 1 1 1 1 1
 1 1 1 1 1
 1 1 1 1 1
 1 1 1 1 1
 1 1 1 1 1
 1 1 1 1 1
Sel_pelaces
 1 1 1 1 1
 1 1 1 1 1
 1 1 1 1 1
 1 1 1 1 1
 1 1 1 1 1
 1 1 1 1 1
 1 1 1 1 1
 1 1 1 1 1
 1 1 1 1 1
 1 1 1 1 1
 1 1 1 1 1
 1 1 1 1 1
 1 1 1 1 1
 1 1 1 1 1
 1 1 1 1 1
 1 1 1 1 1
 1 1 1 1 1
 1 1 1 1 1
 1 1 1 1 1
 1 1 1 1 1
 1 1 1 1 1
 1 1 1 1 1
 1 1 1 1 1
 1 1 1 1 1
 1 1 1 1 1
 1 1 1 1 1
 1 1 1 1 1
 1 1 1 1 1
 1 1 1 1 1
 1 1 1 1 1
 1 1 1 1 1
 1 1 1 1 1
pf_obs 
 0.8446 0.082 0.0669 0.0065 0
 0.8095 0.147 0.0364 0.0071 0
 0.9664 0.0169 0.016 0.0007 0
 0.9276 0.0648 0.0075 0.0001 0
 0.7033 0.2144 0.0806 0.0017 0
 0.9318 0.0425 0.0243 0.0014 0
 0.5671 0.3108 0.0964 0.0239 0.0018
 0.0768 0.2599 0.5324 0.112 0.0189
 0.490249 0.384438 0.106611 0.0170017 0.00170017
 0.7925 0.1577 0.0466 0.003 0.0002
 0.840416 0.127587 0.0312969 0.00059994 9.999e-05
 0.8084 0.0986 0.0794 0.0134 0.0002
 0.7335 0.1905 0.0724 0.0035 0.0001
 0.4001 0.4547 0.1325 0.0127 0
 0.49795 0.308269 0.164784 0.0264974 0.00249975
 0.9179 0.0499 0.0305 0.0017 0
 0.2467 0.6533 0.0926 0.0074 0
 0.9418 0.0223 0.034 0.0019 0
 0.707729 0.231977 0.0356964 0.0245975 0
 0.517169 0.277429 0.184464 0.0207286 0.00020938
 0.811772 0.124168 0.05621 0.00726502 0.000585176
 0.764997 0.148141 0.077277 0.00933861 0.000247198
 0.163321 0.427699 0.378323 0.0303852 0.000271297
 0.753843 0.0900009 0.118128 0.0371064 0.000921714
 0.721811 0.176058 0.0630433 0.0369309 0.00215725
 0.143369 0.312575 0.442814 0.0836902 0.0175525
 0.692698 0.0596174 0.167031 0.0765114 0.00414204
 0.394062 0.376323 0.152708 0.0712218 0.00568511
 0.125707 0.32114 0.495352 0.0537591 0.00404204
 0.23352 0.215282 0.420074 0.123614 0.00750983
 0.796117 0.104755 0.0508955 0.0450114 0.00322123
 0.162477 0.292055 0.404252 0.121198 0.0200186
pf_pred 
 0.398852 0.108397 0.468311 0.0244398 7.48273e-07
 0.389918 0.268632 0.0615689 0.265999 0.0138821
 0.534208 0.201453 0.116394 0.0266768 0.121268
 0.732639 0.154408 0.0488513 0.0282249 0.0358758
 0.630579 0.283257 0.0497621 0.0157436 0.0206581
 0.724555 0.184314 0.0698754 0.0122756 0.00897976
 0.466521 0.404554 0.0862702 0.0327059 0.00994877
 0.434016 0.291024 0.208511 0.0444646 0.0219847
 0.507367 0.23426 0.132853 0.0951858 0.0303342
 0.656094 0.18984 0.0732624 0.0415484 0.0392551
 0.78132 0.152268 0.0366602 0.0141478 0.015604
 0.708726 0.235578 0.0387816 0.00933708 0.00757755
 0.650327 0.260926 0.0717776 0.0118163 0.00515367
 0.596225 0.279264 0.0929095 0.0255583 0.00604259
 0.695838 0.195789 0.0749539 0.0249367 0.00848162
 0.917222 0.0607682 0.0141677 0.00542382 0.00241822
 0.391614 0.565954 0.0311501 0.00726245 0.00401987
 0.877288 0.0533173 0.0645551 0.00355311 0.00128691
 0.583497 0.372855 0.0189649 0.0229622 0.00172159
 0.574668 0.266921 0.14181 0.00721302 0.0093881
 0.727338 0.168627 0.0652877 0.0346861 0.00406056
 0.732548 0.203554 0.0395179 0.0153002 0.00908029
 0.319593 0.521553 0.120901 0.0234718 0.0144809
 0.726658 0.0979791 0.134421 0.0311603 0.00978164
 0.616393 0.291355 0.0330674 0.0453664 0.0138177
 0.436234 0.369982 0.147181 0.0167044 0.0298975
 0.720134 0.133935 0.0957701 0.0380979 0.0120629
 0.687156 0.23574 0.0368999 0.0263852 0.0138196
 0.372228 0.4537 0.131169 0.0205317 0.0223706
 0.490114 0.210512 0.216362 0.0625526 0.0204594
 0.786653 0.113753 0.0411185 0.0422613 0.0162145
 0.483354 0.420711 0.0511507 0.0184896 0.0262946
pobs_RECLAS
 0 0 0 0 0
 0 0 0 0 0
 0 0 0 0 0
 0 0 0 0 0
 0 0 0 0 0
 0 0 0 0 0
 0 0 0 0 0
 0 0 0 0 0
 0 0 0 0 0
 0 0 0 0 0
 0.991045 0.00858322 0.000360255 1.14367e-05 0
 0.934742 0.0480273 0.0164251 0.00080598 0
 0.827803 0.169806 0.00239088 0 0
 0.941827 0.0461693 0.0120037 0 0
 0.791401 0.0380133 0.147996 0.0225897 0
 0.846168 0.0940531 0.0597789 0 0
 0.134021 0.677848 0.182769 0.00536245 0
 0.80878 0.0450904 0.141981 0.00414843 0
 0.846168 0.0940531 0.0597789 0 0
 0.905697 0.0802665 0.012482 0.00150086 5.37128e-05
 0.989698 0.0102097 9.19794e-05 0 0
 0.975433 0.0193895 0.00387452 0.00125025 5.28907e-05
 0.303575 0.632131 0.0575291 0.00676475 0
 0.966965 0.00978017 0.0227588 0.000495775 0
 0.843318 0.132988 0.00938335 0.0141283 0.000182051
 0.564624 0.303363 0.111486 0.0197234 0.00080311
 0.826376 0.0876187 0.0782897 0.00655872 0.00115652
 0.89761 0.0855135 0.0140674 0.00269457 0.000114338
 0.34875 0.467042 0.161289 0.0227151 0.000203297
 0.318654 0.224769 0.449479 0.00709798 0
 0.937255 0.0296025 0.0250945 0.00804832 0
 0.456809 0.399803 0.12412 0.0192676 0
ppred_RECLAS
 0.438875 0.10118 0.437132 0.0228127 6.98454e-07
 0.42991 0.251023 0.057533 0.248562 0.0129721
 0.575033 0.183796 0.106192 0.0243387 0.110639
 0.763969 0.136315 0.0431269 0.0249175 0.0316718
 0.66799 0.254572 0.0447227 0.0141492 0.018566
 0.756332 0.16305 0.061814 0.0108594 0.00794378
 0.508521 0.372704 0.0794784 0.030131 0.00916553
 0.474671 0.270119 0.193534 0.0412707 0.0204055
 0.548718 0.214597 0.121702 0.0871961 0.027788
 0.6927 0.169633 0.0654642 0.0371259 0.0350767
 0.808089 0.133629 0.0321725 0.0124159 0.0136939
 0.742132 0.20856 0.0343338 0.00826623 0.0067085
 0.687395 0.233265 0.0641685 0.0105636 0.00460734
 0.636507 0.251404 0.0836407 0.0230085 0.00543977
 0.730112 0.173727 0.0665078 0.0221268 0.00752588
 0.929059 0.0520787 0.0121418 0.00464824 0.00207243
 0.431699 0.528665 0.0290977 0.00678395 0.00375501
 0.894049 0.0460347 0.0557376 0.0030678 0.00111113
 0.623429 0.337107 0.0171466 0.0207607 0.00155653
 0.614775 0.241751 0.128438 0.00653285 0.00850284
 0.758936 0.149086 0.0577218 0.0306665 0.00359
 0.763858 0.179724 0.0348916 0.013509 0.00801728
 0.356494 0.493267 0.114345 0.0221988 0.0136955
 0.758149 0.0866911 0.118935 0.0275704 0.00865472
 0.654554 0.262371 0.0297779 0.0408534 0.0124431
 0.477044 0.343201 0.136527 0.0154952 0.0277333
 0.752125 0.118625 0.0848229 0.0337431 0.010684
 0.721415 0.209924 0.032859 0.0234958 0.0123062
 0.411413 0.42538 0.122982 0.0192501 0.0209743
 0.531285 0.193514 0.198892 0.0575017 0.0188074
 0.813039 0.0996844 0.0360333 0.0370347 0.0142092
 0.524373 0.387309 0.0470896 0.0170216 0.0242069
pobs_PELACES
 0 0 0 0 0
 0 0 0 0 0
 0 0 0 0 0
 0 0 0 0 0
 0 0 0 0 0
 0 0 0 0 0
 0 0 0 0 0
 0 0 0 0 0
 0 0 0 0 0
 0 0 0 0 0
 0 0 0 0 0
 0 0 0 0 0
 0 0 0 0 0
 0 0 0 0 0
 0 0 0 0 0
 0 0 0 0 0
 0.505614 0.472636 0.0217494 0 0
 0 0 0 0 0
 0.443492 0.261883 0.143347 0.151278 0
 0.227955 0.32914 0.350689 0.0885471 0.00366901
 0.970185 0.0296113 0.000203453 0 0
 0.997202 0.00247181 0.000326279 0 0
 0.445219 0.490057 0.0546422 0.010081 0
 0.90214 0.0892962 0.00764917 0.000914606 0
 0 0 0 0 0
 0.581667 0.319106 0.0959925 0.00289975 0.000334073
 0.762889 0.0836404 0.116647 0.0363945 0.000428098
 0.88444 0.0763242 0.0277011 0.0115352 0
 0.521256 0.241999 0.230069 0.00667565 0
 0.616807 0.101726 0.260614 0.0208532 0
 0.833518 0.0704572 0.0857862 0.0102388 0
 0.697417 0.212968 0.0787535 0.0105354 0.000325836
ppred_PELACES
 0.43983 0.101008 0.436388 0.0227739 6.97266e-07
 0.431617 0.250271 0.0573608 0.247818 0.0129333
 0.576681 0.183084 0.105781 0.0242443 0.11021
 0.765814 0.135249 0.0427899 0.0247228 0.0314243
 0.668757 0.253984 0.0446194 0.0141166 0.0185232
 0.757653 0.162167 0.0614789 0.0108005 0.00790072
 0.512263 0.369866 0.0788732 0.0299016 0.00909574
 0.475235 0.269829 0.193326 0.0412263 0.0203836
 0.550892 0.213563 0.121115 0.0867759 0.0276541
 0.695082 0.168318 0.0649567 0.0368381 0.0348048
 0.808548 0.133309 0.0320956 0.0123862 0.0136611
 0.744821 0.206385 0.0339757 0.00818002 0.00663854
 0.690196 0.231175 0.0635935 0.010469 0.00456605
 0.641263 0.248115 0.0825464 0.0227075 0.0053686
 0.732756 0.172026 0.0658565 0.0219101 0.00745217
 0.92985 0.051498 0.0120064 0.00459641 0.00204932
 0.43354 0.526951 0.0290034 0.00676196 0.00374284
 0.894811 0.0457034 0.0553364 0.00304572 0.00110313
 0.626157 0.334665 0.0170224 0.0206103 0.00154526
 0.617201 0.240229 0.127629 0.00649171 0.00844929
 0.760356 0.148208 0.0573818 0.0304858 0.00356886
 0.765624 0.17838 0.0346306 0.013408 0.00795731
 0.357783 0.492279 0.114115 0.0221543 0.0136681
 0.759051 0.0863676 0.118491 0.0274675 0.00862242
 0.655687 0.261511 0.0296802 0.0407194 0.0124023
 0.47805 0.34254 0.136265 0.0154654 0.0276799
 0.753057 0.118179 0.0845038 0.0336161 0.0106438
 0.722273 0.209277 0.0327577 0.0234234 0.0122683
 0.412368 0.42469 0.122782 0.0192189 0.0209403
 0.532537 0.192997 0.198361 0.0573482 0.0187572
 0.81388 0.0992358 0.0358711 0.0368681 0.0141452
 0.525031 0.386773 0.0470245 0.0169981 0.0241735
pobs_pel_tallas
 0 0 0 0 0 0 0 0 0 0 0 0 0 0 0 0 0 0 0 0 0 0 0 0 0 0
 0 0 0 0 0 0 0 0 0 0 0 0 0 0 0 0 0 0 0 0 0 0 0 0 0 0
 0 0 0 0 0 0 0 0 0 0 0 0 0 0 0 0 0 0 0 0 0 0 0 0 0 0
 0 0 0 0 0 0 0 0 0 0 0 0 0 0 0 0 0 0 0 0 0 0 0 0 0 0
 0 0 0 0 0 0 0 0 0 0 0 0 0 0 0 0 0 0 0 0 0 0 0 0 0 0
 0 0 0 0 0 0 0 0 0 0 0 0 0 0 0 0 0 0 0 0 0 0 0 0 0 0
 0 0 0 0 0 0 0 0 0 0 0 0 0 0 0 0 0 0 0 0 0 0 0 0 0 0
 0 0 0 0 0 0 0 0 0 0 0 0 0 0 0 0 0 0 0 0 0 0 0 0 0 0
 0 0 0 0 0 0 0 0 0 0 0 0 0 0 0 0 0 0 0 0 0 0 0 0 0 0
 0 0 0 0 0 0 0 0 0 0 0 0 0 0 0 0 0 0 0 0 0 0 0 0 0 0
 0 0 0 0 0 0 0 0 0 0 0 0 0 0 0 0 0 0 0 0 0 0 0 0 0 0
 0 0 0 0 0 0 0 0 0 0 0 0 0 0 0 0 0 0 0 0 0 0 0 0 0 0
 0.00862536 0 0 0.000197151 0.00414017 0.0128641 0.00837892 0.0270097 0.101434 0.158115 0.152841 0.127902 0.109271 0.109419 0.0830992 0.0579132 0.0238553 0.00714673 0.00463305 0.00128148 0.00103504 0.000492878 0.000147863 0.000147863 4.92878e-05 0
 0 0 0 0 0 0 0 0 0 0 0 0 0 0 0 0 0 0 0 0 0 0 0 0 0 0
 0 0 0 0 0 0 0 0.0054083 0.00873648 0.0413646 0.0450493 0.0745869 0.0622846 0.0627006 0.0613931 0.0827291 0.12552 0.122667 0.0946155 0.0697135 0.0546179 0.0294188 0.0215738 0.0213955 0.0102223 0.00600262
 0 0 0 0 0.00359764 0.0251062 0.0480494 0.140153 0.205849 0.193036 0.1447 0.116669 0.0760912 0.0342217 0.00950174 0.001854 0.000860785 0 0 0 0.000165536 0 0.000143464 0 0 0
 0 0 0 0 0 0 0 0.000145254 0.000435761 0.0275982 0.070085 0.0708112 0.156366 0.174668 0.174014 0.160142 0.0824315 0.0480064 0.0283245 0.00493863 0.00203355 0 0 0 0 0
 0 0 0 0 0 0 0 0 0 0 0 0 0 0 0 0 0 0 0 0 0 0 0 0 0 0
 0 0 1.00437e-05 0.000401748 0.00122533 0.00171747 0.00176769 0.0269171 0.070346 0.194647 0.189555 0.159765 0.064822 0.0314167 0.0384472 0.0292271 0.0345202 0.0313363 0.0194345 0.0106764 0.0143323 0.0359363 0.0279516 0.0138201 0.00172751 0
 0 0.0021121 0.0136068 0.0755702 0.200478 0.177729 0.0527432 0.0373336 0.0318909 0.0142505 0.0149659 0.0166563 0.0217959 0.0798694 0.0677717 0.0528807 0.04013 0.0224614 0.0357745 0.0225083 0.00881397 0.00855152 0.00135912 0.000746735 0 0
 0 0 0 0 5.4009e-05 0.00500934 0.000945158 0.0243581 0.138947 0.33067 0.221406 0.137944 0.0707744 0.0437923 0.0131692 0.00525238 0.0047753 0.00276346 9.45158e-05 9.00151e-06 2.25038e-05 9.00151e-06 4.50075e-06 0 0 0
 0.000866109 0.00284123 0.00948549 0.0512746 0.133035 0.25785 0.225252 0.132002 0.0553304 0.0519788 0.0540692 0.017754 0.00435017 0.00159236 0.00146478 0.000404838 0.000125132 0.000115318 0.000107957 0.000100596 0 0 0 0 0 0
 0 0 0 0 0.00144013 0.00171154 0.00461396 0.0210425 0.0478622 0.0707936 0.0888783 0.103762 0.0637923 0.0337046 0.0602308 0.124433 0.169614 0.0934646 0.0462172 0.0250306 0.0313229 0.00938855 0.002487 0.000210481 0 0
 0 0.00764035 0.051015 0.0998891 0.058973 0.0496711 0.0374665 0.0718981 0.12319 0.153886 0.159021 0.0857701 0.0377988 0.023471 0.0147837 0.00900784 0.00315554 0.000888139 0.00291439 0.00214683 0.00393193 0.00274676 0.000635225 9.99891e-05 0 0
 0 0 0 0 0 0 0 0 0 0 0 0 0 0 0 0 0 0 0 0 0 0 0 0 0 0
 0 0 0 0 0 0 0 0 0 0 0 0 0 0 0 0 0 0 0 0 0 0 0 0 0 0
 0 0 0 0 0 0 0 0 0 0 0 0 0 0 0 0 0 0 0 0 0 0 0 0 0 0
 0 0 0 0 0 0 0 0 0 0 0 0 0 0 0 0 0 0 0 0 0 0 0 0 0 0
 0 0 0 0 0 0 0 0 0 0 0 0 0 0 0 0 0 0 0 0 0 0 0 0 0 0
 0 0 0 0 0 0 0 0 0 0 0 0 0 0 0 0 0 0 0 0 0 0 0 0 0 0
 0 0 0 0 0 0 0 0 0 0 0 0 0 0 0 0 0 0 0 0 0 0 0 0 0 0
 0 0 0 0 0 0 0 0 0 0 0 0 0 0 0 0 0 0 0 0 0 0 0 0 0 0
ppred_pel_tallas
 1.14904e-16 3.62282e-05 0.000352151 0.00234017 0.0106381 0.033099 0.0705214 0.10293 0.102941 0.0705725 0.0332725 0.0111474 0.00365033 0.00331644 0.00597057 0.0106056 0.0171141 0.0253412 0.0350058 0.0457452 0.0569205 0.0672629 0.0748085 0.0774699 0.0740338 0.064905
 1.28761e-16 3.55517e-05 0.000345576 0.00229647 0.0104394 0.0324811 0.0692054 0.101012 0.101037 0.0693239 0.0328795 0.0115919 0.00519647 0.00670159 0.0121856 0.02031 0.029813 0.038771 0.0453659 0.0490587 0.0510189 0.0532904 0.0572753 0.062692 0.0677028 0.0699706
 1.24182e-16 4.75005e-05 0.000461722 0.0030683 0.0139481 0.0433977 0.0924641 0.134958 0.134976 0.0925512 0.0436904 0.0147955 0.00520338 0.00514904 0.009029 0.0150653 0.0222153 0.029069 0.0342655 0.0373119 0.0389071 0.0404 0.0427916 0.0460591 0.0492226 0.0509533
 1.09067e-16 6.30791e-05 0.000613151 0.00407461 0.0185226 0.0576307 0.122789 0.179216 0.17923 0.122853 0.0578456 0.019144 0.00563717 0.00403317 0.00658531 0.0108602 0.0158169 0.0202841 0.0231313 0.0238926 0.0230541 0.0216987 0.020784 0.0206158 0.0208354 0.0207901
 1.05903e-16 5.50846e-05 0.000535442 0.0035582 0.0161751 0.0503269 0.107228 0.156507 0.156531 0.107347 0.0507289 0.0173365 0.00647459 0.00690534 0.012163 0.0200486 0.028944 0.0365497 0.0405665 0.0399566 0.035563 0.0295221 0.0239527 0.0199406 0.0174114 0.0156726
 1.04236e-16 6.24069e-05 0.000606618 0.00403119 0.0183252 0.0570166 0.12148 0.177308 0.177323 0.121557 0.0572743 0.0190705 0.00590498 0.00470726 0.00788008 0.0130067 0.0189136 0.0241686 0.0273474 0.0277843 0.0259333 0.0229855 0.0200713 0.0176937 0.01573 0.0138182
 1.06909e-16 4.21945e-05 0.000410146 0.00272556 0.01239 0.0385502 0.0821366 0.119888 0.119924 0.0823111 0.0391361 0.0140829 0.00697743 0.00970016 0.0177099 0.0292757 0.0423221 0.0535495 0.0596198 0.0590018 0.0528613 0.0442076 0.036011 0.0297751 0.0254001 0.0219915
 1.13232e-16 3.91446e-05 0.000380499 0.00252855 0.0114944 0.0357636 0.0761992 0.11122 0.111247 0.0763276 0.0361956 0.0127455 0.00568134 0.00730433 0.0133102 0.0222609 0.032811 0.0428321 0.0501468 0.0537204 0.0541503 0.0529754 0.0514161 0.0496264 0.0469409 0.0426826
 1.16933e-16 4.53763e-05 0.000441074 0.00293109 0.0133243 0.0414571 0.0883294 0.128924 0.128944 0.0884309 0.0417984 0.0143126 0.00542074 0.00590588 0.0105133 0.0175473 0.0258454 0.0337374 0.0395726 0.0426704 0.0436959 0.0440525 0.0447779 0.0458464 0.0463327 0.045143
 1.11502e-16 5.7253e-05 0.00055652 0.00369827 0.0168118 0.0523079 0.111448 0.162665 0.162681 0.111528 0.0525758 0.0175866 0.00564739 0.00482568 0.00820793 0.0135937 0.0198548 0.0255748 0.0293696 0.0306633 0.0300326 0.0287586 0.0279406 0.0278706 0.0280533 0.0276905
 1.04515e-16 6.65991e-05 0.000647367 0.00430198 0.0195562 0.0608466 0.129641 0.189217 0.18923 0.129704 0.061058 0.020167 0.00583648 0.00400168 0.00645055 0.0105949 0.0153435 0.0194857 0.0218411 0.0218849 0.0200573 0.0174434 0.0150852 0.0134623 0.01245 0.0116284
 1.02978e-16 6.13499e-05 0.000596343 0.00396291 0.0180148 0.0560509 0.119423 0.174306 0.174326 0.11952 0.0563775 0.0189581 0.00633116 0.00576776 0.00988731 0.0162606 0.0234467 0.0295466 0.0326675 0.0319394 0.0280267 0.0226611 0.0175881 0.0137473 0.0111636 0.00936888
 1.03717e-16 5.68506e-05 0.000552608 0.00367228 0.0166936 0.0519403 0.110665 0.161524 0.161546 0.110774 0.0523068 0.0177531 0.00633406 0.00637116 0.0111304 0.0183708 0.0265984 0.0337401 0.0377116 0.0375369 0.0338947 0.0285913 0.02341 0.0192558 0.0160978 0.0134729
 1.05632e-16 5.282e-05 0.000513429 0.00341192 0.0155101 0.0482578 0.102819 0.150073 0.150097 0.102937 0.0486518 0.0166491 0.00627493 0.00677627 0.011985 0.0198295 0.0287936 0.0367007 0.0413571 0.0417417 0.0385694 0.0337086 0.0289495 0.0251154 0.0220458 0.0191802
 1.05403e-16 6.03561e-05 0.000586683 0.00389872 0.017723 0.055143 0.117489 0.171481 0.171498 0.11757 0.0554165 0.0185139 0.00588758 0.00494009 0.00836288 0.0138212 0.0201195 0.0257572 0.0292424 0.0298892 0.0281925 0.0254114 0.0227145 0.0205765 0.0187929 0.016912
 1.01168e-16 7.65905e-05 0.000744487 0.00494738 0.0224901 0.069975 0.149089 0.217601 0.217606 0.149114 0.0700566 0.0227259 0.00553983 0.00203928 0.00253998 0.00408943 0.00591107 0.00749223 0.00836748 0.00832617 0.00753088 0.0063969 0.0053299 0.00452846 0.00396766 0.00351464
 1.02284e-16 3.57103e-05 0.000347116 0.00230671 0.010486 0.0326262 0.0695153 0.10147 0.101521 0.0697631 0.0334579 0.0128874 0.00833084 0.0134858 0.0249531 0.0411033 0.0589898 0.0737237 0.0803461 0.0765726 0.0641785 0.0478509 0.032464 0.0208733 0.0134859 0.00922528
 1.02101e-16 7.37044e-05 0.000716433 0.00476095 0.0216426 0.0673382 0.143471 0.209401 0.209406 0.143493 0.067412 0.0218569 0.00530252 0.00191073 0.0023771 0.00390475 0.00583036 0.00777294 0.00938155 0.0104687 0.0110701 0.0113283 0.0113109 0.0109411 0.0100913 0.00873696
 1.02906e-16 5.15758e-05 0.000501335 0.00333155 0.0151448 0.0471211 0.100398 0.14654 0.146572 0.100555 0.0476494 0.0166701 0.00715843 0.00884875 0.0158854 0.0261303 0.0375221 0.0469511 0.0512931 0.0491295 0.0416159 0.0317358 0.0225521 0.0157993 0.0116219 0.00922079
 1.05826e-16 5.08381e-05 0.000494165 0.0032839 0.0149281 0.0464471 0.0989613 0.144442 0.144465 0.0990752 0.04683 0.016036 0.00607164 0.0066028 0.0117194 0.0194686 0.0284456 0.036612 0.0418909 0.0432714 0.0413166 0.0376002 0.0335802 0.0298501 0.0262249 0.022332
 1.05356e-16 6.26295e-05 0.000608781 0.00404557 0.0183906 0.05722 0.121914 0.17794 0.177954 0.121984 0.0574557 0.0190723 0.00576021 0.00436291 0.00722518 0.0119324 0.0173895 0.0223086 0.0254215 0.0261553 0.0249469 0.0228733 0.0209075 0.0193996 0.0181026 0.0165679
 1.03737e-16 6.30635e-05 0.000613 0.0040736 0.018518 0.0576165 0.122759 0.179173 0.179191 0.122843 0.0578989 0.0193341 0.00612308 0.00509024 0.00857578 0.0141035 0.0203726 0.0257541 0.0286344 0.0282807 0.0252706 0.0210789 0.0171631 0.0142629 0.0123237 0.010884
 1.07954e-16 2.94702e-05 0.000286461 0.00190364 0.00865369 0.0269251 0.0573685 0.083741 0.0837885 0.0576008 0.0277051 0.0109074 0.00756441 0.0126557 0.0235555 0.0389858 0.0563697 0.0713318 0.079414 0.0785452 0.0702308 0.0584314 0.0470852 0.0382327 0.0318398 0.0268482
 1.07656e-16 6.25221e-05 0.000607737 0.00403863 0.018359 0.0571217 0.121704 0.177633 0.177641 0.121746 0.057262 0.0187663 0.00506939 0.00288614 0.00447271 0.00751319 0.0113278 0.0153186 0.0188988 0.0217762 0.0240376 0.0258956 0.0273306 0.0279759 0.0273482 0.0252075
 1.07106e-16 5.40081e-05 0.000524978 0.00348867 0.015859 0.0493433 0.105132 0.153449 0.153474 0.105255 0.0497569 0.0170536 0.00648776 0.00707335 0.0124952 0.0205864 0.0296919 0.0374445 0.0414909 0.0408014 0.0363085 0.0302835 0.0249483 0.0213924 0.0194276 0.0181779
 1.10256e-16 3.93764e-05 0.000382753 0.00254353 0.0115625 0.0359755 0.0766508 0.111881 0.111914 0.0768129 0.0365201 0.0131374 0.00650369 0.00905075 0.0165689 0.0275062 0.0400345 0.0512161 0.0580619 0.0591764 0.0555185 0.0495916 0.0437599 0.0390545 0.0351842 0.0313526
 1.07642e-16 6.20283e-05 0.000602938 0.00400673 0.018214 0.0566707 0.120743 0.176231 0.176242 0.1208 0.05686 0.0187624 0.00538906 0.00363996 0.00588723 0.00978601 0.0144492 0.0189307 0.0223058 0.0241581 0.0247793 0.0248485 0.0248615 0.0247957 0.0242316 0.0227425
 1.05425e-16 5.94927e-05 0.000578291 0.00384295 0.0174695 0.0543542 0.115808 0.169029 0.16905 0.115907 0.0546854 0.0184263 0.00624549 0.00582569 0.0100334 0.0165159 0.0238437 0.0301159 0.0334484 0.0330037 0.0294978 0.0247065 0.020372 0.0173567 0.0155403 0.0142845
 1.09123e-16 3.39663e-05 0.000330165 0.00219406 0.00997391 0.0310328 0.0661201 0.0965128 0.0965538 0.0663206 0.0317065 0.0119211 0.0070868 0.0110276 0.0203989 0.0337973 0.0489822 0.0622258 0.069733 0.0697397 0.0635103 0.0543563 0.0455137 0.0385719 0.0333775 0.0289791
 1.147e-16 4.38644e-05 0.000426378 0.00283343 0.0128804 0.0400757 0.0853862 0.124628 0.124647 0.0854787 0.0403869 0.0137828 0.00511271 0.00544866 0.00971946 0.0163599 0.0244121 0.0324907 0.0391845 0.0438263 0.0467581 0.0487879 0.0503208 0.0509493 0.0498021 0.046259
 1.07152e-16 6.70382e-05 0.000651635 0.00433035 0.0196851 0.0612478 0.130495 0.190464 0.190473 0.130542 0.0614058 0.020142 0.00547969 0.00316936 0.00487498 0.0080245 0.0117269 0.0151293 0.0174277 0.0182998 0.0181002 0.0175859 0.0173825 0.0176123 0.0179169 0.0177658
 1.07252e-16 4.32462e-05 0.000420368 0.0027935 0.0126989 0.039511 0.0841838 0.122877 0.122914 0.084366 0.0401225 0.014465 0.00722655 0.0100973 0.0184204 0.030383 0.0437648 0.0550488 0.0606904 0.0590889 0.0515599 0.0414545 0.0321486 0.0254555 0.0213768 0.01889
pSPR Fmed_Fpbrs
0.532506   0.6 0.325
Fs Fmed_Fpbrs
0.341307   0.271225 0.6586
SSBpbr Bo_Bmed_Bpbrs
4.00177e+06  1.93087e+06  2.20097e+06 1.10049e+06
Ro
256003
SPR SPRFo_SPRFmed_SPRFpbrs
1.84274e+06 981267 598889
Fref
0.271225
Nvult_r0
 138395 103072 12531.7 4529.88 6442.07
CTP_r0
 5957.03 5185 630.401 227.873 324.065
YTP_r0
218837
Np
 319527 93365.9 21058.6 15492.1 2411.87
Nvult_p0
 226161 67177.9 15151.9 11146.8 1735.37
CTP_p0
 42337.7 11525.5 8478.96 1030.88 502.651
 42337.7 14332.9 3232.77 2378.24 370.254
YTP_p0
 774441 734686
CBA_c0
417443
log_Ro
12.2729
likeval ReclasPelacesDesembMPH_pf_preclas_ppelaces_ptallas_desvR_qrecl_qpela
 17.208 17.613 0.0961952 0.000810453 230.838 130.423 111.7 0 22.0277 1.72458e-05 9.46655e-06 0.487058 1.25399e-15 0 0
q_reclas_q_pelaces
0.555829 0.647186
M
1
N
 260645 60443.9 261138 13628.1 0.417249
 152101 89752.2 20570.7 88872.4 4638.14
 153883 49690.6 28709.8 6580.12 29912
 278420 50456.5 15963.3 9223.13 11723.2
 224432 85980.7 15104.9 4778.86 6270.61
 357137 77834 29507.6 5183.84 3792.06
 155035 116236 24787 9396.98 2858.46
 77360.5 44174.7 31650.1 6749.31 3337.06
 69085.1 27380.4 15527.9 11125.4 3545.47
 87830 21877.1 8442.73 4788.02 4523.74
 160639 26683.4 6424.31 2479.24 2734.44
 195697 56184 9249.19 2226.84 1807.2
 163522 56600.2 15570 2563.19 1117.94
 118120 48134.6 16014.1 4405.28 1041.51
 125883 30570.2 11703.2 3893.57 1324.3
 644790 36810.6 8582.16 3285.5 1464.85
 155885 193081 10627.2 2477.67 1371.42
 967996 50455.9 61090.6 3362.43 1217.85
 563769 310271 15781.6 19107.9 1432.62
 425774 170051 90344.9 4595.3 5981.02
 661520 131489 50909 27047 3166.28
 892434 213124 41375.8 16019.5 9507.19
 198976 277669 64366.5 12496.1 7709.45
 577336 66510.8 91248.8 21152.4 6640.04
 483443 195261 22161.2 30403.8 9260.36
 225556 163267 64948.7 7371.35 13193.3
 487411 77459.9 55387.6 22033.5 6976.45
 562100 164627 25768.8 18426 9650.84
 184824 192244 55579.7 8699.78 9478.99
 173208 63570.8 65337.6 18889.8 6178.39
 473009 58483.6 21140.3 21727.8 8336.34
 213474 158305 19247 6957.28 9894.13
pred_Ctot
 10596.5 2879.83 12441.8 649.304 0.0198797
 10868.4 7487.72 1716.14 7414.32 386.944
 10674.2 4025.32 2325.72 533.041 2423.1
 28662 6040.7 1911.14 1104.2 1403.52
 8166.8 3668.54 644.482 203.899 267.548
 26290.3 6687.81 2535.42 445.417 325.829
 22560.3 19563.7 4171.91 1581.61 481.109
 1859.78 1247.05 893.479 190.532 94.2051
 6153.9 2841.36 1611.38 1154.52 367.926
 9821.65 2841.89 1096.73 621.974 587.644
 5024.33 979.172 235.746 90.9782 100.343
 26972.3 8965.47 1475.92 355.345 288.382
 21035.3 8439.83 2321.7 382.205 166.699
 22778.6 10669.2 3549.57 976.446 230.855
 16630.1 4679.24 1791.35 595.971 202.705
 77099.5 5108.03 1190.91 455.913 203.27
 11964.8 17291.3 951.716 221.887 122.817
 79649.1 4840.68 5860.96 322.588 116.839
 65221.1 41676.4 2119.83 2566.63 192.433
 43825.5 20356 10814.7 550.081 715.957
 52519.9 12176.3 4714.31 2504.62 293.206
 88210.2 24511.1 4758.57 1842.38 1093.41
 11583 18902.7 4381.84 850.688 524.831
 29635.4 3995.9 5482.13 1270.82 398.926
 25231.6 11926.4 1353.59 1857.04 565.616
 9534.35 8086.35 3216.8 365.091 653.44
 25403.1 4724.62 3378.34 1343.92 425.525
 25135.3 8623.07 1349.75 965.14 505.504
 7640.64 9312.99 2692.48 421.449 459.197
 9060.17 3891.49 3999.64 1156.34 378.21
 27195.5 3932.56 1421.52 1461.02 560.553
 5957.03 5185 630.401 227.873 324.065
F
 0.0661056 0.0778472 0.0778472 0.0778472 0.0778472
 0.118726 0.139814 0.139814 0.139814 0.139814
 0.115083 0.135524 0.135524 0.135524 0.135524
 0.175006 0.206091 0.206091 0.206091 0.206091
 0.0589953 0.0694739 0.0694739 0.0694739 0.0694739
 0.122502 0.144261 0.144261 0.144261 0.144261
 0.255497 0.300879 0.300879 0.300879 0.300879
 0.0386485 0.0455132 0.0455132 0.0455132 0.0455132
 0.149897 0.176522 0.176522 0.176522 0.176522
 0.191362 0.225351 0.225351 0.225351 0.225351
 0.0505307 0.0595059 0.0595059 0.0595059 0.0595059
 0.240556 0.283283 0.283283 0.283283 0.283283
 0.222945 0.262544 0.262544 0.262544 0.262544
 0.351677 0.414141 0.414141 0.414141 0.414141
 0.229564 0.270339 0.270339 0.270339 0.270339
 0.205813 0.242369 0.242369 0.242369 0.242369
 0.128016 0.150754 0.150754 0.150754 0.150754
 0.137783 0.162256 0.162256 0.162256 0.162256
 0.198544 0.23381 0.23381 0.23381 0.23381
 0.174981 0.206061 0.206061 0.206061 0.206061
 0.132667 0.156232 0.156232 0.156232 0.156232
 0.167523 0.197278 0.197278 0.197278 0.197278
 0.0958205 0.11284 0.11284 0.11284 0.11284
 0.0840865 0.0990219 0.0990219 0.0990219 0.0990219
 0.0855468 0.100742 0.100742 0.100742 0.100742
 0.0688093 0.0810311 0.0810311 0.0810311 0.0810311
 0.0854229 0.100596 0.100596 0.100596 0.100596
 0.072915 0.0858661 0.0858661 0.0858661 0.0858661
 0.0672515 0.0791966 0.0791966 0.0791966 0.0791966
 0.0857451 0.100975 0.100975 0.100975 0.100975
 0.0945902 0.111391 0.111391 0.111391 0.111391
 0.0449798 0.052969 0.052969 0.052969 0.052969
YTP_r0W_actual
 51230.5 128588 17588.2 8499.67 12930.2
YTP_p0W_proyectada
 319226 201120 204088 32287.3 17718.4
 319226 250109 77812.8 74486.6 13051.4
CTP_r0_actual
 5957.03 5185 630.401 227.873 324.065
CTP_p0_proyectada
 42337.7 11525.5 8478.96 1030.88 502.651
 42337.7 14332.9 3232.77 2378.24 370.254
Wmedp
 7.54 17.45 24.07 31.32 35.25
Frms_r0
 0.0449798 0.052969 0.052969 0.052969 0.052969
Zrms_r0
 1.04498 1.05297 1.05297 1.05297 1.05297
nmprior
 7.27 8.72 9 0
nm_flota  nm_reclas  nm_pelaces    nm_pelaL
inf 11.539 17.8592 56.5725
cv_recla  cv_pelaces  cv_mph
0.366976 0.459734 0.878556
 ------------------------------------------------
Talla a la edad & desviaci?n 
 8 13.2811 15.8009 17.003 17.5766
 0.8 1.32811 1.58009 1.7003 1.75766
