years
 1991 1992 1993 1994 1995 1996 1997 1998 1999 2000 2001 2002 2003 2004 2005 2006 2007 2008 2009 2010 2011 2012 2013 2014 2015 2016 2017 2018 2019 2020 2021 2022
reclasobs
 0 0 0 0 0 0 0 0 0 252601 567819 844713 477998 351125 339783 2.1784e+06 2.13404e+06 4.81314e+06 1.55562e+06 2.62356e+06 3.21686e+06 3.843e+06 1.13348e+06 3.07943e+06 1.97215e+06 2.03268e+06 2.025e+06 2.42433e+06 2.27542e+06 1.05018e+06 2.36338e+06 3.18982e+06
reclaspred
 3.30793e+06 1.77375e+06 898052 883228 882077 1.71024e+06 879059 740047 513281 321226 503210 714193 694006 497540 477132 1.43397e+06 1.18411e+06 3.43182e+06 2.63899e+06 1.84277e+06 3.14831e+06 2.61278e+06 1.89746e+06 3.09059e+06 2.24529e+06 1.96229e+06 2.41052e+06 2.73199e+06 2.14432e+06 1.40022e+06 2.00335e+06 2.12722e+06
pelacesobs
 0 0 0 0 0 0 0 0 0 0 0 0 0 0 0 552880 188675 0 991730 2.46772e+06 1.41603e+06 1.21717e+06 2.29649e+06 1.80582e+06 0 1.4828e+06 1.56532e+06 1.57751e+06 1.42118e+06 867257 1.10002e+06 1.06204e+06
pelacespred
 1.92409e+06 1.10766e+06 534415 409128 463971 908185 408434 476165 287831 157222 275297 324979 353087 247324 244040 626617 568348 1.84801e+06 1.47823e+06 936731 1.60926e+06 1.36996e+06 1.07736e+06 1.87232e+06 1.3397e+06 1.18799e+06 1.60334e+06 1.62569e+06 1.24642e+06 910427 1.02995e+06 1.21209e+06
mphobs
 0 0 0 0 0 0 0 0 0 0 0 498337 0 5186 125008 0 168611 109162 213762 579715 649985 157893 87575 83554 0 0 0 0 0 0 0 0
mphpred
 515867 342056 159804 89160.8 90562.8 111387 167293 79667.7 72187.6 41596.4 23661.2 61236 66074.7 51726.1 29284.7 37561.5 157788 129089 345335 227508 230085 281794 275018 209061 313993 253803 204036 225143 343240 220920 137322 261844
desembarqueobs
 494567 514787 250237 358949 120608 361735 552515 73892 212993 205616 52469 317467 293654 387597 252695 516296 358380 742168 942051 627588 828172 859565 418607 520667 417249 300574 415391 372974 316634 284311 391294 218835
desembarquepred
 494561 514164 250456 358977 120612 361720 552464 73896.6 213045 205661 52471 317499 293653 387490 252640 516171 358398 741938 941589 627239 828227 859455 418584 520676 417211 300556 415362 372920 316598 284283 391216 218837
Reclutas
 156060 88844.3 89501.7 117439 96602 199756 72319.7 29422.4 30354.8 40678.6 75495.7 117527 96900.1 69659.8 59991.8 327247 60155.4 549916 292419 232746 314281 450251 80259.1 244228 205532 90052.6 203652 239474 73697.4 67686.1 193076 75722.8
log_desv_Rt
 0.261374 -0.301977 -0.294606 -0.022946 -0.218264 0.508232 -0.507767 -1.40711 -1.37591 -1.08316 -0.464788 -0.0221969 -0.215183 -0.54524 -0.694655 1.00185 -0.691931 1.5209 0.889326 0.661085 0.961423 1.32094 -0.403603 0.709238 0.536738 -0.288469 0.527548 0.689583 -0.488896 -0.573983 0.474221 -0.461784
SSB
 1.61232e+06 1.06908e+06 499462 278668 283050 348136 522868 248998 225619 130008 73952 191390 206513 161668 91528.1 117397 493160 403462 1.07933e+06 711067 719122 880735 859557 653412 981371 793251 637704 703676 1.07278e+06 690475 429193 818383
BT
 2.34694e+06 1.61307e+06 775966 733430 587719 1.31674e+06 909813 574710 517587 366195 354280 621676 653506 677453 529717 1.13828e+06 876087 2.76559e+06 2.48721e+06 1.55266e+06 2.45625e+06 2.26969e+06 1.4818e+06 2.56944e+06 1.79175e+06 1.51346e+06 2.19683e+06 2.13333e+06 1.53107e+06 1.2171e+06 1.4647e+06 1.44323e+06
Ftot
 0.261364 0.48775 0.482677 0.770581 0.263988 0.439752 1.03692 0.18957 0.77021 1.16176 0.235159 0.871818 0.820719 1.46129 1.10892 0.818222 0.5398 0.482096 0.666206 0.649341 0.523292 0.648096 0.391153 0.35383 0.348577 0.281946 0.355811 0.289614 0.253933 0.363187 0.416092 0.187212
BD_Bspro_t
 0.959277 0.734179 0.504665 0.402145 0.381591 0.483147 0.503715 0.29243 0.343481 0.270143 0.22068 0.505432 0.387402 0.290726 0.182588 0.224969 0.427978 0.369248 0.537951 0.407025 0.365873 0.411382 0.432906 0.403722 0.536233 0.543377 0.54658 0.599645 0.67566 0.581025 0.504792 0.617992
BD_Bspro
 1.86405 1.23599 0.577441 0.322175 0.327241 0.402489 0.604502 0.287873 0.260844 0.150305 0.0854978 0.221271 0.238756 0.186908 0.105818 0.135725 0.570155 0.466453 1.24784 0.822083 0.831395 1.01824 0.993756 0.755426 1.13459 0.917098 0.737267 0.813538 1.24027 0.798277 0.496201 0.946153
BD_Bo
 1.50781 0.999779 0.467085 0.260604 0.264702 0.325569 0.488975 0.232857 0.210994 0.12158 0.0691582 0.178984 0.193127 0.151188 0.085595 0.109787 0.461192 0.377309 1.00936 0.664974 0.672506 0.823643 0.803838 0.611056 0.917756 0.74183 0.596367 0.658062 1.00324 0.645717 0.401371 0.765333
BD_Brms
 2.74146 1.81778 0.849246 0.473825 0.481276 0.591943 0.889045 0.423376 0.383625 0.221055 0.125742 0.325425 0.35114 0.274887 0.155627 0.199612 0.83853 0.686016 1.83521 1.20904 1.22274 1.49753 1.46152 1.11101 1.66865 1.34878 1.0843 1.19648 1.82408 1.17403 0.729766 1.39151
Sel_flota
 0.636608 0.970833 0.998421 0.999917 0.999996
 0.636608 0.970833 0.998421 0.999917 0.999996
 0.636608 0.970833 0.998421 0.999917 0.999996
 0.636608 0.970833 0.998421 0.999917 0.999996
 0.636608 0.970833 0.998421 0.999917 0.999996
 0.636608 0.970833 0.998421 0.999917 0.999996
 0.636608 0.970833 0.998421 0.999917 0.999996
 0.636608 0.970833 0.998421 0.999917 0.999996
 0.636608 0.970833 0.998421 0.999917 0.999996
 0.636608 0.970833 0.998421 0.999917 0.999996
 0.636608 0.970833 0.998421 0.999917 0.999996
 0.636608 0.970833 0.998421 0.999917 0.999996
 0.636608 0.970833 0.998421 0.999917 0.999996
 0.636608 0.970833 0.998421 0.999917 0.999996
 0.636608 0.970833 0.998421 0.999917 0.999996
 0.636608 0.970833 0.998421 0.999917 0.999996
 0.636608 0.970833 0.998421 0.999917 0.999996
 0.636608 0.970833 0.998421 0.999917 0.999996
 0.636608 0.970833 0.998421 0.999917 0.999996
 0.636608 0.970833 0.998421 0.999917 0.999996
 0.636608 0.970833 0.998421 0.999917 0.999996
 0.636608 0.970833 0.998421 0.999917 0.999996
 0.636608 0.970833 0.998421 0.999917 0.999996
 0.636608 0.970833 0.998421 0.999917 0.999996
 0.636608 0.970833 0.998421 0.999917 0.999996
 0.636608 0.970833 0.998421 0.999917 0.999996
 0.636608 0.970833 0.998421 0.999917 0.999996
 0.636608 0.970833 0.998421 0.999917 0.999996
 0.636608 0.970833 0.998421 0.999917 0.999996
 0.636608 0.970833 0.998421 0.999917 0.999996
 0.636608 0.970833 0.998421 0.999917 0.999996
 0.636608 0.970833 0.998421 0.999917 0.999996
Sel_reclas
 1 1 1 1 1
 1 1 1 1 1
 1 1 1 1 1
 1 1 1 1 1
 1 1 1 1 1
 1 1 1 1 1
 1 1 1 1 1
 1 1 1 1 1
 1 1 1 1 1
 1 1 1 1 1
 1 1 1 1 1
 1 1 1 1 1
 1 1 1 1 1
 1 1 1 1 1
 1 1 1 1 1
 1 1 1 1 1
 1 1 1 1 1
 1 1 1 1 1
 1 1 1 1 1
 1 1 1 1 1
 1 1 1 1 1
 1 1 1 1 1
 1 1 1 1 1
 1 1 1 1 1
 1 1 1 1 1
 1 1 1 1 1
 1 1 1 1 1
 1 1 1 1 1
 1 1 1 1 1
 1 1 1 1 1
 1 1 1 1 1
 1 1 1 1 1
Sel_pelaces
 0.815494 0.956977 0.991146 0.998228 0.999647
 0.815494 0.956977 0.991146 0.998228 0.999647
 0.815494 0.956977 0.991146 0.998228 0.999647
 0.815494 0.956977 0.991146 0.998228 0.999647
 0.815494 0.956977 0.991146 0.998228 0.999647
 0.815494 0.956977 0.991146 0.998228 0.999647
 0.815494 0.956977 0.991146 0.998228 0.999647
 0.815494 0.956977 0.991146 0.998228 0.999647
 0.815494 0.956977 0.991146 0.998228 0.999647
 0.815494 0.956977 0.991146 0.998228 0.999647
 0.815494 0.956977 0.991146 0.998228 0.999647
 0.815494 0.956977 0.991146 0.998228 0.999647
 0.815494 0.956977 0.991146 0.998228 0.999647
 0.815494 0.956977 0.991146 0.998228 0.999647
 0.815494 0.956977 0.991146 0.998228 0.999647
 0.815494 0.956977 0.991146 0.998228 0.999647
 0.815494 0.956977 0.991146 0.998228 0.999647
 0.815494 0.956977 0.991146 0.998228 0.999647
 0.815494 0.956977 0.991146 0.998228 0.999647
 0.815494 0.956977 0.991146 0.998228 0.999647
 0.815494 0.956977 0.991146 0.998228 0.999647
 0.815494 0.956977 0.991146 0.998228 0.999647
 0.815494 0.956977 0.991146 0.998228 0.999647
 0.815494 0.956977 0.991146 0.998228 0.999647
 0.815494 0.956977 0.991146 0.998228 0.999647
 0.815494 0.956977 0.991146 0.998228 0.999647
 0.815494 0.956977 0.991146 0.998228 0.999647
 0.815494 0.956977 0.991146 0.998228 0.999647
 0.815494 0.956977 0.991146 0.998228 0.999647
 0.815494 0.956977 0.991146 0.998228 0.999647
 0.815494 0.956977 0.991146 0.998228 0.999647
 0.815494 0.956977 0.991146 0.998228 0.999647
pf_obs 
 0.8446 0.082 0.0669 0.0065 0
 0.8095 0.147 0.0364 0.0071 0
 0.9664 0.0169 0.016 0.0007 0
 0.9276 0.0648 0.0075 0.0001 0
 0.7033 0.2144 0.0806 0.0017 0
 0.9318 0.0425 0.0243 0.0014 0
 0.5671 0.3108 0.0964 0.0239 0.0018
 0.0768 0.2599 0.5324 0.112 0.0189
 0.490249 0.384438 0.106611 0.0170017 0.00170017
 0.7925 0.1577 0.0466 0.003 0.0002
 0.840416 0.127587 0.0312969 0.00059994 9.999e-05
 0.8084 0.0986 0.0794 0.0134 0.0002
 0.7335 0.1905 0.0724 0.0035 0.0001
 0.4001 0.4547 0.1325 0.0127 0
 0.49795 0.308269 0.164784 0.0264974 0.00249975
 0.9179 0.0499 0.0305 0.0017 0
 0.2467 0.6533 0.0926 0.0074 0
 0.9418 0.0223 0.034 0.0019 0
 0.707729 0.231977 0.0356964 0.0245975 0
 0.517169 0.277429 0.184464 0.0207286 0.00020938
 0.811772 0.124168 0.05621 0.00726502 0.000585176
 0.764997 0.148141 0.077277 0.00933861 0.000247198
 0.163321 0.427699 0.378323 0.0303852 0.000271297
 0.753843 0.0900009 0.118128 0.0371064 0.000921714
 0.721811 0.176058 0.0630433 0.0369309 0.00215725
 0.143369 0.312575 0.442814 0.0836902 0.0175525
 0.692698 0.0596174 0.167031 0.0765114 0.00414204
 0.394062 0.376323 0.152708 0.0712218 0.00568511
 0.125707 0.32114 0.495352 0.0537591 0.00404204
 0.23352 0.215282 0.420074 0.123614 0.00750983
 0.796117 0.104755 0.0508955 0.0450114 0.00322123
 0.162477 0.292055 0.404252 0.121198 0.0200186
pf_pred 
 0.489984 0.154817 0.329812 0.0253858 9.24961e-07
 0.436423 0.341858 0.0687781 0.142027 0.0109141
 0.595256 0.228272 0.108574 0.0210898 0.0468086
 0.71335 0.20389 0.0474055 0.0217682 0.0135865
 0.669076 0.269682 0.0440747 0.00984305 0.00732469
 0.778606 0.168605 0.0432692 0.00685459 0.00266541
 0.451694 0.467759 0.0618468 0.0153333 0.00336726
 0.466138 0.323753 0.180436 0.0227968 0.00687604
 0.568927 0.249251 0.111574 0.0603415 0.00990707
 0.758378 0.169852 0.0422225 0.0181467 0.0114003
 0.860058 0.120224 0.0140613 0.00333152 0.00232523
 0.764624 0.213326 0.0190257 0.00215757 0.000866508
 0.707545 0.249865 0.038752 0.00331228 0.000525257
 0.6738 0.265199 0.0524312 0.00779898 0.000770575
 0.782675 0.176571 0.0334687 0.00626456 0.00102088
 0.950067 0.0436187 0.00517564 0.000935766 0.000203176
 0.364795 0.617005 0.0159803 0.00181938 0.000399472
 0.92286 0.0377315 0.0383183 0.000957274 0.000132657
 0.571654 0.408013 0.0101245 0.00992709 0.000281833
 0.621028 0.263883 0.109829 0.00262236 0.00263877
 0.742006 0.190611 0.0474604 0.0190143 0.000908931
 0.76209 0.197069 0.0304585 0.00731677 0.00306556
 0.299486 0.592638 0.0899413 0.0133824 0.00455217
 0.748935 0.102719 0.126144 0.0185166 0.00368557
 0.620074 0.315115 0.0270337 0.0321318 0.00564539
 0.422883 0.417664 0.133002 0.0110448 0.015407
 0.731166 0.144616 0.0906795 0.0279827 0.00555566
 0.690195 0.25258 0.0312544 0.0189677 0.00700293
 0.347214 0.508737 0.118134 0.0141646 0.0117498
 0.479414 0.237465 0.222154 0.0500142 0.0109527
 0.802479 0.118603 0.0366501 0.0331781 0.00908907
 0.448289 0.47969 0.0438423 0.0130992 0.0150792
pobs_RECLAS
 0 0 0 0 0
 0 0 0 0 0
 0 0 0 0 0
 0 0 0 0 0
 0 0 0 0 0
 0 0 0 0 0
 0 0 0 0 0
 0 0 0 0 0
 0 0 0 0 0
 0 0 0 0 0
 0.991045 0.00858322 0.000360255 1.14367e-05 0
 0.934742 0.0480273 0.0164251 0.00080598 0
 0.827803 0.169806 0.00239088 0 0
 0.941827 0.0461693 0.0120037 0 0
 0.791401 0.0380133 0.147996 0.0225897 0
 0.846168 0.0940531 0.0597789 0 0
 0.134021 0.677848 0.182769 0.00536245 0
 0.80878 0.0450904 0.141981 0.00414843 0
 0.846168 0.0940531 0.0597789 0 0
 0.905697 0.0802665 0.012482 0.00150086 5.37128e-05
 0.989698 0.0102097 9.19794e-05 0 0
 0.975433 0.0193895 0.00387452 0.00125025 5.28907e-05
 0.303575 0.632131 0.0575291 0.00676475 0
 0.966965 0.00978017 0.0227588 0.000495775 0
 0.843318 0.132988 0.00938335 0.0141283 0.000182051
 0.564624 0.303363 0.111486 0.0197234 0.00080311
 0.826376 0.0876187 0.0782897 0.00655872 0.00115652
 0.89761 0.0855135 0.0140674 0.00269457 0.000114338
 0.34875 0.467042 0.161289 0.0227151 0.000203297
 0.318654 0.224769 0.449479 0.00709798 0
 0.937255 0.0296025 0.0250945 0.00804832 0
 0.456809 0.399803 0.12412 0.0192676 0
ppred_RECLAS
 0.601219 0.123499 0.255635 0.0196462 7.15772e-07
 0.548994 0.276869 0.0540771 0.111493 0.00856696
 0.698232 0.172434 0.0796229 0.0154418 0.0342701
 0.798361 0.144727 0.0326231 0.0149555 0.00933355
 0.757689 0.198525 0.0315254 0.00702964 0.00523067
 0.845882 0.118195 0.0294532 0.00465856 0.00181133
 0.570312 0.368319 0.0471398 0.0116667 0.00256183
 0.575301 0.260457 0.141077 0.017797 0.00536754
 0.678304 0.188483 0.0817976 0.0441647 0.00725047
 0.836823 0.115862 0.0278567 0.0119511 0.00750732
 0.904602 0.0822892 0.00935245 0.00221247 0.00154407
 0.837883 0.147362 0.0127345 0.00144169 0.000578951
 0.793524 0.177206 0.0266373 0.00227298 0.000360415
 0.774899 0.184217 0.0351502 0.00521854 0.000515563
 0.853793 0.119524 0.02192 0.00409568 0.000667372
 0.967951 0.0281063 0.0032324 0.000583447 0.000126668
 0.472301 0.513015 0.0128963 0.00146591 0.000321836
 0.949643 0.0250043 0.0246525 0.000614899 8.52042e-05
 0.676884 0.308228 0.00741902 0.00726255 0.000206168
 0.721431 0.195753 0.0790361 0.00188407 0.0018957
 0.818508 0.135141 0.0326618 0.0130646 0.00062447
 0.834496 0.13781 0.0206625 0.00495553 0.00207608
 0.399071 0.510675 0.0752697 0.0111819 0.00380334
 0.824115 0.0732099 0.0873285 0.0127989 0.00254731
 0.716875 0.236016 0.0196678 0.0233404 0.00410046
 0.532056 0.341358 0.105614 0.00875698 0.0122146
 0.809765 0.103729 0.0631767 0.0194654 0.00386431
 0.775238 0.184237 0.0221492 0.0134212 0.00495475
 0.451488 0.430188 0.0970646 0.0116205 0.00963864
 0.591034 0.189542 0.172231 0.0387147 0.00847754
 0.864225 0.0825074 0.0247591 0.0223785 0.00613003
 0.555777 0.387687 0.0344372 0.0102734 0.0118254
pobs_PELACES
 0 0 0 0 0
 0 0 0 0 0
 0 0 0 0 0
 0 0 0 0 0
 0 0 0 0 0
 0 0 0 0 0
 0 0 0 0 0
 0 0 0 0 0
 0 0 0 0 0
 0 0 0 0 0
 0 0 0 0 0
 0 0 0 0 0
 0 0 0 0 0
 0 0 0 0 0
 0 0 0 0 0
 0 0 0 0 0
 0.505614 0.472636 0.0217494 0 0
 0 0 0 0 0
 0.443492 0.261883 0.143347 0.151278 0
 0.227955 0.32914 0.350689 0.0885471 0.00366901
 0.970185 0.0296113 0.000203453 0 0
 0.997202 0.00247181 0.000326279 0 0
 0.445219 0.490057 0.0546422 0.010081 0
 0.90214 0.0892962 0.00764917 0.000914606 0
 0 0 0 0 0
 0.581667 0.319106 0.0959925 0.00289975 0.000334073
 0.762889 0.0836404 0.116647 0.0363945 0.000428098
 0.88444 0.0763242 0.0277011 0.0115352 0
 0.521256 0.241999 0.230069 0.00667565 0
 0.616807 0.101726 0.260614 0.0208532 0
 0.833518 0.0704572 0.0857862 0.0102388 0
 0.697417 0.212968 0.0787535 0.0105354 0.000325836
ppred_PELACES
 0.563739 0.132029 0.282378 0.0218536 7.97324e-07
 0.519135 0.291142 0.0586343 0.121723 0.0093662
 0.672068 0.18467 0.0879305 0.0171708 0.0381608
 0.784517 0.153293 0.0355376 0.0164017 0.0102505
 0.731609 0.218494 0.0358489 0.0080498 0.00599824
 0.829704 0.129608 0.0333165 0.00530612 0.00206603
 0.558129 0.377275 0.0495402 0.0123421 0.00271391
 0.537677 0.279745 0.156664 0.0199026 0.00601111
 0.658834 0.197338 0.0880787 0.0478776 0.00787104
 0.831304 0.118823 0.0292773 0.012643 0.00795305
 0.891918 0.0927742 0.0108972 0.00259603 0.00181432
 0.828657 0.155345 0.0137937 0.00157209 0.000632201
 0.781218 0.187007 0.0288976 0.00248247 0.000394184
 0.77438 0.183875 0.0358575 0.00535772 0.000530046
 0.848406 0.123331 0.0231904 0.00436161 0.000711694
 0.965596 0.0300631 0.00355431 0.000645876 0.000140418
 0.447139 0.537006 0.0139128 0.00159233 0.000350084
 0.943453 0.0276416 0.0281021 0.000705783 9.79354e-05
 0.65734 0.326376 0.00808712 0.00797051 0.000226583
 0.701477 0.207924 0.086435 0.00207451 0.00209024
 0.80149 0.146581 0.0365172 0.0147074 0.00070398
 0.821137 0.148152 0.022871 0.00552262 0.00231691
 0.370244 0.53251 0.0810015 0.012117 0.00412723
 0.802844 0.0804906 0.0991216 0.0146286 0.00291557
 0.69027 0.256626 0.0220786 0.0263841 0.00464173
 0.497563 0.363142 0.116067 0.00969112 0.0135367
 0.787887 0.113878 0.0716026 0.0222152 0.00441645
 0.750922 0.202836 0.0251894 0.0153702 0.00568231
 0.417243 0.453647 0.105768 0.0127513 0.0105916
 0.55732 0.201504 0.189012 0.0427826 0.00938153
 0.848489 0.0907951 0.0281122 0.0255855 0.0070184
 0.519987 0.416953 0.0382939 0.0115046 0.0132612
pobs_pel_tallas
 0 0 0 0 0 0 0 0 0 0 0 0 0 0 0 0 0 0 0 0 0 0 0 0 0 0
 0 0 0 0 0 0 0 0 0 0 0 0 0 0 0 0 0 0 0 0 0 0 0 0 0 0
 0 0 0 0 0 0 0 0 0 0 0 0 0 0 0 0 0 0 0 0 0 0 0 0 0 0
 0 0 0 0 0 0 0 0 0 0 0 0 0 0 0 0 0 0 0 0 0 0 0 0 0 0
 0 0 0 0 0 0 0 0 0 0 0 0 0 0 0 0 0 0 0 0 0 0 0 0 0 0
 0 0 0 0 0 0 0 0 0 0 0 0 0 0 0 0 0 0 0 0 0 0 0 0 0 0
 0 0 0 0 0 0 0 0 0 0 0 0 0 0 0 0 0 0 0 0 0 0 0 0 0 0
 0 0 0 0 0 0 0 0 0 0 0 0 0 0 0 0 0 0 0 0 0 0 0 0 0 0
 0 0 0 0 0 0 0 0 0 0 0 0 0 0 0 0 0 0 0 0 0 0 0 0 0 0
 0 0 0 0 0 0 0 0 0 0 0 0 0 0 0 0 0 0 0 0 0 0 0 0 0 0
 0 0 0 0 0 0 0 0 0 0 0 0 0 0 0 0 0 0 0 0 0 0 0 0 0 0
 0 0 0 0 0 0 0 0 0 0 0 0 0 0 0 0 0 0 0 0 0 0 0 0 0 0
 0.00862536 0 0 0.000197151 0.00414017 0.0128641 0.00837892 0.0270097 0.101434 0.158115 0.152841 0.127902 0.109271 0.109419 0.0830992 0.0579132 0.0238553 0.00714673 0.00463305 0.00128148 0.00103504 0.000492878 0.000147863 0.000147863 4.92878e-05 0
 0 0 0 0 0 0 0 0 0 0 0 0 0 0 0 0 0 0 0 0 0 0 0 0 0 0
 0 0 0 0 0 0 0 0.0054083 0.00873648 0.0413646 0.0450493 0.0745869 0.0622846 0.0627006 0.0613931 0.0827291 0.12552 0.122667 0.0946155 0.0697135 0.0546179 0.0294188 0.0215738 0.0213955 0.0102223 0.00600262
 0 0 0 0 0.00359764 0.0251062 0.0480494 0.140153 0.205849 0.193036 0.1447 0.116669 0.0760912 0.0342217 0.00950174 0.001854 0.000860785 0 0 0 0.000165536 0 0.000143464 0 0 0
 0 0 0 0 0 0 0 0.000145254 0.000435761 0.0275982 0.070085 0.0708112 0.156366 0.174668 0.174014 0.160142 0.0824315 0.0480064 0.0283245 0.00493863 0.00203355 0 0 0 0 0
 0 0 0 0 0 0 0 0 0 0 0 0 0 0 0 0 0 0 0 0 0 0 0 0 0 0
 0 0 1.00437e-05 0.000401748 0.00122533 0.00171747 0.00176769 0.0269171 0.070346 0.194647 0.189555 0.159765 0.064822 0.0314167 0.0384472 0.0292271 0.0345202 0.0313363 0.0194345 0.0106764 0.0143323 0.0359363 0.0279516 0.0138201 0.00172751 0
 0 0.0021121 0.0136068 0.0755702 0.200478 0.177729 0.0527432 0.0373336 0.0318909 0.0142505 0.0149659 0.0166563 0.0217959 0.0798694 0.0677717 0.0528807 0.04013 0.0224614 0.0357745 0.0225083 0.00881397 0.00855152 0.00135912 0.000746735 0 0
 0 0 0 0 5.4009e-05 0.00500934 0.000945158 0.0243581 0.138947 0.33067 0.221406 0.137944 0.0707744 0.0437923 0.0131692 0.00525238 0.0047753 0.00276346 9.45158e-05 9.00151e-06 2.25038e-05 9.00151e-06 4.50075e-06 0 0 0
 0.000866109 0.00284123 0.00948549 0.0512746 0.133035 0.25785 0.225252 0.132002 0.0553304 0.0519788 0.0540692 0.017754 0.00435017 0.00159236 0.00146478 0.000404838 0.000125132 0.000115318 0.000107957 0.000100596 0 0 0 0 0 0
 0 0 0 0 0.00144013 0.00171154 0.00461396 0.0210425 0.0478622 0.0707936 0.0888783 0.103762 0.0637923 0.0337046 0.0602308 0.124433 0.169614 0.0934646 0.0462172 0.0250306 0.0313229 0.00938855 0.002487 0.000210481 0 0
 0 0.00764035 0.051015 0.0998891 0.058973 0.0496711 0.0374665 0.0718981 0.12319 0.153886 0.159021 0.0857701 0.0377988 0.023471 0.0147837 0.00900784 0.00315554 0.000888139 0.00291439 0.00214683 0.00393193 0.00274676 0.000635225 9.99891e-05 0 0
 0 0 0 0 0 0 0 0 0 0 0 0 0 0 0 0 0 0 0 0 0 0 0 0 0 0
 0 0 0 0 0 0 0 0 0 0 0 0 0 0 0 0 0 0 0 0 0 0 0 0 0 0
 0 0 0 0 0 0 0 0 0 0 0 0 0 0 0 0 0 0 0 0 0 0 0 0 0 0
 0 0 0 0 0 0 0 0 0 0 0 0 0 0 0 0 0 0 0 0 0 0 0 0 0 0
 0 0 0 0 0 0 0 0 0 0 0 0 0 0 0 0 0 0 0 0 0 0 0 0 0 0
 0 0 0 0 0 0 0 0 0 0 0 0 0 0 0 0 0 0 0 0 0 0 0 0 0 0
 0 0 0 0 0 0 0 0 0 0 0 0 0 0 0 0 0 0 0 0 0 0 0 0 0 0
 0 0 0 0 0 0 0 0 0 0 0 0 0 0 0 0 0 0 0 0 0 0 0 0 0 0
ppred_pel_tallas
 1.10375e-16 4.64344e-05 0.000451359 0.00299944 0.013635 0.0424237 0.0903887 0.131928 0.131941 0.0904531 0.0426411 0.0142682 0.00460863 0.00402973 0.00703397 0.0120537 0.0185178 0.0256938 0.0327769 0.0392553 0.0449578 0.0496744 0.0527591 0.0532112 0.0502622 0.0439896
 1.15559e-16 4.27605e-05 0.000415647 0.00276212 0.0125562 0.0390673 0.083238 0.121494 0.121522 0.0833754 0.0395291 0.0138912 0.00611702 0.00775307 0.0140201 0.0232278 0.0337504 0.0431089 0.0488565 0.0500003 0.0476326 0.0441502 0.0416631 0.0408269 0.0408177 0.0401813
 1.10765e-16 5.53574e-05 0.000538093 0.00357582 0.0162552 0.050576 0.107758 0.15728 0.157298 0.107846 0.0508702 0.0171065 0.00571806 0.0052324 0.00902347 0.0149699 0.0218917 0.0282405 0.0324791 0.0339278 0.033142 0.0314417 0.0299824 0.0291155 0.0284288 0.027248
 1.04445e-16 6.46196e-05 0.000628126 0.00417412 0.0189749 0.0590382 0.125788 0.183594 0.183609 0.12586 0.0592812 0.0196771 0.00593807 0.00448358 0.00740102 0.0121712 0.0176185 0.0223552 0.0250174 0.0249937 0.0227834 0.0196315 0.0167397 0.0146726 0.0133091 0.0121967
 1.02913e-16 6.02617e-05 0.000585765 0.00389262 0.0176953 0.0550567 0.117305 0.171214 0.171235 0.117408 0.0554024 0.0186939 0.00639967 0.00606014 0.0104614 0.017211 0.0248146 0.0312634 0.0345506 0.033752 0.0295672 0.0238286 0.0183861 0.014242 0.011434 0.00948004
 1.01877e-16 6.83416e-05 0.000664305 0.00441454 0.0200679 0.0624386 0.133033 0.194168 0.19418 0.133094 0.0626441 0.0206616 0.00590595 0.00392383 0.00626979 0.0102858 0.0148772 0.0188472 0.0210198 0.020845 0.0187069 0.0156288 0.0126275 0.0102286 0.00842851 0.00697177
 1.03224e-16 4.59724e-05 0.000446868 0.0029696 0.0134994 0.0420018 0.0894906 0.130622 0.130658 0.0896682 0.0425982 0.0152221 0.00729357 0.00988514 0.017968 0.0296242 0.0426518 0.053596 0.0589616 0.0571309 0.0493199 0.0387401 0.0286721 0.0209506 0.0157347 0.0122489
 1.07606e-16 4.42878e-05 0.000430493 0.00286078 0.0130047 0.0404626 0.0862108 0.125833 0.12586 0.0863436 0.0409088 0.0142959 0.0061109 0.00755504 0.0136615 0.0227404 0.0332787 0.0429415 0.0493393 0.0513133 0.0495106 0.0457174 0.041547 0.0375873 0.0335335 0.0289084
 1.08726e-16 5.42674e-05 0.000527498 0.00350541 0.0159351 0.0495801 0.105636 0.154183 0.154203 0.10573 0.0498945 0.0168444 0.00579347 0.00554063 0.00962944 0.0159776 0.0233538 0.0301005 0.0345668 0.0360135 0.0350142 0.032951 0.0310232 0.029579 0.0281838 0.0261797
 1.0349e-16 6.84734e-05 0.000665586 0.00442305 0.0201066 0.0625591 0.133289 0.194542 0.194553 0.133345 0.0627475 0.020651 0.00579096 0.00365582 0.00575968 0.0094462 0.0136794 0.0173717 0.0194675 0.0194926 0.01783 0.0154359 0.0132307 0.0116422 0.0105725 0.0096743
 1.00906e-16 7.34661e-05 0.000714117 0.00474556 0.0215726 0.0671205 0.143008 0.208726 0.208735 0.143051 0.0672671 0.0219961 0.00580841 0.0030338 0.00447741 0.00728173 0.010473 0.0131505 0.0144499 0.013975 0.0120299 0.00941294 0.0069403 0.00506962 0.00383923 0.0030493
 1.00703e-16 6.82554e-05 0.000663467 0.00440897 0.0200425 0.0623599 0.132865 0.193923 0.193938 0.132938 0.0626052 0.020751 0.00618668 0.00454191 0.00742723 0.0121525 0.0174563 0.0218597 0.0239035 0.0229124 0.0193956 0.0147076 0.0102518 0.0068432 0.00459409 0.00320376
 1.01198e-16 6.4348e-05 0.000625485 0.00415657 0.0188952 0.05879 0.125259 0.182823 0.182841 0.125347 0.0590858 0.0197495 0.00630103 0.00530707 0.00895607 0.0147053 0.0211786 0.0266322 0.0293291 0.0284578 0.0246025 0.0193313 0.0142509 0.0102684 0.00748469 0.00555837
 1.01709e-16 6.37847e-05 0.00062001 0.00412018 0.0187298 0.0582754 0.124162 0.181222 0.18124 0.124249 0.0585664 0.0195707 0.00623165 0.00523164 0.00882868 0.0145116 0.020937 0.0264076 0.029232 0.0286193 0.0251315 0.0202735 0.0155686 0.0118486 0.00917006 0.00718789
 1.01259e-16 6.98821e-05 0.000679279 0.00451405 0.0205202 0.063846 0.136031 0.198544 0.198556 0.136089 0.0640413 0.0210842 0.00593006 0.00377184 0.00594727 0.00973194 0.0140366 0.0177011 0.0195899 0.0191749 0.0168373 0.0135914 0.0104626 0.00800864 0.00626161 0.00497962
 1.00199e-16 7.95349e-05 0.000773107 0.00513757 0.0233547 0.072665 0.154821 0.225966 0.225969 0.154835 0.0727125 0.0234919 0.00548195 0.00152468 0.0015063 0.00236269 0.00339187 0.00425668 0.00467267 0.0045098 0.00386512 0.00299638 0.00216844 0.0015319 0.0011035 0.000823912
 1.00758e-16 3.68304e-05 0.000358004 0.00237907 0.0108149 0.0336495 0.0716958 0.104653 0.104705 0.0719481 0.0344966 0.0132601 0.00851188 0.0137293 0.0253823 0.0417749 0.0598716 0.0746509 0.0810207 0.0766327 0.0633155 0.0459179 0.0295236 0.0171743 0.00938809 0.00511009
 1.00906e-16 7.77109e-05 0.000755378 0.00501975 0.0228191 0.0709986 0.15127 0.220784 0.220786 0.151283 0.0710431 0.022948 0.00534525 0.0014718 0.00145542 0.00232747 0.00344797 0.00454823 0.00540304 0.0058948 0.0060545 0.00599411 0.00579299 0.00544392 0.00489626 0.00413892
 1.01155e-16 5.41443e-05 0.000526302 0.00349746 0.015899 0.0494678 0.105398 0.153837 0.153869 0.105551 0.0499826 0.0173853 0.00722532 0.0086546 0.015463 0.0254038 0.0364172 0.0454346 0.0493717 0.0468159 0.0388911 0.0285464 0.0188564 0.0116328 0.00713897 0.00468116
 1.0311e-16 5.77797e-05 0.00056164 0.00373229 0.0169665 0.0527891 0.112474 0.164163 0.164183 0.112572 0.0531197 0.0179224 0.00613598 0.00582238 0.0100881 0.0166879 0.0242684 0.0310009 0.0350361 0.0354781 0.0328518 0.0286303 0.0242435 0.0203812 0.017007 0.013828
 1.02686e-16 6.60177e-05 0.000641716 0.00426443 0.0193855 0.0603155 0.128509 0.187566 0.18758 0.128578 0.0605479 0.020057 0.00595146 0.00432912 0.00708268 0.0116405 0.016847 0.0213654 0.0238778 0.0237772 0.0215108 0.0182393 0.0150982 0.0126459 0.010826 0.00929796
 1.01644e-16 6.7636e-05 0.000657446 0.00436896 0.0198607 0.061794 0.131659 0.192163 0.192178 0.131729 0.0620283 0.0205376 0.00606829 0.00436766 0.00711565 0.0116609 0.0168016 0.0211499 0.0233385 0.0227368 0.0198182 0.0158291 0.0120334 0.00912408 0.00714137 0.0057708
 1.04388e-16 3.04966e-05 0.000296438 0.00196994 0.00895509 0.0278629 0.0593667 0.0866582 0.0867095 0.0596175 0.0287051 0.0113878 0.00807654 0.0136281 0.0253521 0.0418695 0.0603232 0.0758778 0.0836088 0.0812233 0.0704035 0.0556269 0.0414644 0.0304692 0.0228746 0.0176423
 1.04842e-16 6.61292e-05 0.000642799 0.00427163 0.0194182 0.0604173 0.128726 0.187881 0.187888 0.128764 0.0605475 0.0197961 0.00522692 0.00275064 0.00413503 0.00690299 0.0103379 0.0138359 0.0168042 0.0189346 0.0203038 0.0211568 0.0215781 0.0213683 0.0202227 0.0180235
 1.04135e-16 5.68566e-05 0.000552667 0.00367267 0.0166954 0.0519458 0.110677 0.161541 0.161566 0.110798 0.0523513 0.0178665 0.00661156 0.00696639 0.0122325 0.0201206 0.0289543 0.0363688 0.0400063 0.0388098 0.0336703 0.026837 0.0205721 0.0160838 0.013357 0.0116863
 1.06705e-16 4.09837e-05 0.000398376 0.00264735 0.0120345 0.037444 0.0797796 0.116448 0.116483 0.0799512 0.0380203 0.0137005 0.0068341 0.00955413 0.0174764 0.0289496 0.0419837 0.0533882 0.0599136 0.0600282 0.0547651 0.0468915 0.0391189 0.0327921 0.0278299 0.0235267
 1.05071e-16 6.48973e-05 0.000630825 0.00419205 0.0190565 0.0592918 0.126328 0.184381 0.184393 0.126382 0.0594738 0.0195834 0.00551931 0.00354341 0.00564112 0.00934064 0.0137254 0.0178424 0.020757 0.0220324 0.0219417 0.021177 0.0203074 0.0194426 0.0183187 0.0166338
 1.03282e-16 6.18525e-05 0.000601228 0.00399537 0.0181624 0.0565101 0.120401 0.175733 0.175753 0.120497 0.0568308 0.0190887 0.00632062 0.0056773 0.00970257 0.015944 0.0229678 0.0289002 0.031881 0.0310685 0.0271445 0.0218514 0.0169398 0.0133437 0.011059 0.00956455
 1.0624e-16 3.43678e-05 0.000334067 0.00222 0.0100918 0.0313996 0.0669018 0.0976543 0.0976981 0.0671158 0.0321183 0.0121685 0.00743593 0.0117307 0.0217087 0.0359123 0.0519107 0.0656547 0.0730191 0.0720745 0.0641891 0.0530055 0.0421686 0.0336035 0.0273479 0.0225021
 1.11385e-16 4.59058e-05 0.000446221 0.00296529 0.0134798 0.0419408 0.08936 0.130428 0.130447 0.0894563 0.0422649 0.0144194 0.00533644 0.0056648 0.0100814 0.0169201 0.0251333 0.0332086 0.0395971 0.0435414 0.0453877 0.0460508 0.046117 0.0453924 0.0432096 0.0391055
 1.04589e-16 6.98889e-05 0.000679345 0.00451449 0.0205222 0.0638523 0.136044 0.198563 0.198571 0.136087 0.0639965 0.0209394 0.00556331 0.0029748 0.00444702 0.00728888 0.0106088 0.0135943 0.0154771 0.0159312 0.0152641 0.0141806 0.0133051 0.0128405 0.0125705 0.0121143
 1.0461e-16 4.28307e-05 0.00041633 0.00276666 0.0125769 0.0391315 0.0833753 0.121697 0.121737 0.0835715 0.0397902 0.014479 0.00753988 0.0108316 0.0198095 0.0326457 0.0469418 0.0588644 0.06454 0.0621987 0.0532448 0.0413294 0.0301915 0.0219353 0.0167296 0.0136133
pSPR Fmed_Fpbrs
0.575667   0.6 0.325
Fs Fmed_Fpbrs
0.341307   0.312929 0.781897
SSBpbr Bo_Bmed_Bpbrs
1.06932e+06  562104  588124 294062
Ro
120165
SPR SPRFo_SPRFmed_SPRFpbrs
864958 497928 281111
Fref
0.312929
Nvult_r0
 50995.7 37782.5 3372.46 1006.35 1158.39
CTP_r0
 5430.5 5810.89 531.098 158.681 182.667
YTP_r0
218837
Np
 129143 38927.8 6713.34 4499.69 505.681
Nvult_p0
 90215.4 28359 4906.35 3289.11 369.637
CTP_p0
 14986.6 4197.42 2908.5 258.026 100.451
 14986.6 6608 1167.99 783.89 88.1007
YTP_p0
 267874 284079
CBA_c0
265473
log_Ro
11.5166
likeval ReclasPelacesDesembMPH_pf_preclas_ppelaces_ptallas_desvR_qrecl_qpela
 12.6216 16.8097 0.0166517 0.000824696 232.368 126.579 114.077 0 24.1528 1.36271e-05 3.85345e-05 0.0642238 9.04317e-16 0 0
q_reclas_q_pelaces
1.68549 2.40582
M
1
N
 156060 33488 69568.5 5347.54 0.19483
 88844.3 48611.1 9558.66 19714.6 1514.87
 89501.7 23959.9 11137.6 2160.77 4795.51
 117439 24215.2 5516.71 2530.49 1579.3
 96602 26452.7 4215.96 940.275 699.655
 199756 30040.4 7531.33 1191.61 463.327
 72319.7 55542.3 7211.06 1786.06 392.208
 29422.4 13749.2 7466.79 942.074 284.13
 30354.8 9593.41 4207.81 2273.21 373.203
 40678.6 6838.93 1670.85 717.45 450.702
 75495.7 7142.9 814.452 192.706 134.489
 117527 23911.8 2091.37 236.921 95.1457
 96900.1 24820.3 3773.42 322.187 51.0891
 69659.8 21140.8 4115.99 611.744 60.4405
 59991.8 10108.3 1882.37 352.005 57.3601
 327247 10894.6 1267.16 228.862 49.6885
 60155.4 71509.4 1811.05 205.944 45.2153
 549916 15694.2 15576.7 388.663 53.8566
 292419 148838 3615.59 3541.11 100.527
 232746 70391.8 28676.7 683.931 688.17
 314281 56631.9 13786.3 5516.64 263.693
 450251 82860.2 12535.2 3007.8 1260.13
 80259.1 109642 16247.9 2414.45 821.249
 244228 23017.4 27590.7 4044.78 805.024
 205532 71725.7 6005.88 7129.25 1252.49
 90052.6 60563.6 18811 1560.04 2176.03
 203652 27685.4 16945 5222.3 1036.76
 239474 59733.9 7210.02 4369.82 1613.24
 73697.4 73264.5 16588.9 1986.38 1647.63
 67686.1 23064.9 21063.6 4736.03 1037.09
 193076 19760.3 5963.86 5392.1 1477.06
 75722.8 54499.8 4853.58 1448.14 1666.92
pred_Ctot
 15327.6 4842.98 10317.1 794.116 0.0289345
 15373.5 12042.3 2422.78 5003.05 384.46
 15345.6 5884.82 2799.01 543.692 1206.72
 29944.4 8558.73 1989.95 913.768 570.324
 9576.71 3860.05 630.856 140.887 104.841
 31542.3 6830.37 1752.89 277.688 107.979
 23289.5 24117.8 3188.84 790.588 173.617
 2135.31 1483.06 826.548 104.429 31.4981
 7736.8 3389.54 1517.28 820.58 134.726
 14257.7 3193.26 793.792 341.162 214.328
 6716.78 938.91 109.814 26.0181 18.1593
 33088.4 9231.48 823.319 93.3667 37.4973
 25998.7 9181.29 1423.94 121.71 19.3006
 28700.2 11296 2233.28 332.194 32.8222
 20317.2 4583.55 868.8 162.619 26.5005
 87587.3 4021.24 477.146 86.2689 18.7309
 11371.1 19232.8 498.127 56.7123 12.452
 94186.8 3850.86 3910.75 97.699 13.5389
 66121.6 47193.7 1171.07 1148.24 32.5988
 51508.8 21886.8 9109.33 217.502 218.863
 57828.8 14855.4 3698.86 1481.89 70.8383
 99483.9 25725.6 3976.08 955.138 400.182
 11412.1 22582.8 3427.27 509.943 173.463
 31712.9 4349.52 5341.45 784.065 156.061
 26327.3 13379.2 1147.81 1364.26 239.694
 9490.75 9373.63 2984.95 247.879 345.78
 26578.7 5256.94 3296.3 1017.2 201.954
 25873.8 9468.65 1171.66 711.054 262.524
 7046.01 10323.8 2397.29 287.442 238.439
 8999.95 4457.89 4170.45 938.907 205.614
 29020 4289.05 1325.38 1199.82 328.688
 5430.5 5810.89 531.098 158.681 182.667
F
 0.166386 0.25374 0.260951 0.261342 0.261362
 0.310506 0.473524 0.48698 0.48771 0.487748
 0.307276 0.468599 0.481915 0.482637 0.482675
 0.490558 0.748105 0.769364 0.770517 0.770577
 0.168057 0.256288 0.263571 0.263966 0.263987
 0.27995 0.426926 0.439058 0.439716 0.43975
 0.660114 1.00668 1.03529 1.03684 1.03692
 0.120682 0.18404 0.18927 0.189554 0.189569
 0.490322 0.747745 0.768994 0.770146 0.770207
 0.739583 1.12787 1.15992 1.16166 1.16175
 0.149704 0.2283 0.234787 0.235139 0.235158
 0.555006 0.84639 0.870442 0.871746 0.871814
 0.522476 0.796781 0.819424 0.820651 0.820716
 0.930271 1.41867 1.45899 1.46117 1.46129
 0.705945 1.07657 1.10717 1.10882 1.10891
 0.520887 0.794357 0.81693 0.818154 0.818218
 0.343641 0.524056 0.538948 0.539755 0.539798
 0.306906 0.468034 0.481335 0.482056 0.482094
 0.424112 0.646775 0.665154 0.666151 0.666203
 0.413376 0.630402 0.648316 0.649287 0.649339
 0.333132 0.508029 0.522465 0.523248 0.523289
 0.412583 0.629193 0.647073 0.648042 0.648093
 0.249011 0.379744 0.390535 0.39112 0.391151
 0.225251 0.34351 0.353271 0.353801 0.353829
 0.221907 0.33841 0.348027 0.348548 0.348576
 0.179489 0.273723 0.281501 0.281923 0.281945
 0.226512 0.345433 0.355249 0.355781 0.35581
 0.18437 0.281166 0.289156 0.289589 0.289612
 0.161656 0.246527 0.253532 0.253912 0.253932
 0.231208 0.352594 0.362613 0.363157 0.363185
 0.264887 0.403955 0.415435 0.416057 0.41609
 0.119181 0.181752 0.186917 0.187197 0.187211
YTP_r0W_actual
 46702.3 144110 14817.6 5918.8 7288.41
YTP_p0W_proyectada
 112999 73245 70007.5 8081.37 3540.91
 112999 115310 28113.6 24551.4 3105.55
CTP_r0_actual
 5430.5 5810.89 531.098 158.681 182.667
CTP_p0_proyectada
 14986.6 4197.42 2908.5 258.026 100.451
 14986.6 6608 1167.99 783.89 88.1007
Wmedp
 7.54 17.45 24.07 31.32 35.25
Frms_r0
 0.119181 0.181752 0.186917 0.187197 0.187211
Zrms_r0
 1.11918 1.18175 1.18692 1.1872 1.18721
nmprior
 7.27 8.72 9 0
nm_flota  nm_reclas  nm_pelaces    nm_pelaL
inf 15.1392 17.5145 55.0501
cv_recla  cv_pelaces  cv_mph
0.314289 0.449128 0.886242
 ------------------------------------------------
Talla a la edad & desviaci?n 
 8 13.2811 15.8009 17.003 17.5766
 0.8 1.32811 1.58009 1.7003 1.75766
