years
 1991 1992 1993 1994 1995 1996 1997 1998 1999 2000 2001 2002 2003 2004 2005 2006 2007 2008 2009 2010 2011 2012 2013 2014 2015 2016 2017 2018 2019 2020 2021 2022
reclasobs
 0 0 0 0 0 0 0 0 0 252601 567819 844713 477998 351125 339783 2.1784e+06 2.13404e+06 4.81314e+06 1.55562e+06 2.62356e+06 3.21686e+06 3.843e+06 1.13348e+06 3.07943e+06 1.97215e+06 2.03268e+06 2.025e+06 2.42433e+06 2.27542e+06 1.05018e+06 2.36338e+06 3.18982e+06
reclaspred
 3.40736e+06 1.92402e+06 976194 967909 963715 1.45381e+06 950655 862432 633180 466957 509418 637357 625915 502134 517959 1.28561e+06 1.28897e+06 2.80386e+06 2.31271e+06 1.72367e+06 3.03666e+06 2.47985e+06 2.0127e+06 3.05635e+06 2.30195e+06 2.05476e+06 2.40006e+06 2.57167e+06 2.17141e+06 1.53668e+06 2.05128e+06 2.28113e+06
pelacesobs
 0 0 0 0 0 0 0 0 0 0 0 0 0 0 0 552880 188675 0 991730 2.46772e+06 1.41603e+06 1.21717e+06 2.29649e+06 1.80582e+06 0 1.4828e+06 1.56532e+06 1.57751e+06 1.42118e+06 867257 1.10002e+06 1.06204e+06
pelacespred
 1.88155e+06 1.1894e+06 608816 491138 502724 781346 484708 528906 381044 268016 298803 313559 336729 288448 303825 622495 623433 1.54983e+06 1.33288e+06 925955 1.55639e+06 1.39311e+06 1.12053e+06 1.85299e+06 1.35336e+06 1.20127e+06 1.59304e+06 1.54461e+06 1.17106e+06 956627 1.09658e+06 1.22868e+06
mphobs
 0 0 0 0 0 0 0 0 0 0 0 498337 0 5186 125008 0 168611 109162 213762 579715 649985 157893 87575 83554 0 0 0 0 0 0 0 0
mphpred
 511180 341415 171990 93710.7 102895 114657 146183 95731.5 85210.5 60306.3 40243.9 59233.6 63295.7 53899.2 38343.6 48822.9 147989 146058 276369 210771 224286 274732 263407 221239 302473 249748 207806 218039 306945 218185 151412 256084
desembarqueobs
 494567 514787 250237 358949 120608 361735 552515 73892 212993 205616 52469 317467 293654 387597 252695 516296 358380 742168 942051 627588 828172 859565 418607 520667 417249 300574 415391 372974 316634 284311 391294 218835
desembarquepred
 494573 513433 250928 358973 120612 361749 552568 73895.5 213036 205657 52471.2 317533 293710 387653 252697 516273 358402 742085 941891 627481 828240 859602 418620 520691 417253 300577 415394 372964 316632 284313 391276 218837
Reclutas
 218789 124498 127566 218946 176623 285038 122418 59206.5 53648.4 69116.3 128257 162697 135061 96761.2 99962.8 523157 120370 805222 460533 351452 528227 717083 155709 448585 378775 175395 379406 438615 143685 134032 366501 163877
log_desv_Rt
 0.0711773 -0.492644 -0.468296 0.0718957 -0.142912 0.335693 -0.509488 -1.2359 -1.33448 -1.08114 -0.462891 -0.225043 -0.411201 -0.744684 -0.712133 0.94295 -0.526359 1.37419 0.815454 0.545143 0.952595 1.25826 -0.268939 0.789167 0.620011 -0.149892 0.621677 0.766691 -0.34931 -0.418854 0.58707 -0.217811
SSB
 4.02559e+06 2.68867e+06 1.35443e+06 737980 810310 902932 1.1512e+06 753894 671040 474917 316924 466470 498459 424460 301959 384484 1.16543e+06 1.15022e+06 2.17643e+06 1.65984e+06 1.76627e+06 2.16354e+06 2.07435e+06 1.74228e+06 2.382e+06 1.96679e+06 1.63649e+06 1.71708e+06 2.41721e+06 1.71822e+06 1.19238e+06 2.01668e+06
BT
 5.33049e+06 3.61533e+06 1.84211e+06 1.58547e+06 1.40722e+06 2.34768e+06 1.76357e+06 1.44466e+06 1.20659e+06 898677 825850 1.08644e+06 1.14636e+06 1.15679e+06 1.04704e+06 2.04557e+06 1.90751e+06 4.69898e+06 4.38803e+06 2.98556e+06 4.73318e+06 4.44362e+06 3.28955e+06 5.31989e+06 3.91847e+06 3.40178e+06 4.58147e+06 4.37802e+06 3.31667e+06 2.77208e+06 3.19367e+06 3.37747e+06
Ftot
 0.106681 0.193304 0.188096 0.287077 0.0962007 0.196866 0.421862 0.0656043 0.255429 0.33123 0.084034 0.383816 0.359941 0.587434 0.391978 0.335803 0.208326 0.217395 0.310291 0.278629 0.213814 0.269755 0.15509 0.137559 0.138403 0.111015 0.138788 0.117845 0.107017 0.139032 0.155239 0.0724868
BD_Bspro_t
 0.983076 0.875094 0.740388 0.661709 0.653471 0.717579 0.701974 0.558231 0.615308 0.579754 0.549552 0.720605 0.610269 0.523837 0.425445 0.485644 0.641336 0.625742 0.706093 0.617569 0.589107 0.63452 0.651821 0.649033 0.741679 0.749599 0.757784 0.785962 0.825466 0.776337 0.7381 0.80012
BD_Bspro
 2.74472 1.83318 0.923477 0.503168 0.552484 0.615635 0.784911 0.514018 0.457527 0.323807 0.216085 0.318047 0.339858 0.289405 0.205881 0.262148 0.794609 0.78424 1.48393 1.13171 1.20427 1.47514 1.41433 1.18792 1.62409 1.34099 1.11579 1.17073 1.6481 1.17151 0.812987 1.37501
BD_Bo
 1.41127 0.942577 0.474829 0.258716 0.284073 0.316544 0.403582 0.264295 0.235249 0.166494 0.111105 0.163532 0.174747 0.148805 0.105859 0.13479 0.408568 0.403236 0.762998 0.581896 0.619207 0.758479 0.727214 0.610797 0.835068 0.689504 0.573711 0.601962 0.847412 0.602364 0.418017 0.706996
BD_Brms
 2.56594 1.71378 0.863325 0.470393 0.516497 0.575535 0.733785 0.480537 0.427725 0.302715 0.20201 0.297331 0.317721 0.270554 0.192471 0.245073 0.742851 0.733157 1.38727 1.05799 1.12583 1.37905 1.32221 1.11054 1.51831 1.25364 1.04311 1.09448 1.54075 1.09521 0.760032 1.28545
Sel_flota
 0.797411 1 1 1 1
 0.797411 1 1 1 1
 0.797411 1 1 1 1
 0.797411 1 1 1 1
 0.797411 1 1 1 1
 0.797411 1 1 1 1
 0.797411 1 1 1 1
 0.797411 1 1 1 1
 0.797411 1 1 1 1
 0.797411 1 1 1 1
 0.797411 1 1 1 1
 0.797411 1 1 1 1
 0.797411 1 1 1 1
 0.797411 1 1 1 1
 0.797411 1 1 1 1
 0.797411 1 1 1 1
 0.797411 1 1 1 1
 0.797411 1 1 1 1
 0.797411 1 1 1 1
 0.797411 1 1 1 1
 0.797411 1 1 1 1
 0.797411 1 1 1 1
 0.797411 1 1 1 1
 0.797411 1 1 1 1
 0.797411 1 1 1 1
 0.797411 1 1 1 1
 0.797411 1 1 1 1
 0.797411 1 1 1 1
 0.797411 1 1 1 1
 0.797411 1 1 1 1
 0.797411 1 1 1 1
 0.797411 1 1 1 1
Sel_reclas
 1 1 1 1 1
 1 1 1 1 1
 1 1 1 1 1
 1 1 1 1 1
 1 1 1 1 1
 1 1 1 1 1
 1 1 1 1 1
 1 1 1 1 1
 1 1 1 1 1
 1 1 1 1 1
 1 1 1 1 1
 1 1 1 1 1
 1 1 1 1 1
 1 1 1 1 1
 1 1 1 1 1
 1 1 1 1 1
 1 1 1 1 1
 1 1 1 1 1
 1 1 1 1 1
 1 1 1 1 1
 1 1 1 1 1
 1 1 1 1 1
 1 1 1 1 1
 1 1 1 1 1
 1 1 1 1 1
 1 1 1 1 1
 1 1 1 1 1
 1 1 1 1 1
 1 1 1 1 1
 1 1 1 1 1
 1 1 1 1 1
 1 1 1 1 1
Sel_pelaces
 1 1 1 1 1
 1 1 1 1 1
 1 1 1 1 1
 1 1 1 1 1
 1 1 1 1 1
 1 1 1 1 1
 1 1 1 1 1
 1 1 1 1 1
 1 1 1 1 1
 1 1 1 1 1
 1 1 1 1 1
 1 1 1 1 1
 1 1 1 1 1
 1 1 1 1 1
 1 1 1 1 1
 1 1 1 1 1
 1 1 1 1 1
 1 1 1 1 1
 1 1 1 1 1
 1 1 1 1 1
 1 1 1 1 1
 1 1 1 1 1
 1 1 1 1 1
 1 1 1 1 1
 1 1 1 1 1
 1 1 1 1 1
 1 1 1 1 1
 1 1 1 1 1
 1 1 1 1 1
 1 1 1 1 1
 1 1 1 1 1
 1 1 1 1 1
pf_obs 
 0.8446 0.082 0.0669 0.0065 0
 0.8095 0.147 0.0364 0.0071 0
 0.9664 0.0169 0.016 0.0007 0
 0.9276 0.0648 0.0075 0.0001 0
 0.7033 0.2144 0.0806 0.0017 0
 0.9318 0.0425 0.0243 0.0014 0
 0.5671 0.3108 0.0964 0.0239 0.0018
 0.0768 0.2599 0.5324 0.112 0.0189
 0.490249 0.384438 0.106611 0.0170017 0.00170017
 0.7925 0.1577 0.0466 0.003 0.0002
 0.840416 0.127587 0.0312969 0.00059994 9.999e-05
 0.8084 0.0986 0.0794 0.0134 0.0002
 0.7335 0.1905 0.0724 0.0035 0.0001
 0.4001 0.4547 0.1325 0.0127 0
 0.49795 0.308269 0.164784 0.0264974 0.00249975
 0.9179 0.0499 0.0305 0.0017 0
 0.2467 0.6533 0.0926 0.0074 0
 0.9418 0.0223 0.034 0.0019 0
 0.707729 0.231977 0.0356964 0.0245975 0
 0.517169 0.277429 0.184464 0.0207286 0.00020938
 0.811772 0.124168 0.05621 0.00726502 0.000585176
 0.764997 0.148141 0.077277 0.00933861 0.000247198
 0.163321 0.427699 0.378323 0.0303852 0.000271297
 0.753843 0.0900009 0.118128 0.0371064 0.000921714
 0.721811 0.176058 0.0630433 0.0369309 0.00215725
 0.143369 0.312575 0.442814 0.0836902 0.0175525
 0.692698 0.0596174 0.167031 0.0765114 0.00414204
 0.394062 0.376323 0.152708 0.0712218 0.00568511
 0.125707 0.32114 0.495352 0.0537591 0.00404204
 0.23352 0.215282 0.420074 0.123614 0.00750983
 0.796117 0.104755 0.0508955 0.0450114 0.00322123
 0.162477 0.292055 0.404252 0.121198 0.0200186
pf_pred 
 0.415875 0.115768 0.443693 0.0246637 7.83696e-07
 0.393168 0.288167 0.0631562 0.242054 0.0134555
 0.54438 0.206876 0.118121 0.0258881 0.104735
 0.728038 0.164584 0.0487557 0.0278383 0.0307847
 0.632496 0.285412 0.0496796 0.0147169 0.0176954
 0.724712 0.188807 0.0671632 0.0116906 0.00762726
 0.464934 0.412927 0.0837696 0.0297989 0.00857092
 0.440936 0.298809 0.200846 0.0407453 0.0186629
 0.513325 0.242951 0.130266 0.0875592 0.0258991
 0.669811 0.190541 0.069713 0.037379 0.0325561
 0.792946 0.150318 0.0327409 0.0119789 0.012017
 0.715339 0.236009 0.0353207 0.00769327 0.00563841
 0.658757 0.261961 0.0657317 0.00983731 0.00371306
 0.608031 0.280946 0.0852289 0.0213858 0.00440861
 0.714097 0.193525 0.0662121 0.0200864 0.00607911
 0.924319 0.0580298 0.011948 0.00408786 0.00161543
 0.384221 0.579472 0.027839 0.00573191 0.00273608
 0.885824 0.0508307 0.0596106 0.00286381 0.000871105
 0.578771 0.382897 0.0170654 0.0200131 0.00125393
 0.5816 0.268422 0.13633 0.00607613 0.00757211
 0.727018 0.175607 0.0624699 0.0317281 0.00317636
 0.73411 0.205835 0.0386336 0.0137434 0.00767899
 0.316014 0.534578 0.115661 0.0217087 0.0120375
 0.726257 0.101609 0.134533 0.0291075 0.00849265
 0.614575 0.297477 0.032645 0.0432227 0.0120802
 0.431257 0.381231 0.144724 0.015882 0.0269052
 0.717751 0.138509 0.0963498 0.0365767 0.0108138
 0.68358 0.241837 0.0366002 0.0254598 0.0125226
 0.365888 0.46491 0.129319 0.0195715 0.0203107
 0.485097 0.217771 0.217847 0.0605964 0.018688
 0.785426 0.117099 0.0412257 0.0412401 0.0150091
 0.476221 0.431512 0.0503529 0.0177271 0.0241873
pobs_RECLAS
 0 0 0 0 0
 0 0 0 0 0
 0 0 0 0 0
 0 0 0 0 0
 0 0 0 0 0
 0 0 0 0 0
 0 0 0 0 0
 0 0 0 0 0
 0 0 0 0 0
 0 0 0 0 0
 0.991045 0.00858322 0.000360255 1.14367e-05 0
 0.934742 0.0480273 0.0164251 0.00080598 0
 0.827803 0.169806 0.00239088 0 0
 0.941827 0.0461693 0.0120037 0 0
 0.791401 0.0380133 0.147996 0.0225897 0
 0.846168 0.0940531 0.0597789 0 0
 0.134021 0.677848 0.182769 0.00536245 0
 0.80878 0.0450904 0.141981 0.00414843 0
 0.846168 0.0940531 0.0597789 0 0
 0.905697 0.0802665 0.012482 0.00150086 5.37128e-05
 0.989698 0.0102097 9.19794e-05 0 0
 0.975433 0.0193895 0.00387452 0.00125025 5.28907e-05
 0.303575 0.632131 0.0575291 0.00676475 0
 0.966965 0.00978017 0.0227588 0.000495775 0
 0.843318 0.132988 0.00938335 0.0141283 0.000182051
 0.564624 0.303363 0.111486 0.0197234 0.00080311
 0.826376 0.0876187 0.0782897 0.00655872 0.00115652
 0.89761 0.0855135 0.0140674 0.00269457 0.000114338
 0.34875 0.467042 0.161289 0.0227151 0.000203297
 0.318654 0.224769 0.449479 0.00709798 0
 0.937255 0.0296025 0.0250945 0.00804832 0
 0.456809 0.399803 0.12412 0.0192676 0
ppred_RECLAS
 0.472176 0.104609 0.400927 0.0222865 7.08159e-07
 0.449204 0.261556 0.0573242 0.219702 0.012213
 0.600609 0.181345 0.103544 0.0226932 0.0918092
 0.771538 0.138259 0.0409572 0.0233856 0.0258607
 0.683749 0.245608 0.0427511 0.0126644 0.0152275
 0.768198 0.158982 0.0565536 0.00984388 0.0064224
 0.523836 0.367471 0.074548 0.0265185 0.00762741
 0.497544 0.268554 0.18051 0.0366197 0.0167732
 0.57074 0.214289 0.114898 0.0772295 0.0228437
 0.719256 0.162008 0.0592736 0.0317816 0.0276808
 0.827877 0.124958 0.0272173 0.00995796 0.00998968
 0.760661 0.198433 0.0296972 0.0064684 0.0047407
 0.709295 0.223165 0.0559969 0.00838041 0.00316316
 0.663743 0.241014 0.0731149 0.0183461 0.00378199
 0.759591 0.162731 0.0556761 0.0168901 0.00511177
 0.939123 0.0466784 0.00961085 0.00328822 0.00129943
 0.439989 0.526992 0.0253177 0.00521279 0.00248828
 0.907161 0.0413317 0.0484708 0.00232863 0.000708317
 0.634284 0.332436 0.0148164 0.0173756 0.00108867
 0.636791 0.233014 0.118347 0.00527463 0.00657327
 0.770323 0.147749 0.0525599 0.0266949 0.00267247
 0.776863 0.172738 0.0324216 0.0115335 0.00644426
 0.367526 0.494318 0.106951 0.0200738 0.0111309
 0.769352 0.0856131 0.113354 0.0245252 0.00715566
 0.667199 0.256861 0.0281878 0.0373213 0.0104308
 0.487923 0.343248 0.130305 0.0142996 0.0242246
 0.76175 0.116917 0.08133 0.0308748 0.00912802
 0.730826 0.205728 0.0311353 0.0216584 0.0106528
 0.420293 0.425023 0.118224 0.0178923 0.0185681
 0.542235 0.193606 0.193673 0.0538721 0.0166142
 0.821549 0.0973856 0.0342854 0.0342974 0.0124823
 0.533071 0.384677 0.0448877 0.0158031 0.0215621
pobs_PELACES
 0 0 0 0 0
 0 0 0 0 0
 0 0 0 0 0
 0 0 0 0 0
 0 0 0 0 0
 0 0 0 0 0
 0 0 0 0 0
 0 0 0 0 0
 0 0 0 0 0
 0 0 0 0 0
 0 0 0 0 0
 0 0 0 0 0
 0 0 0 0 0
 0 0 0 0 0
 0 0 0 0 0
 0 0 0 0 0
 0.505614 0.472636 0.0217494 0 0
 0 0 0 0 0
 0.443492 0.261883 0.143347 0.151278 0
 0.227955 0.32914 0.350689 0.0885471 0.00366901
 0.970185 0.0296113 0.000203453 0 0
 0.997202 0.00247181 0.000326279 0 0
 0.445219 0.490057 0.0546422 0.010081 0
 0.90214 0.0892962 0.00764917 0.000914606 0
 0 0 0 0 0
 0.581667 0.319106 0.0959925 0.00289975 0.000334073
 0.762889 0.0836404 0.116647 0.0363945 0.000428098
 0.88444 0.0763242 0.0277011 0.0115352 0
 0.521256 0.241999 0.230069 0.00667565 0
 0.616807 0.101726 0.260614 0.0208532 0
 0.833518 0.0704572 0.0857862 0.0102388 0
 0.697417 0.212968 0.0787535 0.0105354 0.000325836
ppred_PELACES
 0.473954 0.104257 0.399577 0.0222114 7.05773e-07
 0.452404 0.260037 0.0569912 0.218426 0.0121421
 0.603622 0.179977 0.102763 0.022522 0.0911166
 0.774903 0.136222 0.0403539 0.0230411 0.0254797
 0.685138 0.244529 0.0425633 0.0126088 0.0151606
 0.770534 0.15738 0.0559839 0.0097447 0.0063577
 0.530865 0.362046 0.0734475 0.026127 0.0075148
 0.49864 0.267968 0.180116 0.0365397 0.0167366
 0.574918 0.212203 0.11378 0.0764777 0.0226213
 0.723706 0.15944 0.0583341 0.0312778 0.0272421
 0.828676 0.124378 0.027091 0.00991173 0.0099433
 0.765301 0.194586 0.0291214 0.00634299 0.00464879
 0.714232 0.219375 0.0550459 0.00823809 0.00310944
 0.672451 0.234772 0.0712214 0.017871 0.00368405
 0.764344 0.159514 0.0545754 0.0165562 0.00501072
 0.940394 0.0457039 0.00941021 0.00321958 0.0012723
 0.443424 0.52376 0.0251625 0.00518082 0.00247302
 0.908377 0.04079 0.0478355 0.00229811 0.000699034
 0.639082 0.328074 0.014622 0.0171476 0.00107439
 0.641088 0.230257 0.116947 0.00521222 0.0064955
 0.772843 0.146129 0.0519834 0.0264021 0.00264316
 0.779973 0.17033 0.0319696 0.0113728 0.00635443
 0.36994 0.492432 0.106542 0.0199972 0.0110885
 0.77098 0.0850089 0.112554 0.0243521 0.00710516
 0.669251 0.255277 0.0280141 0.0370913 0.0103665
 0.489778 0.342005 0.129833 0.0142478 0.0241368
 0.76343 0.116093 0.0807566 0.0306571 0.00906366
 0.732373 0.204545 0.0309563 0.0215339 0.0105916
 0.422037 0.423744 0.117868 0.0178385 0.0185122
 0.544541 0.19263 0.192698 0.0536007 0.0165305
 0.823066 0.096558 0.033994 0.0340059 0.0123763
 0.534277 0.383683 0.0447718 0.0157623 0.0215064
pobs_pel_tallas
 0 0 0 0 0 0 0 0 0 0 0 0 0 0 0 0 0 0 0 0 0 0 0 0 0 0
 0 0 0 0 0 0 0 0 0 0 0 0 0 0 0 0 0 0 0 0 0 0 0 0 0 0
 0 0 0 0 0 0 0 0 0 0 0 0 0 0 0 0 0 0 0 0 0 0 0 0 0 0
 0 0 0 0 0 0 0 0 0 0 0 0 0 0 0 0 0 0 0 0 0 0 0 0 0 0
 0 0 0 0 0 0 0 0 0 0 0 0 0 0 0 0 0 0 0 0 0 0 0 0 0 0
 0 0 0 0 0 0 0 0 0 0 0 0 0 0 0 0 0 0 0 0 0 0 0 0 0 0
 0 0 0 0 0 0 0 0 0 0 0 0 0 0 0 0 0 0 0 0 0 0 0 0 0 0
 0 0 0 0 0 0 0 0 0 0 0 0 0 0 0 0 0 0 0 0 0 0 0 0 0 0
 0 0 0 0 0 0 0 0 0 0 0 0 0 0 0 0 0 0 0 0 0 0 0 0 0 0
 0 0 0 0 0 0 0 0 0 0 0 0 0 0 0 0 0 0 0 0 0 0 0 0 0 0
 0 0 0 0 0 0 0 0 0 0 0 0 0 0 0 0 0 0 0 0 0 0 0 0 0 0
 0 0 0 0 0 0 0 0 0 0 0 0 0 0 0 0 0 0 0 0 0 0 0 0 0 0
 0.00862536 0 0 0.000197151 0.00414017 0.0128641 0.00837892 0.0270097 0.101434 0.158115 0.152841 0.127902 0.109271 0.109419 0.0830992 0.0579132 0.0238553 0.00714673 0.00463305 0.00128148 0.00103504 0.000492878 0.000147863 0.000147863 4.92878e-05 0
 0 0 0 0 0 0 0 0 0 0 0 0 0 0 0 0 0 0 0 0 0 0 0 0 0 0
 0 0 0 0 0 0 0 0.0054083 0.00873648 0.0413646 0.0450493 0.0745869 0.0622846 0.0627006 0.0613931 0.0827291 0.12552 0.122667 0.0946155 0.0697135 0.0546179 0.0294188 0.0215738 0.0213955 0.0102223 0.00600262
 0 0 0 0 0.00359764 0.0251062 0.0480494 0.140153 0.205849 0.193036 0.1447 0.116669 0.0760912 0.0342217 0.00950174 0.001854 0.000860785 0 0 0 0.000165536 0 0.000143464 0 0 0
 0 0 0 0 0 0 0 0.000145254 0.000435761 0.0275982 0.070085 0.0708112 0.156366 0.174668 0.174014 0.160142 0.0824315 0.0480064 0.0283245 0.00493863 0.00203355 0 0 0 0 0
 0 0 0 0 0 0 0 0 0 0 0 0 0 0 0 0 0 0 0 0 0 0 0 0 0 0
 0 0 1.00437e-05 0.000401748 0.00122533 0.00171747 0.00176769 0.0269171 0.070346 0.194647 0.189555 0.159765 0.064822 0.0314167 0.0384472 0.0292271 0.0345202 0.0313363 0.0194345 0.0106764 0.0143323 0.0359363 0.0279516 0.0138201 0.00172751 0
 0 0.0021121 0.0136068 0.0755702 0.200478 0.177729 0.0527432 0.0373336 0.0318909 0.0142505 0.0149659 0.0166563 0.0217959 0.0798694 0.0677717 0.0528807 0.04013 0.0224614 0.0357745 0.0225083 0.00881397 0.00855152 0.00135912 0.000746735 0 0
 0 0 0 0 5.4009e-05 0.00500934 0.000945158 0.0243581 0.138947 0.33067 0.221406 0.137944 0.0707744 0.0437923 0.0131692 0.00525238 0.0047753 0.00276346 9.45158e-05 9.00151e-06 2.25038e-05 9.00151e-06 4.50075e-06 0 0 0
 0.000866109 0.00284123 0.00948549 0.0512746 0.133035 0.25785 0.225252 0.132002 0.0553304 0.0519788 0.0540692 0.017754 0.00435017 0.00159236 0.00146478 0.000404838 0.000125132 0.000115318 0.000107957 0.000100596 0 0 0 0 0 0
 0 0 0 0 0.00144013 0.00171154 0.00461396 0.0210425 0.0478622 0.0707936 0.0888783 0.103762 0.0637923 0.0337046 0.0602308 0.124433 0.169614 0.0934646 0.0462172 0.0250306 0.0313229 0.00938855 0.002487 0.000210481 0 0
 0 0.00764035 0.051015 0.0998891 0.058973 0.0496711 0.0374665 0.0718981 0.12319 0.153886 0.159021 0.0857701 0.0377988 0.023471 0.0147837 0.00900784 0.00315554 0.000888139 0.00291439 0.00214683 0.00393193 0.00274676 0.000635225 9.99891e-05 0 0
 0 0 0 0 0 0 0 0 0 0 0 0 0 0 0 0 0 0 0 0 0 0 0 0 0 0
 0 0 0 0 0 0 0 0 0 0 0 0 0 0 0 0 0 0 0 0 0 0 0 0 0 0
 0 0 0 0 0 0 0 0 0 0 0 0 0 0 0 0 0 0 0 0 0 0 0 0 0 0
 0 0 0 0 0 0 0 0 0 0 0 0 0 0 0 0 0 0 0 0 0 0 0 0 0 0
 0 0 0 0 0 0 0 0 0 0 0 0 0 0 0 0 0 0 0 0 0 0 0 0 0 0
 0 0 0 0 0 0 0 0 0 0 0 0 0 0 0 0 0 0 0 0 0 0 0 0 0 0
 0 0 0 0 0 0 0 0 0 0 0 0 0 0 0 0 0 0 0 0 0 0 0 0 0 0
 0 0 0 0 0 0 0 0 0 0 0 0 0 0 0 0 0 0 0 0 0 0 0 0 0 0
ppred_pel_tallas
 1.13786e-16 3.9039e-05 0.000379473 0.00252173 0.0114634 0.0356671 0.0759928 0.110916 0.110927 0.0760452 0.0358445 0.0119834 0.0038558 0.00338683 0.00602852 0.0106277 0.016985 0.0248457 0.0338425 0.0435946 0.05356 0.0626847 0.0692805 0.0714974 0.0682264 0.0598051
 1.25671e-16 3.7264e-05 0.000362219 0.00240707 0.0109422 0.0340455 0.0725384 0.105877 0.105902 0.0726614 0.034459 0.0121382 0.0054156 0.00695227 0.0126228 0.0210046 0.0307487 0.0397985 0.0461863 0.0492661 0.0501922 0.0510961 0.0535517 0.0575011 0.0613445 0.0629488
 1.2069e-16 4.97196e-05 0.000483292 0.00321165 0.0145997 0.0454251 0.0967837 0.141262 0.14128 0.0968692 0.0457127 0.0154323 0.005309 0.00508653 0.0088661 0.0147772 0.021761 0.0284069 0.0333436 0.0360447 0.0371551 0.0379751 0.0395011 0.0417776 0.0439662 0.0449203
 1.07823e-16 6.38278e-05 0.000620429 0.00412297 0.0187424 0.0583147 0.124246 0.181344 0.181357 0.124311 0.058531 0.0193679 0.00569528 0.00406066 0.00662119 0.0109094 0.0158657 0.020296 0.0230441 0.0236224 0.0225086 0.0207956 0.0194711 0.0188884 0.0187473 0.0184539
 1.05121e-16 5.6434e-05 0.000548558 0.00364537 0.0165713 0.0515596 0.109854 0.16034 0.160364 0.109969 0.0519467 0.0176894 0.00645281 0.00668018 0.0117104 0.0192945 0.027848 0.0351494 0.0389781 0.0383266 0.0339994 0.0280502 0.0225241 0.0184826 0.0158797 0.0140789
 1.0371e-16 6.34679e-05 0.00061693 0.00409972 0.0186367 0.0579859 0.123546 0.180322 0.180337 0.12362 0.0582359 0.0193596 0.00591676 0.00459235 0.00763942 0.0125969 0.0182989 0.0233442 0.0263414 0.0266397 0.0246838 0.0216456 0.0186487 0.0162104 0.0142358 0.0123838
 1.06105e-16 4.37267e-05 0.000425039 0.00282454 0.01284 0.0399501 0.0851192 0.124241 0.124276 0.0852899 0.0405234 0.0144965 0.00698479 0.00951365 0.0173247 0.0286252 0.0413578 0.0522784 0.0581056 0.0573304 0.0510944 0.0423592 0.0340652 0.0277279 0.0232921 0.0199109
 1.11764e-16 4.10724e-05 0.000399238 0.00265308 0.0120605 0.0375249 0.0799518 0.116697 0.116723 0.0800792 0.0379535 0.0133015 0.00577929 0.00726134 0.0131839 0.02202 0.032395 0.0421623 0.0491281 0.0522465 0.0521228 0.0503383 0.0481947 0.0459496 0.0430291 0.0388034
 1.14836e-16 4.73553e-05 0.00046031 0.00305892 0.0139054 0.0432651 0.0921816 0.134546 0.134567 0.0922824 0.043604 0.0148864 0.00552922 0.00588003 0.0104211 0.0173686 0.0255313 0.0332181 0.0387525 0.0414262 0.0418876 0.0415544 0.0415261 0.0418843 0.0418316 0.0403846
 1.09472e-16 5.96107e-05 0.000579437 0.00385057 0.0175041 0.0544619 0.116037 0.169363 0.169379 0.116113 0.0547155 0.0182375 0.00569509 0.00461816 0.00776623 0.0128424 0.0187295 0.0240652 0.0275168 0.0285181 0.0276025 0.0259889 0.0247493 0.0242164 0.0239937 0.0233969
 1.03491e-16 6.8257e-05 0.000663482 0.00440907 0.020043 0.0623613 0.132868 0.193927 0.193939 0.132926 0.0625584 0.0206125 0.00583944 0.00378922 0.00601427 0.00986075 0.0142609 0.01807 0.0201745 0.0200745 0.0181779 0.0155061 0.0130546 0.0113051 0.0101792 0.00931726
 1.02314e-16 6.30369e-05 0.000612741 0.00407188 0.0185102 0.0575921 0.122707 0.179098 0.179117 0.122798 0.0578999 0.0193992 0.00630349 0.00548488 0.00931766 0.0153083 0.022056 0.0277572 0.0306176 0.0298102 0.0259618 0.020717 0.0157439 0.0119583 0.00941184 0.0076824
 1.02998e-16 5.88304e-05 0.000571852 0.00380016 0.017275 0.053749 0.114519 0.167148 0.167169 0.114622 0.0540967 0.0182797 0.00632396 0.00608729 0.0105511 0.0173954 0.0251584 0.031856 0.035497 0.0351484 0.0314609 0.0261729 0.0210161 0.0168933 0.0138099 0.0113404
 1.04532e-16 5.5389e-05 0.000538401 0.00357786 0.0162645 0.0506049 0.10782 0.157371 0.157394 0.107931 0.0509774 0.0173413 0.00628405 0.00645616 0.0113241 0.0187114 0.0271321 0.0345035 0.0387304 0.0388352 0.0355013 0.0305284 0.0256651 0.0217548 0.0187004 0.015998
 1.04125e-16 6.2958e-05 0.000611975 0.00406679 0.018487 0.0575201 0.122553 0.178873 0.178889 0.122629 0.0577735 0.0192196 0.00590823 0.00464073 0.00774048 0.0127659 0.018546 0.0236651 0.0267198 0.0270612 0.0251525 0.0221904 0.0193107 0.0170183 0.0151813 0.0134137
 1.00822e-16 7.7459e-05 0.000752929 0.00500348 0.0227451 0.0707685 0.15078 0.220069 0.220073 0.150801 0.0708408 0.0229542 0.00552872 0.00190043 0.00225944 0.00361977 0.00522365 0.00660456 0.00734451 0.00725337 0.00647558 0.00538492 0.00435184 0.00356629 0.00301944 0.00260235
 1.01799e-16 3.65243e-05 0.00035503 0.0023593 0.0107251 0.0333699 0.0711 0.103783 0.103834 0.0713463 0.0341965 0.0131114 0.00834542 0.0134098 0.0247915 0.0408268 0.0585726 0.0731586 0.0796456 0.0757566 0.0632593 0.0468283 0.0313365 0.0196559 0.0122204 0.007976
 1.0174e-16 7.48218e-05 0.000727295 0.00483313 0.0219707 0.0683591 0.145646 0.212576 0.21258 0.145666 0.0684249 0.0221618 0.00531587 0.00179145 0.002126 0.00347471 0.00518009 0.00689125 0.00829088 0.00920995 0.00968265 0.00984332 0.0097638 0.00938761 0.00861018 0.00741228
 1.02408e-16 5.26404e-05 0.000511684 0.00340032 0.0154574 0.0480938 0.10247 0.149565 0.149596 0.102624 0.0486116 0.0169524 0.00715078 0.00869164 0.0155665 0.0255961 0.0367396 0.0459385 0.0501206 0.0478877 0.0403714 0.0305056 0.0213146 0.0145288 0.0103213 0.00793147
 1.05056e-16 5.28056e-05 0.00051329 0.00341099 0.0155059 0.0482447 0.102791 0.150031 0.150054 0.1029 0.0486115 0.0165671 0.00608092 0.00636231 0.0112212 0.0186231 0.0271836 0.0349329 0.0398674 0.0410122 0.0389139 0.035105 0.0310211 0.0272731 0.023716 0.0200044
 1.04633e-16 6.3658e-05 0.000618779 0.004112 0.0186926 0.0581596 0.123916 0.180862 0.180876 0.123985 0.0583919 0.0193642 0.00580058 0.00431437 0.00711023 0.011728 0.0170643 0.0218339 0.0247711 0.0253013 0.0238574 0.021523 0.0192969 0.0175741 0.0161563 0.0146278
 1.03183e-16 6.42454e-05 0.000624488 0.00414994 0.0188651 0.0586963 0.125059 0.182531 0.182547 0.12514 0.0589659 0.0196441 0.00610634 0.00489794 0.00818814 0.0134559 0.0194278 0.0245399 0.0272448 0.0268369 0.0238648 0.0197399 0.0158649 0.0129642 0.0110075 0.00957355
 1.07083e-16 3.04716e-05 0.000296194 0.00196832 0.00894772 0.0278399 0.0593177 0.0865858 0.0866333 0.0595499 0.0286199 0.0112012 0.0076278 0.0126605 0.0235407 0.0389429 0.0562678 0.0711186 0.0790163 0.077878 0.0692175 0.0570301 0.045311 0.0361656 0.029613 0.0246199
 1.06915e-16 6.35046e-05 0.000617288 0.00410209 0.0186475 0.0580194 0.123617 0.180424 0.180432 0.123658 0.0581573 0.0190478 0.00511486 0.00285469 0.00439071 0.00736249 0.0110783 0.0149356 0.0183436 0.0210054 0.0230083 0.0245791 0.0257325 0.0261505 0.0253971 0.0232609
 1.06348e-16 5.51253e-05 0.000535838 0.00356083 0.016187 0.050364 0.107307 0.156623 0.156647 0.107427 0.0507677 0.017353 0.00648776 0.00692609 0.0121943 0.0200821 0.028953 0.0364871 0.0403777 0.03961 0.035088 0.02903 0.0236184 0.0199422 0.0178515 0.0165246
 1.09348e-16 4.03424e-05 0.000392143 0.00260593 0.0118462 0.0368581 0.0785312 0.114626 0.114659 0.078693 0.0374016 0.0134178 0.00655738 0.0090393 0.0165249 0.0274176 0.0398727 0.0509397 0.0576171 0.0585003 0.0545509 0.0482932 0.0421318 0.0371499 0.0331048 0.02923
 1.06969e-16 6.28827e-05 0.000611243 0.00406192 0.0184649 0.0574513 0.122406 0.178658 0.178669 0.122462 0.0576372 0.0190033 0.00541875 0.00359144 0.00577671 0.0095927 0.0141484 0.0185041 0.0217415 0.0234429 0.023893 0.0237674 0.0235743 0.0233219 0.0226309 0.0211079
 1.04898e-16 6.03246e-05 0.000586377 0.00389668 0.0177138 0.0551142 0.117427 0.171393 0.171412 0.117524 0.0554379 0.0186488 0.00624432 0.00571342 0.00980416 0.0161314 0.0232795 0.0293836 0.0325956 0.0320907 0.0285657 0.0237588 0.0193833 0.0163002 0.0144139 0.0131212
 1.08432e-16 3.47627e-05 0.000337906 0.00224551 0.0102078 0.0317604 0.0676704 0.0987755 0.0988164 0.0678704 0.0324324 0.01215 0.00712544 0.011006 0.0203398 0.0336873 0.0487975 0.0619376 0.0693074 0.0691384 0.0626949 0.0532998 0.0442161 0.0370714 0.0317504 0.0273265
 1.13783e-16 4.48532e-05 0.000435989 0.0028973 0.0131707 0.0409791 0.087311 0.127437 0.127456 0.0874032 0.0412894 0.0140707 0.0051699 0.00544192 0.00968409 0.0162857 0.0242711 0.0322402 0.0387661 0.0431698 0.0457936 0.0474665 0.0486369 0.0489558 0.0476091 0.0440147
 1.06511e-16 6.77949e-05 0.00065899 0.00437922 0.0199073 0.0619391 0.131968 0.192613 0.192623 0.132014 0.0620927 0.0203517 0.00549698 0.00310708 0.00474142 0.00779686 0.0113849 0.0146683 0.0168572 0.0176309 0.0173302 0.0166933 0.0163399 0.0164089 0.0165769 0.0163524
 1.06611e-16 4.40077e-05 0.000427771 0.00284269 0.0129225 0.0402068 0.0856662 0.12504 0.125077 0.0858469 0.0408133 0.0146742 0.00723942 0.0100247 0.0182673 0.0301232 0.0433771 0.0545318 0.0600619 0.0583715 0.0507621 0.0405628 0.0311379 0.0243109 0.0201126 0.0175551
pSPR Fmed_Fpbrs
0.541997   0.6 0.325
Fs Fmed_Fpbrs
0.341307   0.279586 0.682977
SSBpbr Bo_Bmed_Bpbrs
2.85247e+06  1.4034e+06  1.56886e+06 784428
Ro
203757
SPR SPRFo_SPRFmed_SPRFpbrs
1.46667e+06 794929 476667
Fref
0.279586
Nvult_r0
 106976 78368.5 9144.78 3219.49 4392.75
CTP_r0
 5845.53 5296.74 618.074 217.598 296.895
YTP_r0
218837
Np
 248368 73110.1 15827.2 11337.7 1690.99
Nvult_p0
 175258 52774.3 11424.8 8184.13 1220.64
CTP_p0
 31949.9 8974.58 6428.89 750.184 354.475
 31949.9 11531.1 2496.3 1788.21 266.706
YTP_p0
 588243 567613
CBA_c0
361584
log_Ro
12.0447
likeval ReclasPelacesDesembMPH_pf_preclas_ppelaces_ptallas_desvR_qrecl_qpela
 15.9219 17.4835 0.0741405 0.000810243 230.577 129.146 111.787 0 22.3764 4.20063e-06 7.76072e-07 0.375673 4.69794e-16 0 0
q_reclas_q_pelaces
0.748376 0.882863
M
1
N
 218789 48998.7 187793 10438.9 0.331699
 124498 73924.2 16201.6 62094.7 3451.79
 127566 39257.6 22415.1 4912.63 19874.9
 218946 40392.5 11965.8 6832.15 7555.25
 176623 64065.6 11151.4 3303.46 3972.02
 285038 60178 21406.8 3726.12 2431.02
 122418 89625.6 18182.2 6467.83 1860.31
 59206.5 32170.3 21623.4 4386.71 2009.28
 53648.4 20670.7 11083.3 7449.7 2203.54
 69116.3 16099.2 5890.2 3158.23 2750.73
 128257 19524.4 4252.64 1555.91 1560.86
 162697 44125.2 6603.7 1438.36 1054.18
 135061 44072.2 11058.7 1655.02 624.683
 96761.2 37289.4 11312.3 2838.49 585.145
 99962.8 22282.9 7623.8 2312.79 699.961
 523157 26902.8 5539.15 1895.15 748.918
 120370 147247 7074.01 1456.5 695.249
 805222 37504.1 43982.1 2112.99 642.722
 460533 249078 11101.2 13018.7 815.69
 351452 132285 67186.6 2994.46 3731.71
 528227 103533 36830.5 18706 1872.69
 717083 163862 30755.8 10940.9 6113.15
 155709 212743 46029 8639.31 4790.5
 448585 50618.7 67020.4 14500.5 4230.78
 378775 147881 16228.4 21486.8 6005.26
 175395 124783 47370.7 5198.44 8806.53
 379406 59057.6 41081.7 15595.6 4610.78
 438615 124953 18910.6 13154.6 6470.22
 143685 146885 40857.5 6183.47 6417.01
 134032 48534.9 48551.9 13505.2 4165.01
 366501 44133.2 15537.4 15542.9 5656.74
 163877 119129 13901.2 4894.01 6677.5
pred_Ctot
 11357.3 3161.53 12116.9 673.548 0.0214022
 11384.3 8343.96 1828.71 7008.75 389.61
 11369.8 4320.77 2467.05 540.693 2187.47
 28850.6 6522.11 1932.09 1103.18 1219.93
 8296.27 3743.67 651.633 193.038 232.105
 26514.3 6907.68 2457.23 427.711 279.05
 22717.2 20176 4093.07 1456 418.784
 1915.73 1298.23 872.612 177.025 81.0844
 6353.92 3007.24 1612.43 1083.8 320.578
 10361.7 2947.6 1078.44 578.24 503.63
 5283.62 1001.61 218.162 79.8186 80.0729
 27798.2 9171.34 1372.57 298.962 219.11
 21804.3 8670.7 2175.67 325.607 122.899
 23758.5 10977.8 3330.28 835.64 172.264
 17398.1 4715.01 1613.18 489.38 148.11
 79397.9 4984.69 1026.32 351.143 138.763
 11804.8 17803.7 855.324 176.107 84.0631
 82165.8 4714.87 5529.26 265.636 80.8005
 65108.5 43073.8 1919.77 2251.36 141.06
 45069.4 20800.6 10564.5 470.853 586.779
 53074.2 12819.8 4560.47 2316.24 231.882
 89281.4 25033.3 4698.56 1671.45 933.908
 11566.2 19565.7 4233.22 794.544 440.575
 29724.1 4158.65 5506.15 1191.31 347.586
 25245.3 12219.7 1340.98 1775.49 496.225
 9461.16 8363.66 3175.04 348.428 590.262
 25354.7 4892.86 3403.58 1292.08 381.998
 25059.2 8865.43 1341.71 933.324 459.063
 7481.33 9506.04 2644.2 400.179 415.293
 8971.97 4027.72 4029.13 1120.74 345.638
 27248.8 4062.53 1430.25 1430.75 520.712
 5845.53 5296.74 618.074 217.598 296.895
F
 0.0850682 0.106681 0.106681 0.106681 0.106681
 0.154142 0.193304 0.193304 0.193304 0.193304
 0.14999 0.188096 0.188096 0.188096 0.188096
 0.228919 0.287077 0.287077 0.287077 0.287077
 0.0767115 0.0962007 0.0962007 0.0962007 0.0962007
 0.156983 0.196866 0.196866 0.196866 0.196866
 0.336398 0.421862 0.421862 0.421862 0.421862
 0.0523136 0.0656043 0.0656043 0.0656043 0.0656043
 0.203682 0.255429 0.255429 0.255429 0.255429
 0.264126 0.33123 0.33123 0.33123 0.33123
 0.0670096 0.084034 0.084034 0.084034 0.084034
 0.306059 0.383816 0.383816 0.383816 0.383816
 0.287021 0.359941 0.359941 0.359941 0.359941
 0.468426 0.587434 0.587434 0.587434 0.587434
 0.312568 0.391978 0.391978 0.391978 0.391978
 0.267773 0.335803 0.335803 0.335803 0.335803
 0.166121 0.208326 0.208326 0.208326 0.208326
 0.173353 0.217395 0.217395 0.217395 0.217395
 0.247429 0.310291 0.310291 0.310291 0.310291
 0.222182 0.278629 0.278629 0.278629 0.278629
 0.170498 0.213814 0.213814 0.213814 0.213814
 0.215106 0.269755 0.269755 0.269755 0.269755
 0.12367 0.15509 0.15509 0.15509 0.15509
 0.109691 0.137559 0.137559 0.137559 0.137559
 0.110364 0.138403 0.138403 0.138403 0.138403
 0.0885248 0.111015 0.111015 0.111015 0.111015
 0.110671 0.138788 0.138788 0.138788 0.138788
 0.0939705 0.117845 0.117845 0.117845 0.117845
 0.0853367 0.107017 0.107017 0.107017 0.107017
 0.110866 0.139032 0.139032 0.139032 0.139032
 0.123789 0.155239 0.155239 0.155239 0.155239
 0.0578017 0.0724868 0.0724868 0.0724868 0.0724868
YTP_r0W_actual
 50271.6 131359 17244.3 8116.4 11846.1
YTP_p0W_proyectada
 240902 156606 154743 23495.8 12495.2
 240902 201217 60085.9 56006.8 9401.4
CTP_r0_actual
 5845.53 5296.74 618.074 217.598 296.895
CTP_p0_proyectada
 31949.9 8974.58 6428.89 750.184 354.475
 31949.9 11531.1 2496.3 1788.21 266.706
Wmedp
 7.54 17.45 24.07 31.32 35.25
Frms_r0
 0.0578017 0.0724868 0.0724868 0.0724868 0.0724868
Zrms_r0
 1.0578 1.07249 1.07249 1.07249 1.07249
nmprior
 7.27 8.72 9 0
nm_flota  nm_reclas  nm_pelaces    nm_pelaL
inf 11.8081 19.1036 62.1673
cv_recla  cv_pelaces  cv_mph
0.352996 0.458041 0.878442
 ------------------------------------------------
Talla a la edad & desviaci?n 
 8 13.2811 15.8009 17.003 17.5766
 0.8 1.32811 1.58009 1.7003 1.75766
