years
 1991 1992 1993 1994 1995 1996 1997 1998 1999 2000 2001 2002 2003 2004 2005 2006 2007 2008 2009 2010 2011 2012 2013 2014 2015 2016 2017 2018 2019 2020 2021 2022
reclasobs
 0 0 0 0 0 0 0 0 0 252601 567819 844713 477998 351125 339783 2.1784e+06 2.13404e+06 4.81314e+06 1.55562e+06 2.62356e+06 3.21686e+06 3.843e+06 1.13348e+06 3.07943e+06 1.97215e+06 2.03268e+06 2.025e+06 2.42433e+06 2.27542e+06 1.05018e+06 2.36338e+06 3.18982e+06
reclaspred
 3.29684e+06 1.78622e+06 905571 905158 909512 1.60776e+06 865214 746575 526081 346922 502749 693548 673268 490506 482292 1.39454e+06 1.21455e+06 3.27937e+06 2.56401e+06 1.81738e+06 3.12703e+06 2.57295e+06 1.92914e+06 3.07898e+06 2.26112e+06 1.99649e+06 2.41812e+06 2.69558e+06 2.15708e+06 1.4434e+06 2.02228e+06 2.1862e+06
pelacesobs
 0 0 0 0 0 0 0 0 0 0 0 0 0 0 0 552880 188675 0 991730 2.46772e+06 1.41603e+06 1.21717e+06 2.29649e+06 1.80582e+06 0 1.4828e+06 1.56532e+06 1.57751e+06 1.42118e+06 867257 1.10002e+06 1.06204e+06
pelacespred
 1.86866e+06 1.09924e+06 538228 427703 475882 855829 403980 472938 299013 177449 280342 320856 346477 251904 256103 627270 580416 1.78595e+06 1.4384e+06 931149 1.60174e+06 1.36819e+06 1.0823e+06 1.86954e+06 1.33622e+06 1.19132e+06 1.60985e+06 1.60818e+06 1.21802e+06 921523 1.05208e+06 1.22157e+06
mphobs
 0 0 0 0 0 0 0 0 0 0 0 498337 0 5186 125008 0 168611 109162 213762 579715 649985 157893 87575 83554 0 0 0 0 0 0 0 0
mphpred
 509716 339098 161043 89677.5 94388.5 113617 157057 79840.6 73226.4 44726.6 26822.2 60853.5 65159.5 51733.5 30549.7 39643.4 155411 134375 328449 223974 229678 281184 271734 213403 311629 254059 207132 224927 335240 221848 142531 262346
desembarqueobs
 494567 514787 250237 358949 120608 361735 552515 73892 212993 205616 52469 317467 293654 387597 252695 516296 358380 742168 942051 627588 828172 859565 418607 520667 417249 300574 415391 372974 316634 284311 391294 218835
desembarquepred
 494567 514012 250568 358983 120613 361736 552514 73897.1 213052 205669 52471.5 317519 293677 387546 252659 516203 358403 741979 941677 627311 828246 859515 418601 520688 417229 300566 415377 372936 316611 284296 391237 218838
Reclutas
 163994 91249 93262.9 131192 107735 201793 77858.2 33123.7 32764.1 43784.9 82761.6 122190 100913 72015.7 64944.1 351933 68436.8 580973 313622 247734 340983 479862 91042 268924 227944 101741 225929 264230 83203.7 76667.5 214911 88604.2
log_desv_Rt
 0.227583 -0.358652 -0.336822 0.0044184 -0.192569 0.435 -0.517355 -1.37199 -1.38291 -1.09296 -0.45628 -0.0666663 -0.257984 -0.595361 -0.698718 0.991195 -0.646334 1.49246 0.875944 0.640111 0.959587 1.30125 -0.360924 0.722186 0.556857 -0.249815 0.547976 0.704577 -0.450952 -0.532767 0.497981 -0.388065
SSB
 1.89032e+06 1.25757e+06 597242 332577 350048 421357 582461 296096 271566 165872 99472.3 225680 241650 191858 113296 147021 576357 498341 1.21808e+06 830627 851782 1.04279e+06 1.00775e+06 791425 1.1557e+06 942200 768166 834159 1.24326e+06 822742 528589 972934
BT
 2.69256e+06 1.84116e+06 897277 838956 694404 1.41386e+06 991521 664445 588674 422238 410063 677143 710998 728488 589027 1.24858e+06 1.00656e+06 3.00728e+06 2.7272e+06 1.73373e+06 2.74338e+06 2.53564e+06 1.71005e+06 2.91027e+06 2.05888e+06 1.75828e+06 2.50423e+06 2.41824e+06 1.75922e+06 1.41937e+06 1.68704e+06 1.70169e+06
Ftot
 0.22432 0.41608 0.410168 0.645276 0.217327 0.391778 0.914589 0.160334 0.64226 0.925197 0.196492 0.761304 0.718221 1.26719 0.932084 0.709143 0.453639 0.423239 0.586974 0.560686 0.447254 0.558739 0.33103 0.300049 0.295641 0.237261 0.300333 0.248216 0.217416 0.30255 0.348102 0.156389
BD_Bspro_t
 0.964917 0.764915 0.551066 0.450818 0.436699 0.533137 0.533935 0.330771 0.388642 0.32212 0.276003 0.547991 0.426536 0.328199 0.216858 0.266207 0.467088 0.419278 0.569014 0.445497 0.406613 0.453471 0.473711 0.452428 0.578352 0.586965 0.593073 0.640114 0.707814 0.623658 0.556333 0.658642
BD_Bspro
 2.01062 1.3376 0.635248 0.35374 0.372324 0.44817 0.619526 0.314938 0.288848 0.176428 0.105802 0.240042 0.257027 0.204067 0.120506 0.156377 0.613034 0.530053 1.2956 0.883485 0.905986 1.10915 1.07188 0.841788 1.22925 1.00216 0.817049 0.887242 1.32238 0.875098 0.562226 1.03485
BD_Bo
 1.48402 0.987272 0.468871 0.261093 0.274809 0.330791 0.457267 0.232453 0.213196 0.13022 0.0780918 0.177173 0.18971 0.15062 0.0889443 0.11542 0.452475 0.391228 0.956269 0.652093 0.668701 0.818656 0.791144 0.621316 0.907297 0.739684 0.603057 0.654865 0.976038 0.645902 0.414974 0.763812
BD_Brms
 2.69822 1.79504 0.852493 0.474714 0.499652 0.601437 0.831394 0.422642 0.387629 0.236763 0.141985 0.322132 0.344926 0.273855 0.161717 0.209855 0.822681 0.711323 1.73867 1.18562 1.21582 1.48847 1.43844 1.12967 1.64963 1.34488 1.09647 1.19066 1.77461 1.17437 0.754498 1.38875
Sel_flota
 0.655179 0.973047 0.998544 0.999923 0.999996
 0.655179 0.973047 0.998544 0.999923 0.999996
 0.655179 0.973047 0.998544 0.999923 0.999996
 0.655179 0.973047 0.998544 0.999923 0.999996
 0.655179 0.973047 0.998544 0.999923 0.999996
 0.655179 0.973047 0.998544 0.999923 0.999996
 0.655179 0.973047 0.998544 0.999923 0.999996
 0.655179 0.973047 0.998544 0.999923 0.999996
 0.655179 0.973047 0.998544 0.999923 0.999996
 0.655179 0.973047 0.998544 0.999923 0.999996
 0.655179 0.973047 0.998544 0.999923 0.999996
 0.655179 0.973047 0.998544 0.999923 0.999996
 0.655179 0.973047 0.998544 0.999923 0.999996
 0.655179 0.973047 0.998544 0.999923 0.999996
 0.655179 0.973047 0.998544 0.999923 0.999996
 0.655179 0.973047 0.998544 0.999923 0.999996
 0.655179 0.973047 0.998544 0.999923 0.999996
 0.655179 0.973047 0.998544 0.999923 0.999996
 0.655179 0.973047 0.998544 0.999923 0.999996
 0.655179 0.973047 0.998544 0.999923 0.999996
 0.655179 0.973047 0.998544 0.999923 0.999996
 0.655179 0.973047 0.998544 0.999923 0.999996
 0.655179 0.973047 0.998544 0.999923 0.999996
 0.655179 0.973047 0.998544 0.999923 0.999996
 0.655179 0.973047 0.998544 0.999923 0.999996
 0.655179 0.973047 0.998544 0.999923 0.999996
 0.655179 0.973047 0.998544 0.999923 0.999996
 0.655179 0.973047 0.998544 0.999923 0.999996
 0.655179 0.973047 0.998544 0.999923 0.999996
 0.655179 0.973047 0.998544 0.999923 0.999996
 0.655179 0.973047 0.998544 0.999923 0.999996
 0.655179 0.973047 0.998544 0.999923 0.999996
Sel_reclas
 1 1 1 1 1
 1 1 1 1 1
 1 1 1 1 1
 1 1 1 1 1
 1 1 1 1 1
 1 1 1 1 1
 1 1 1 1 1
 1 1 1 1 1
 1 1 1 1 1
 1 1 1 1 1
 1 1 1 1 1
 1 1 1 1 1
 1 1 1 1 1
 1 1 1 1 1
 1 1 1 1 1
 1 1 1 1 1
 1 1 1 1 1
 1 1 1 1 1
 1 1 1 1 1
 1 1 1 1 1
 1 1 1 1 1
 1 1 1 1 1
 1 1 1 1 1
 1 1 1 1 1
 1 1 1 1 1
 1 1 1 1 1
 1 1 1 1 1
 1 1 1 1 1
 1 1 1 1 1
 1 1 1 1 1
 1 1 1 1 1
 1 1 1 1 1
Sel_pelaces
 0.882046 0.974116 0.994748 0.998952 0.999792
 0.882046 0.974116 0.994748 0.998952 0.999792
 0.882046 0.974116 0.994748 0.998952 0.999792
 0.882046 0.974116 0.994748 0.998952 0.999792
 0.882046 0.974116 0.994748 0.998952 0.999792
 0.882046 0.974116 0.994748 0.998952 0.999792
 0.882046 0.974116 0.994748 0.998952 0.999792
 0.882046 0.974116 0.994748 0.998952 0.999792
 0.882046 0.974116 0.994748 0.998952 0.999792
 0.882046 0.974116 0.994748 0.998952 0.999792
 0.882046 0.974116 0.994748 0.998952 0.999792
 0.882046 0.974116 0.994748 0.998952 0.999792
 0.882046 0.974116 0.994748 0.998952 0.999792
 0.882046 0.974116 0.994748 0.998952 0.999792
 0.882046 0.974116 0.994748 0.998952 0.999792
 0.882046 0.974116 0.994748 0.998952 0.999792
 0.882046 0.974116 0.994748 0.998952 0.999792
 0.882046 0.974116 0.994748 0.998952 0.999792
 0.882046 0.974116 0.994748 0.998952 0.999792
 0.882046 0.974116 0.994748 0.998952 0.999792
 0.882046 0.974116 0.994748 0.998952 0.999792
 0.882046 0.974116 0.994748 0.998952 0.999792
 0.882046 0.974116 0.994748 0.998952 0.999792
 0.882046 0.974116 0.994748 0.998952 0.999792
 0.882046 0.974116 0.994748 0.998952 0.999792
 0.882046 0.974116 0.994748 0.998952 0.999792
 0.882046 0.974116 0.994748 0.998952 0.999792
 0.882046 0.974116 0.994748 0.998952 0.999792
 0.882046 0.974116 0.994748 0.998952 0.999792
 0.882046 0.974116 0.994748 0.998952 0.999792
 0.882046 0.974116 0.994748 0.998952 0.999792
 0.882046 0.974116 0.994748 0.998952 0.999792
pf_obs 
 0.8446 0.082 0.0669 0.0065 0
 0.8095 0.147 0.0364 0.0071 0
 0.9664 0.0169 0.016 0.0007 0
 0.9276 0.0648 0.0075 0.0001 0
 0.7033 0.2144 0.0806 0.0017 0
 0.9318 0.0425 0.0243 0.0014 0
 0.5671 0.3108 0.0964 0.0239 0.0018
 0.0768 0.2599 0.5324 0.112 0.0189
 0.490249 0.384438 0.106611 0.0170017 0.00170017
 0.7925 0.1577 0.0466 0.003 0.0002
 0.840416 0.127587 0.0312969 0.00059994 9.999e-05
 0.8084 0.0986 0.0794 0.0134 0.0002
 0.7335 0.1905 0.0724 0.0035 0.0001
 0.4001 0.4547 0.1325 0.0127 0
 0.49795 0.308269 0.164784 0.0264974 0.00249975
 0.9179 0.0499 0.0305 0.0017 0
 0.2467 0.6533 0.0926 0.0074 0
 0.9418 0.0223 0.034 0.0019 0
 0.707729 0.231977 0.0356964 0.0245975 0
 0.517169 0.277429 0.184464 0.0207286 0.00020938
 0.811772 0.124168 0.05621 0.00726502 0.000585176
 0.764997 0.148141 0.077277 0.00933861 0.000247198
 0.163321 0.427699 0.378323 0.0303852 0.000271297
 0.753843 0.0900009 0.118128 0.0371064 0.000921714
 0.721811 0.176058 0.0630433 0.0369309 0.00215725
 0.143369 0.312575 0.442814 0.0836902 0.0175525
 0.692698 0.0596174 0.167031 0.0765114 0.00414204
 0.394062 0.376323 0.152708 0.0712218 0.00568511
 0.125707 0.32114 0.495352 0.0537591 0.00404204
 0.23352 0.215282 0.420074 0.123614 0.00750983
 0.796117 0.104755 0.0508955 0.0450114 0.00322123
 0.162477 0.292055 0.404252 0.121198 0.0200186
pf_pred 
 0.473439 0.145699 0.355685 0.0251762 9.04955e-07
 0.419561 0.337715 0.0685417 0.162684 0.0114983
 0.580744 0.224592 0.114792 0.0225817 0.0572901
 0.714922 0.196424 0.0481947 0.0238755 0.0165837
 0.65557 0.277919 0.0463345 0.0109778 0.00919815
 0.755263 0.181939 0.0509476 0.00825931 0.00359093
 0.457112 0.450797 0.069008 0.0187334 0.00434997
 0.463433 0.320161 0.180907 0.0266147 0.00888355
 0.551974 0.254112 0.116985 0.0643258 0.0126036
 0.736473 0.177772 0.0493945 0.0219519 0.0144081
 0.844069 0.129748 0.0178964 0.00477787 0.00350936
 0.749845 0.223041 0.022667 0.00304062 0.00140587
 0.693874 0.255992 0.0448802 0.00439427 0.000860255
 0.655693 0.273287 0.0597435 0.0100967 0.00117977
 0.767901 0.182271 0.0399282 0.00833058 0.00156842
 0.944388 0.0475235 0.00640667 0.00134799 0.000333465
 0.366632 0.611955 0.0183951 0.00239165 0.000626468
 0.913506 0.0414371 0.04358 0.00126894 0.000207839
 0.569317 0.406698 0.0116791 0.0119032 0.000402675
 0.608592 0.267661 0.11708 0.0032493 0.00341739
 0.734158 0.190951 0.0517561 0.02189 0.00124414
 0.750878 0.203176 0.0333012 0.00874355 0.00390155
 0.302569 0.579501 0.0967777 0.0153387 0.00581374
 0.737521 0.105718 0.130909 0.0212207 0.00463065
 0.614974 0.313668 0.0292492 0.0351738 0.00693497
 0.421017 0.411904 0.136866 0.0123957 0.0178174
 0.722089 0.146402 0.0943257 0.0304684 0.00671535
 0.683269 0.253994 0.0335135 0.0209699 0.00825341
 0.348584 0.499885 0.122211 0.0156735 0.0136461
 0.475677 0.235399 0.223162 0.0530533 0.0127085
 0.793115 0.121354 0.0390291 0.0359302 0.0105712
 0.453393 0.468708 0.0462752 0.0144431 0.0171804
pobs_RECLAS
 0 0 0 0 0
 0 0 0 0 0
 0 0 0 0 0
 0 0 0 0 0
 0 0 0 0 0
 0 0 0 0 0
 0 0 0 0 0
 0 0 0 0 0
 0 0 0 0 0
 0 0 0 0 0
 0.991045 0.00858322 0.000360255 1.14367e-05 0
 0.934742 0.0480273 0.0164251 0.00080598 0
 0.827803 0.169806 0.00239088 0 0
 0.941827 0.0461693 0.0120037 0 0
 0.791401 0.0380133 0.147996 0.0225897 0
 0.846168 0.0940531 0.0597789 0 0
 0.134021 0.677848 0.182769 0.00536245 0
 0.80878 0.0450904 0.141981 0.00414843 0
 0.846168 0.0940531 0.0597789 0 0
 0.905697 0.0802665 0.012482 0.00150086 5.37128e-05
 0.989698 0.0102097 9.19794e-05 0 0
 0.975433 0.0193895 0.00387452 0.00125025 5.28907e-05
 0.303575 0.632131 0.0575291 0.00676475 0
 0.966965 0.00978017 0.0227588 0.000495775 0
 0.843318 0.132988 0.00938335 0.0141283 0.000182051
 0.564624 0.303363 0.111486 0.0197234 0.00080311
 0.826376 0.0876187 0.0782897 0.00655872 0.00115652
 0.89761 0.0855135 0.0140674 0.00269457 0.000114338
 0.34875 0.467042 0.161289 0.0227151 0.000203297
 0.318654 0.224769 0.449479 0.00709798 0
 0.937255 0.0296025 0.0250945 0.00804832 0
 0.456809 0.399803 0.12412 0.0192676 0
ppred_RECLAS
 0.578146 0.118979 0.28288 0.0199946 7.18651e-07
 0.524216 0.28007 0.055324 0.131123 0.00926683
 0.678783 0.174282 0.0866999 0.0170309 0.0432044
 0.793947 0.143235 0.0341733 0.016904 0.0117404
 0.740946 0.210104 0.0341153 0.00807141 0.00676241
 0.823848 0.131863 0.0359418 0.00581828 0.00252944
 0.566795 0.361517 0.05374 0.0145658 0.00338195
 0.565692 0.261906 0.144156 0.0211782 0.0070684
 0.655072 0.198054 0.0886597 0.048678 0.00953692
 0.81364 0.126941 0.0342485 0.0151968 0.00997358
 0.890387 0.0916138 0.0123078 0.00328126 0.00240992
 0.821671 0.159492 0.0157522 0.00210983 0.000975427
 0.776847 0.18747 0.0319483 0.00312336 0.000611402
 0.752136 0.198013 0.0419469 0.00707716 0.00082687
 0.83749 0.128431 0.0273175 0.00569052 0.00107128
 0.96304 0.0317151 0.00415618 0.000873155 0.000215984
 0.466477 0.515957 0.015093 0.00195949 0.000513227
 0.941664 0.0283428 0.0290116 0.000843519 0.000138149
 0.667819 0.314174 0.00877512 0.00893022 0.000302078
 0.704018 0.20417 0.0868726 0.0024074 0.00253174
 0.807638 0.139241 0.036728 0.0155113 0.000881534
 0.821236 0.146542 0.0233639 0.00612537 0.00273305
 0.39551 0.504551 0.0820349 0.0129835 0.00492069
 0.810655 0.0774909 0.0934303 0.0151237 0.00329996
 0.706472 0.240336 0.0218216 0.0262044 0.00516615
 0.522957 0.341984 0.110665 0.0100085 0.0143851
 0.797824 0.107869 0.06767 0.0218272 0.00481044
 0.764481 0.189877 0.0243981 0.0152447 0.00599961
 0.445969 0.427775 0.101855 0.0130445 0.0113563
 0.579978 0.191382 0.176657 0.0419377 0.0100451
 0.853482 0.0869234 0.0272155 0.0250188 0.00736033
 0.554015 0.383874 0.0369179 0.0115065 0.0136862
pobs_PELACES
 0 0 0 0 0
 0 0 0 0 0
 0 0 0 0 0
 0 0 0 0 0
 0 0 0 0 0
 0 0 0 0 0
 0 0 0 0 0
 0 0 0 0 0
 0 0 0 0 0
 0 0 0 0 0
 0 0 0 0 0
 0 0 0 0 0
 0 0 0 0 0
 0 0 0 0 0
 0 0 0 0 0
 0 0 0 0 0
 0.505614 0.472636 0.0217494 0 0
 0 0 0 0 0
 0.443492 0.261883 0.143347 0.151278 0
 0.227955 0.32914 0.350689 0.0885471 0.00366901
 0.970185 0.0296113 0.000203453 0 0
 0.997202 0.00247181 0.000326279 0 0
 0.445219 0.490057 0.0546422 0.010081 0
 0.90214 0.0892962 0.00764917 0.000914606 0
 0 0 0 0 0
 0.581667 0.319106 0.0959925 0.00289975 0.000334073
 0.762889 0.0836404 0.116647 0.0363945 0.000428098
 0.88444 0.0763242 0.0277011 0.0115352 0
 0.521256 0.241999 0.230069 0.00667565 0
 0.616807 0.101726 0.260614 0.0208532 0
 0.833518 0.0704572 0.0857862 0.0102388 0
 0.697417 0.212968 0.0787535 0.0105354 0.000325836
ppred_PELACES
 0.556134 0.123456 0.299176 0.0212337 7.63822e-07
 0.508215 0.287057 0.0577028 0.137313 0.00971236
 0.664408 0.180464 0.0913607 0.018019 0.0457488
 0.787835 0.146695 0.0355466 0.0176524 0.0122703
 0.725219 0.221991 0.0367417 0.00872865 0.00731917
 0.814538 0.138184 0.038336 0.00623096 0.0027111
 0.56539 0.36183 0.0545047 0.0148293 0.00344595
 0.543318 0.273172 0.153334 0.0226201 0.00755598
 0.646148 0.201691 0.0917032 0.050547 0.00991127
 0.812574 0.127058 0.0347348 0.0154712 0.010162
 0.882113 0.0981916 0.0134487 0.00360023 0.0026464
 0.818566 0.162006 0.0162351 0.00218294 0.00101006
 0.772234 0.190874 0.0330171 0.00324043 0.000634842
 0.75795 0.192943 0.041296 0.00699275 0.000817669
 0.836884 0.128533 0.0277 0.00579213 0.0010913
 0.962061 0.0324816 0.00432093 0.000911309 0.000225607
 0.453489 0.528206 0.0157185 0.00204889 0.000537089
 0.938051 0.0298271 0.0310667 0.000906916 0.000148656
 0.659179 0.322027 0.00913974 0.0093381 0.000316136
 0.694426 0.209706 0.0906891 0.00252314 0.00265566
 0.798547 0.145076 0.0389307 0.0165078 0.000938941
 0.81471 0.151412 0.0245361 0.00645823 0.00288395
 0.37944 0.516332 0.0854899 0.0135854 0.00515312
 0.798205 0.0816544 0.100282 0.0162992 0.0035594
 0.6913 0.251792 0.0232879 0.0280796 0.00554047
 0.502963 0.354312 0.116849 0.0106113 0.0152642
 0.785121 0.113596 0.0725886 0.0235094 0.00518549
 0.750274 0.20051 0.0262552 0.0164726 0.00648825
 0.426036 0.441135 0.107065 0.0137683 0.0119964
 0.560832 0.197997 0.186159 0.0443742 0.0106375
 0.844366 0.091566 0.0291907 0.0269437 0.00793322
 0.532704 0.401003 0.0393303 0.0123093 0.0146534
pobs_pel_tallas
 0 0 0 0 0 0 0 0 0 0 0 0 0 0 0 0 0 0 0 0 0 0 0 0 0 0
 0 0 0 0 0 0 0 0 0 0 0 0 0 0 0 0 0 0 0 0 0 0 0 0 0 0
 0 0 0 0 0 0 0 0 0 0 0 0 0 0 0 0 0 0 0 0 0 0 0 0 0 0
 0 0 0 0 0 0 0 0 0 0 0 0 0 0 0 0 0 0 0 0 0 0 0 0 0 0
 0 0 0 0 0 0 0 0 0 0 0 0 0 0 0 0 0 0 0 0 0 0 0 0 0 0
 0 0 0 0 0 0 0 0 0 0 0 0 0 0 0 0 0 0 0 0 0 0 0 0 0 0
 0 0 0 0 0 0 0 0 0 0 0 0 0 0 0 0 0 0 0 0 0 0 0 0 0 0
 0 0 0 0 0 0 0 0 0 0 0 0 0 0 0 0 0 0 0 0 0 0 0 0 0 0
 0 0 0 0 0 0 0 0 0 0 0 0 0 0 0 0 0 0 0 0 0 0 0 0 0 0
 0 0 0 0 0 0 0 0 0 0 0 0 0 0 0 0 0 0 0 0 0 0 0 0 0 0
 0 0 0 0 0 0 0 0 0 0 0 0 0 0 0 0 0 0 0 0 0 0 0 0 0 0
 0 0 0 0 0 0 0 0 0 0 0 0 0 0 0 0 0 0 0 0 0 0 0 0 0 0
 0.00862536 0 0 0.000197151 0.00414017 0.0128641 0.00837892 0.0270097 0.101434 0.158115 0.152841 0.127902 0.109271 0.109419 0.0830992 0.0579132 0.0238553 0.00714673 0.00463305 0.00128148 0.00103504 0.000492878 0.000147863 0.000147863 4.92878e-05 0
 0 0 0 0 0 0 0 0 0 0 0 0 0 0 0 0 0 0 0 0 0 0 0 0 0 0
 0 0 0 0 0 0 0 0.0054083 0.00873648 0.0413646 0.0450493 0.0745869 0.0622846 0.0627006 0.0613931 0.0827291 0.12552 0.122667 0.0946155 0.0697135 0.0546179 0.0294188 0.0215738 0.0213955 0.0102223 0.00600262
 0 0 0 0 0.00359764 0.0251062 0.0480494 0.140153 0.205849 0.193036 0.1447 0.116669 0.0760912 0.0342217 0.00950174 0.001854 0.000860785 0 0 0 0.000165536 0 0.000143464 0 0 0
 0 0 0 0 0 0 0 0.000145254 0.000435761 0.0275982 0.070085 0.0708112 0.156366 0.174668 0.174014 0.160142 0.0824315 0.0480064 0.0283245 0.00493863 0.00203355 0 0 0 0 0
 0 0 0 0 0 0 0 0 0 0 0 0 0 0 0 0 0 0 0 0 0 0 0 0 0 0
 0 0 1.00437e-05 0.000401748 0.00122533 0.00171747 0.00176769 0.0269171 0.070346 0.194647 0.189555 0.159765 0.064822 0.0314167 0.0384472 0.0292271 0.0345202 0.0313363 0.0194345 0.0106764 0.0143323 0.0359363 0.0279516 0.0138201 0.00172751 0
 0 0.0021121 0.0136068 0.0755702 0.200478 0.177729 0.0527432 0.0373336 0.0318909 0.0142505 0.0149659 0.0166563 0.0217959 0.0798694 0.0677717 0.0528807 0.04013 0.0224614 0.0357745 0.0225083 0.00881397 0.00855152 0.00135912 0.000746735 0 0
 0 0 0 0 5.4009e-05 0.00500934 0.000945158 0.0243581 0.138947 0.33067 0.221406 0.137944 0.0707744 0.0437923 0.0131692 0.00525238 0.0047753 0.00276346 9.45158e-05 9.00151e-06 2.25038e-05 9.00151e-06 4.50075e-06 0 0 0
 0.000866109 0.00284123 0.00948549 0.0512746 0.133035 0.25785 0.225252 0.132002 0.0553304 0.0519788 0.0540692 0.017754 0.00435017 0.00159236 0.00146478 0.000404838 0.000125132 0.000115318 0.000107957 0.000100596 0 0 0 0 0 0
 0 0 0 0 0.00144013 0.00171154 0.00461396 0.0210425 0.0478622 0.0707936 0.0888783 0.103762 0.0637923 0.0337046 0.0602308 0.124433 0.169614 0.0934646 0.0462172 0.0250306 0.0313229 0.00938855 0.002487 0.000210481 0 0
 0 0.00764035 0.051015 0.0998891 0.058973 0.0496711 0.0374665 0.0718981 0.12319 0.153886 0.159021 0.0857701 0.0377988 0.023471 0.0147837 0.00900784 0.00315554 0.000888139 0.00291439 0.00214683 0.00393193 0.00274676 0.000635225 9.99891e-05 0 0
 0 0 0 0 0 0 0 0 0 0 0 0 0 0 0 0 0 0 0 0 0 0 0 0 0 0
 0 0 0 0 0 0 0 0 0 0 0 0 0 0 0 0 0 0 0 0 0 0 0 0 0 0
 0 0 0 0 0 0 0 0 0 0 0 0 0 0 0 0 0 0 0 0 0 0 0 0 0 0
 0 0 0 0 0 0 0 0 0 0 0 0 0 0 0 0 0 0 0 0 0 0 0 0 0 0
 0 0 0 0 0 0 0 0 0 0 0 0 0 0 0 0 0 0 0 0 0 0 0 0 0 0
 0 0 0 0 0 0 0 0 0 0 0 0 0 0 0 0 0 0 0 0 0 0 0 0 0 0
 0 0 0 0 0 0 0 0 0 0 0 0 0 0 0 0 0 0 0 0 0 0 0 0 0 0
 0 0 0 0 0 0 0 0 0 0 0 0 0 0 0 0 0 0 0 0 0 0 0 0 0 0
ppred_pel_tallas
 1.10795e-16 4.5808e-05 0.00044527 0.00295898 0.0134511 0.0418514 0.0891693 0.130148 0.13016 0.0892298 0.0420558 0.0140471 0.00447627 0.00382738 0.00667334 0.0114915 0.0177845 0.02493 0.0322284 0.0392053 0.0456195 0.0510978 0.0548023 0.0555875 0.0526362 0.0460774
 1.17153e-16 4.18611e-05 0.000406904 0.00270402 0.0122921 0.0382455 0.0814871 0.118939 0.118966 0.0816227 0.038701 0.0136088 0.00601345 0.00764627 0.0138368 0.0229373 0.0333607 0.0426861 0.048534 0.049963 0.0480801 0.0452508 0.0435121 0.0434142 0.0440117 0.0437385
 1.12232e-16 5.47264e-05 0.00053196 0.00353506 0.0160699 0.0499995 0.10653 0.155487 0.155505 0.106616 0.0502873 0.0169026 0.00563102 0.00512668 0.00883808 0.0146763 0.021498 0.0278097 0.0321339 0.0338286 0.0334466 0.0322666 0.0313781 0.0310597 0.0308308 0.0299577
 1.04911e-16 6.4893e-05 0.000630783 0.00419178 0.0190552 0.0592879 0.12632 0.18437 0.184384 0.126389 0.0595205 0.0197274 0.00588066 0.00432283 0.00709235 0.0116643 0.0168979 0.0214705 0.0240868 0.0241717 0.0222085 0.0193857 0.016838 0.0150783 0.0139561 0.0130047
 1.03232e-16 5.97354e-05 0.000580649 0.00385862 0.0175407 0.0545759 0.11628 0.169719 0.169741 0.116385 0.0549271 0.0185554 0.00640603 0.00614333 0.0106293 0.0174911 0.0252225 0.0317865 0.0351477 0.034371 0.0301705 0.0244085 0.0189612 0.014838 0.0120645 0.0101365
 1.02226e-16 6.70924e-05 0.000652162 0.00433385 0.0197011 0.0612974 0.130601 0.190619 0.190632 0.130666 0.0615165 0.0203344 0.00592503 0.00413049 0.00668706 0.0109854 0.0159033 0.0201758 0.0225555 0.0224587 0.0202902 0.0171282 0.0140365 0.0115544 0.00966284 0.00808596
 1.03736e-16 4.65705e-05 0.000452682 0.00300823 0.013675 0.0425482 0.0906547 0.132321 0.132355 0.0908251 0.0431205 0.0153281 0.007158 0.0095127 0.0172562 0.0284624 0.0410154 0.0516177 0.056934 0.0554217 0.0482374 0.038428 0.0290857 0.0219104 0.0170079 0.0136176
 1.08042e-16 4.47525e-05 0.00043501 0.0028908 0.0131412 0.0408872 0.0871154 0.127153 0.12718 0.087245 0.0413229 0.0144022 0.00606505 0.00739368 0.0133463 0.0222171 0.0325221 0.0419869 0.0482872 0.0503021 0.048672 0.0451428 0.0412793 0.0376307 0.0338636 0.0294743
 1.09445e-16 5.32224e-05 0.00051734 0.00343791 0.0156282 0.0486254 0.103602 0.151215 0.151234 0.103698 0.0489467 0.0165579 0.00577728 0.00564354 0.00984624 0.0163461 0.0239049 0.0308376 0.0354657 0.0370413 0.0361543 0.0342119 0.0324249 0.0311246 0.0298382 0.0278678
 1.04307e-16 6.69307e-05 0.00065059 0.0043234 0.0196535 0.0611495 0.130286 0.190159 0.190171 0.130346 0.0613511 0.0202362 0.00578761 0.00385241 0.00616405 0.010128 0.0146876 0.0186956 0.0210349 0.0212067 0.0196198 0.0172826 0.0151517 0.0136484 0.0126338 0.0117135
 1.01223e-16 7.26585e-05 0.000706267 0.00469339 0.0213355 0.0663826 0.141436 0.206431 0.206441 0.141482 0.0665379 0.0217839 0.00581911 0.00316373 0.00473987 0.00772118 0.0111164 0.0139814 0.0154076 0.0149791 0.0130165 0.0103564 0.00784805 0.00595749 0.00470919 0.00388232
 1.009e-16 6.74242e-05 0.000655388 0.00435528 0.0197985 0.0616005 0.131247 0.191562 0.191578 0.131323 0.0618565 0.0205376 0.00620995 0.00470222 0.00774743 0.0126863 0.018233 0.0228524 0.0250273 0.0240556 0.0204657 0.0156617 0.0110934 0.00759577 0.0052749 0.00381326
 1.01435e-16 6.36079e-05 0.000618292 0.00410877 0.0186779 0.0581139 0.123818 0.18072 0.180739 0.123908 0.0584159 0.0195502 0.00629889 0.00540051 0.00914917 0.0150329 0.0216673 0.0272817 0.0301104 0.0293273 0.025522 0.020278 0.01521 0.0112187 0.00839102 0.00637743
 1.02081e-16 6.24314e-05 0.000606856 0.00403277 0.0183324 0.057039 0.121528 0.177378 0.177397 0.121619 0.0573445 0.0192152 0.00624982 0.00545009 0.00927053 0.0152529 0.0220256 0.0278198 0.0308694 0.0303483 0.0268405 0.0219071 0.0171189 0.0133188 0.0105447 0.00842829
 1.01598e-16 6.8933e-05 0.000670054 0.00445274 0.0202415 0.062979 0.134184 0.195848 0.19586 0.134244 0.0631826 0.0208297 0.00592988 0.00389707 0.00620475 0.0101671 0.0146826 0.0185533 0.0206045 0.0202894 0.0179997 0.0147756 0.0116593 0.00920337 0.00742032 0.00605206
 1.00263e-16 7.92437e-05 0.000770277 0.00511876 0.0232691 0.0723989 0.154254 0.225138 0.225142 0.154269 0.0724503 0.0234175 0.00549104 0.00158288 0.00162227 0.00255582 0.00367235 0.00461415 0.00507552 0.00491664 0.00424176 0.0033271 0.00245511 0.0017843 0.00132938 0.0010249
 1.00886e-16 3.73534e-05 0.000363089 0.00241285 0.0109685 0.0341274 0.0727139 0.106139 0.10619 0.0729621 0.0349606 0.0133739 0.00844595 0.0135176 0.0249734 0.0411043 0.0589204 0.073486 0.0797965 0.0755438 0.062523 0.0454935 0.0294413 0.0173428 0.00969751 0.00546618
 1.01021e-16 7.7266e-05 0.000751053 0.00499101 0.0226884 0.0705921 0.150404 0.21952 0.219523 0.150418 0.0706401 0.0228277 0.00534252 0.00152492 0.00156601 0.00251601 0.00373125 0.00492862 0.00586696 0.00641984 0.00661929 0.00658251 0.00638984 0.00602823 0.00543969 0.00461214
 1.01337e-16 5.42957e-05 0.000527774 0.00350724 0.0159434 0.0496061 0.105692 0.154267 0.154298 0.105844 0.0501142 0.0174101 0.00718599 0.0085494 0.0152621 0.0250758 0.0359549 0.044875 0.0487977 0.0463325 0.0385882 0.0284692 0.0189975 0.0119457 0.00755873 0.0051425
 1.03374e-16 5.7199e-05 0.000555995 0.00369478 0.016796 0.0522586 0.111343 0.162513 0.162533 0.111442 0.0525921 0.0177605 0.00612039 0.00586563 0.0101834 0.0168543 0.0245267 0.0313646 0.0355099 0.0360612 0.0335419 0.0294211 0.0251165 0.0212993 0.0179167 0.0146716
 1.02976e-16 6.57753e-05 0.000639359 0.00424877 0.0193143 0.060094 0.128037 0.186877 0.186891 0.128106 0.0603241 0.0199793 0.00591966 0.00429233 0.00701941 0.0115426 0.0167211 0.0212392 0.0238009 0.0238102 0.0217067 0.0186262 0.0156689 0.0133595 0.0116189 0.0100982
 1.01883e-16 6.71066e-05 0.0006523 0.00433476 0.0197052 0.0613103 0.130629 0.190659 0.190674 0.1307 0.0615498 0.0203972 0.006072 0.00444565 0.00727418 0.0119269 0.0171923 0.0216571 0.0239285 0.0233646 0.0204494 0.0164517 0.0126536 0.00975043 0.00777067 0.00638447
 1.04834e-16 3.12541e-05 0.000303801 0.00201886 0.00917749 0.0285549 0.060841 0.0888096 0.0888594 0.0610842 0.0293717 0.0115371 0.00794265 0.0132382 0.024604 0.0406461 0.0585951 0.0737774 0.0814335 0.0793471 0.069139 0.0551179 0.0416651 0.0312021 0.0239154 0.018787
 1.05152e-16 6.57471e-05 0.000639085 0.00424695 0.019306 0.0600682 0.127982 0.186795 0.186803 0.128021 0.0602003 0.0196894 0.00521613 0.00277764 0.00419421 0.00700478 0.0104927 0.0140486 0.0170745 0.0192621 0.0206939 0.0216208 0.0221267 0.0220011 0.0209206 0.0187492
 1.04491e-16 5.69415e-05 0.000553492 0.00367815 0.0167203 0.0520233 0.110842 0.161782 0.161807 0.110961 0.0524213 0.0178696 0.00656252 0.00684885 0.0120098 0.0197576 0.0284441 0.0357553 0.0393855 0.0383049 0.0333897 0.0268408 0.0208611 0.0166116 0.0140503 0.012463
 1.0711e-16 4.14284e-05 0.000402699 0.00267608 0.0121651 0.0378503 0.0806453 0.117711 0.117746 0.0808127 0.0384128 0.0137911 0.00676253 0.00934019 0.0170644 0.0282732 0.0410227 0.052209 0.0586722 0.0589254 0.053975 0.0465068 0.0391394 0.0331513 0.0284316 0.0242717
 1.0536e-16 6.46694e-05 0.000628609 0.00417733 0.0189895 0.0590836 0.125884 0.183734 0.183745 0.125938 0.0592652 0.0195154 0.00550188 0.00353567 0.0056316 0.00932849 0.0137158 0.0178476 0.0207972 0.0221334 0.0221302 0.0214737 0.0207204 0.0199629 0.0189199 0.0172754
 1.03559e-16 6.17991e-05 0.000600709 0.00399193 0.0181467 0.0564613 0.120298 0.175582 0.175601 0.120392 0.0567784 0.0190627 0.00629115 0.00562045 0.00959697 0.0157734 0.0227312 0.028623 0.0316154 0.0308812 0.0270956 0.0219756 0.0172399 0.0137937 0.0116145 0.0101721
 1.06614e-16 3.50921e-05 0.000341107 0.00226678 0.0103045 0.0320613 0.0683116 0.0997117 0.0997542 0.0685197 0.0327604 0.0123245 0.00734058 0.0114284 0.0211247 0.0349532 0.0505467 0.0639779 0.0712466 0.0704838 0.0630166 0.0523689 0.0420539 0.033906 0.0279296 0.0232323
 1.11674e-16 4.6195e-05 0.000449032 0.00298398 0.0135647 0.042205 0.089923 0.131249 0.131269 0.0900176 0.0425235 0.0144881 0.00531431 0.00557816 0.00991081 0.0166351 0.0247176 0.0326766 0.0389976 0.0429443 0.0448636 0.0456546 0.0458848 0.0453436 0.0433475 0.0394123
 1.04911e-16 6.95494e-05 0.000676045 0.00449255 0.0204225 0.063542 0.135383 0.197598 0.197607 0.135427 0.0636876 0.0208433 0.00555074 0.00299231 0.0044874 0.00735937 0.0107183 0.0137493 0.0156825 0.0161936 0.0155947 0.014594 0.0138128 0.0134418 0.0132466 0.0128285
 1.04952e-16 4.38782e-05 0.000426512 0.00283432 0.0128844 0.0400885 0.0854142 0.124673 0.124711 0.085603 0.0407221 0.0147142 0.00742606 0.0104465 0.0190629 0.0314177 0.0451913 0.0567031 0.0622368 0.0600974 0.0516363 0.0403558 0.0298322 0.022062 0.0171792 0.0142378
pSPR Fmed_Fpbrs
0.571796   0.6 0.325
Fs Fmed_Fpbrs
0.341307   0.308779 0.769172
SSBpbr Bo_Bmed_Bpbrs
1.27379e+06  664657  700583 350291
Ro
130614
SPR SPRFo_SPRFmed_SPRFpbrs
940171 537586 305556
Fref
0.308779
Nvult_r0
 59183 43053.1 4156.39 1295.72 1541.19
CTP_r0
 5500.46 5686.26 561.4 175.221 208.429
YTP_r0
218838
Np
 145031 43582 8014.56 5374.43 654.916
Nvult_p0
 101449 31709.9 5848.46 3922.5 477.991
CTP_p0
 17070.3 4945.78 3419.74 328.626 134.645
 17070.3 7326.25 1378.29 925.377 112.772
YTP_p0
 312366 322687
CBA_c0
278822
log_Ro
11.6
likeval ReclasPelacesDesembMPH_pf_preclas_ppelaces_ptallas_desvR_qrecl_qpela
 12.9544 17.0054 0.0238102 0.000820658 231.353 126.76 113.359 0 23.6453 7.0638e-06 2.2152e-05 0.111132 7.35109e-16 0 0
q_reclas_q_pelaces
1.45625 1.94568
M
1
N
 163994 34973.9 83390.5 5895.16 0.211887
 91249 52084 10343.2 24521.3 1733.02
 93262.9 25558.9 12781.4 2511.44 6371.15
 131192 26224.4 6308.34 3121.84 2168.28
 107735 31623.2 5149.02 1218.4 1020.81
 201793 34373.5 9416.12 1524.7 662.857
 77858.2 57429.6 8637.12 2342.49 543.909
 33123.7 15731.6 8676.54 1274.83 425.487
 32764.1 10970.4 4951.34 2719.7 532.852
 43784.9 7913.24 2160.32 959.189 629.532
 82761.6 8785.65 1183.27 315.5 231.721
 122190 26768.5 2669.59 357.747 165.4
 100913 27297.3 4694.74 459.199 89.8913
 72015.7 23189.5 4992.45 843.047 98.5031
 64944.1 11549.6 2485.98 518.189 97.5562
 351933 12972.7 1715.47 360.573 89.1937
 68436.8 81355.2 2393.64 310.857 81.4208
 580973 18703.2 19248.1 559.808 91.6852
 313622 161969 4557.91 4640.35 156.97
 247734 78540.6 33658.1 933.089 981.304
 340983 63118 16744 7073.7 402.016
 479862 93578.5 15026.4 3941.01 1758.46
 91042 122416 19987.8 3164.14 1199.21
 268924 26962.2 32632.8 5283.41 1152.84
 227944 81275.5 7407.37 8896.92 1754.03
 101741 69089.6 22424.9 2028.44 2915.46
 225929 32039.9 20176.9 6509.46 1434.62
 264230 68268.5 8799.93 5499.42 2164.34
 83203.7 82615.3 19725.7 2526.64 2199.65
 76667.5 26545.1 24597.4 5840.54 1398.97
 214911 23132.8 7275.05 6689.44 1968.01
 88604.2 62938.4 6065 1890.53 2248.67
pred_Ctot
 14339.8 4413 10773.2 762.552 0.0274098
 14071.6 11326.5 2298.8 5456.24 385.638
 14199.6 5491.44 2806.73 552.139 1400.78
 29586.5 8128.88 1994.5 988.068 686.304
 9143.84 3876.39 646.269 153.118 128.295
 29487.1 7103.29 1989.1 322.461 140.197
 23278.5 22957 3514.25 954.004 221.523
 2105.93 1454.87 822.077 120.942 40.3685
 7360.04 3388.33 1559.88 857.722 168.057
 13208.7 3188.37 885.897 393.71 258.411
 6386.26 981.676 135.405 36.1496 26.552
 31579.9 9393.42 954.625 128.056 59.2084
 24870.7 9175.57 1608.65 157.505 30.8343
 27428.7 11432 2499.17 422.363 49.3517
 19704.7 4677.16 1024.57 213.766 40.2464
 85834.4 4319.36 582.295 122.517 30.3083
 11394.8 19019.4 571.714 74.332 19.4705
 90964.4 4126.19 4339.57 126.357 20.696
 65295.2 46644.3 1339.48 1365.18 46.1829
 49598.6 21813.6 9541.7 264.809 278.508
 56067.7 14583 3952.62 1671.74 95.0147
 95786.8 25918.4 4248.12 1115.38 497.706
 11420.9 21874.1 3653.01 578.98 219.448
 30828.6 4419.07 5472.05 887.032 193.563
 25776.9 13147.5 1225.99 1474.32 290.682
 9377.24 9174.26 3048.4 276.087 396.844
 25922.3 5255.69 3386.21 1093.79 241.075
 25404 9443.5 1246.03 779.664 306.862
 7064.49 10130.8 2476.76 317.644 276.555
 8856.33 4382.76 4154.92 987.768 236.612
 28223.4 4318.46 1388.87 1278.6 376.182
 5500.46 5686.26 561.4 175.221 208.429
F
 0.14697 0.218274 0.223993 0.224303 0.224319
 0.272607 0.404865 0.415474 0.416048 0.416078
 0.268733 0.399113 0.409571 0.410137 0.410167
 0.422771 0.627883 0.644336 0.645226 0.645273
 0.142388 0.21147 0.217011 0.217311 0.217326
 0.256684 0.381218 0.391207 0.391748 0.391776
 0.599219 0.889938 0.913258 0.914519 0.914585
 0.105047 0.156012 0.1601 0.160322 0.160333
 0.420795 0.624949 0.641325 0.642211 0.642257
 0.606169 0.900259 0.92385 0.925126 0.925193
 0.128738 0.191196 0.196206 0.196477 0.196492
 0.49879 0.740784 0.760196 0.761246 0.761301
 0.470563 0.698862 0.717175 0.718166 0.718218
 0.830233 1.23303 1.26534 1.26709 1.26718
 0.610681 0.906961 0.930727 0.932012 0.93208
 0.464615 0.690029 0.708111 0.709088 0.70914
 0.297214 0.441412 0.452978 0.453604 0.453637
 0.277297 0.411831 0.422623 0.423207 0.423237
 0.384573 0.571153 0.58612 0.586929 0.586972
 0.36735 0.545574 0.55987 0.560643 0.560684
 0.293031 0.435199 0.446603 0.44722 0.447253
 0.366074 0.54368 0.557926 0.558697 0.558737
 0.216884 0.322108 0.330549 0.331005 0.331029
 0.196585 0.291961 0.299612 0.300026 0.300048
 0.193698 0.287672 0.29521 0.295618 0.29564
 0.155448 0.230866 0.236916 0.237243 0.23726
 0.196772 0.292238 0.299896 0.30031 0.300332
 0.162626 0.241526 0.247855 0.248197 0.248215
 0.142446 0.211556 0.217099 0.217399 0.217415
 0.198224 0.294396 0.30211 0.302527 0.302549
 0.228069 0.338719 0.347595 0.348075 0.3481
 0.102463 0.152174 0.156162 0.156377 0.156389
YTP_r0W_actual
 47304 141019 15663 6535.74 8316.32
YTP_p0W_proyectada
 128710 86303.9 82313.1 10292.6 4746.22
 128710 127843 33175.4 28982.8 3975.2
CTP_r0_actual
 5500.46 5686.26 561.4 175.221 208.429
CTP_p0_proyectada
 17070.3 4945.78 3419.74 328.626 134.645
 17070.3 7326.25 1378.29 925.377 112.772
Wmedp
 7.54 17.45 24.07 31.32 35.25
Frms_r0
 0.102463 0.152174 0.156162 0.156377 0.156389
Zrms_r0
 1.10246 1.15217 1.15616 1.15638 1.15639
nmprior
 7.27 8.72 9 0
nm_flota  nm_reclas  nm_pelaces    nm_pelaL
inf 13.9252 19.0638 61.9859
cv_recla  cv_pelaces  cv_mph
0.318406 0.451735 0.88407
 ------------------------------------------------
Talla a la edad & desviaci?n 
 8 13.2811 15.8009 17.003 17.5766
 0.8 1.32811 1.58009 1.7003 1.75766
