years
 1991 1992 1993 1994 1995 1996 1997 1998 1999 2000 2001 2002 2003 2004 2005 2006 2007 2008 2009 2010 2011 2012 2013 2014 2015 2016 2017 2018 2019 2020 2021 2022
reclasobs
 0 0 0 0 0 0 0 0 0 252601 567819 844713 477998 351125 339783 2.1784e+06 2.13404e+06 4.81314e+06 1.55562e+06 2.62356e+06 3.21686e+06 3.843e+06 1.13348e+06 3.07943e+06 1.97215e+06 2.03268e+06 2.025e+06 2.42433e+06 2.27542e+06 1.05018e+06 2.36338e+06 3.18982e+06
reclaspred
 8.86457e+06 2.44671e+06 1.10124e+06 923814 217550 3.34581e+06 1.74326e+06 588873 950631 254313 387661 829084 733051 566899 415947 1.83199e+06 931937 4.26282e+06 2.96055e+06 2.15504e+06 3.03548e+06 3.23373e+06 1.79487e+06 3.20995e+06 2.50998e+06 1.71588e+06 2.13872e+06 3.25797e+06 2.74386e+06 1.08921e+06 1.82399e+06 1.59035e+06
pelacesobs
 0 0 0 0 0 0 0 0 0 0 0 0 0 0 0 552880 188675 0 991730 2.46772e+06 1.41603e+06 1.21717e+06 2.29649e+06 1.80582e+06 0 1.4828e+06 1.56532e+06 1.57751e+06 1.42118e+06 867257 1.10002e+06 1.06204e+06
pelacespred
 7.79916e+06 1.95379e+06 615002 364934 85940 2.01017e+06 929929 448847 538657 91636.2 217083 360381 348572 252785 182028 825065 404237 2.4788e+06 1.61035e+06 1.02007e+06 1.529e+06 1.63936e+06 987993 2.06935e+06 1.56507e+06 1.06142e+06 1.46346e+06 2.07412e+06 1.79281e+06 703328 901954 935108
mphobs
 0 0 0 0 0 0 0 0 0 0 0 498337 0 5186 125008 0 168611 109162 213762 579715 649985 157893 87575 83554 0 0 0 0 0 0 0 0
mphpred
 1.76768e+06 704073 116419 138661 62460.3 12378.7 504862 117178 44614.3 88986 9599.23 56412.2 78141.9 47469.2 27702.3 29286.9 228430 64038.5 545849 218569 274051 269427 385889 150009 391968 293440 149452 231077 524656 228309 79244.8 285673
desembarqueobs
 494567 514787 250237 358949 120608 361735 552515 73892 212993 205616 52469 317467 293654 387597 252695 516296 358380 742168 942051 627588 828172 859565 418607 520667 417249 300574 415391 372974 316634 284311 391294 218835
desembarquepred
 494500 514417 250004 358510 120508 361546 551851 73866.2 212826 205382 52451.3 317134 293279 386889 252354 515720 358047 741404 940255 626361 827528 858439 418139 520291 416756 300243 414979 372647 316261 283764 390844 218769
Reclutas
 14142.8 9138.39 163227 59309.9 9072.89 287197 11856.9 3484.66 50206.5 12750.3 36781.7 107228 74633.1 69015.1 42363.9 250685 15763.6 424987 182399 215348 190186 407205 21498.7 165457 136136 33569.9 122889 165690 32251 32042.4 122324 12639.8
log_desv_Rt
 -1.40206 -1.83878 1.04387 0.0315126 -1.84597 1.60891 -1.57835 -2.80289 -0.13512 -1.50571 -0.446263 0.623694 0.26132 0.183061 -0.304968 1.47293 -1.29356 2.00079 1.15493 1.32099 1.19674 1.95805 -0.983273 1.05745 0.862389 -0.537635 0.760017 1.05885 -0.577715 -0.584204 0.755409 -1.51441
SSB
 1.67056e+06 665391 110023 131042 59028.6 11698.6 477124 110740 42163.1 84097 9071.84 53312.8 73848.6 44861.2 26180.3 27677.8 215880 60520.1 515859 206561 258994 254624 364688 141767 370433 277318 141241 218382 495831 215766 74891 269977
BT
 2.09373e+06 953812 414486 383487 120234 1.27859e+06 727366 176727 419953 209534 140541 413651 404608 514120 328649 791810 391711 1.8234e+06 1.43018e+06 880125 1.30182e+06 1.38002e+06 617240 1.37964e+06 874236 573502 1.03981e+06 1.15807e+06 733859 477695 690210 428131
Ftot
 0.309045 1.07447 1.07412 1.63079 2.13976 0.518618 1.36467 0.655302 1.04314 2.70591 0.645727 1.63303 1.6883 2.5624 2.35903 1.26319 1.59677 0.817828 1.38306 1.30501 1.22792 1.1992 1.06654 0.775901 0.787186 0.837184 0.914932 0.551521 0.566882 1.22178 0.995167 0.663272
BD_Bspro_t
 0.951755 0.620472 0.220562 0.261263 0.10691 0.0307327 0.458495 0.152694 0.0941342 0.182995 0.0354832 0.245408 0.188007 0.104727 0.0602558 0.0658136 0.241091 0.0844581 0.352523 0.169512 0.170367 0.16864 0.231844 0.119907 0.288805 0.279021 0.205565 0.314636 0.479003 0.294423 0.155965 0.337539
BD_Bspro
 4.03833 1.60848 0.265964 0.316776 0.142693 0.0282797 1.15338 0.267698 0.101923 0.203292 0.0219298 0.128876 0.178518 0.108445 0.0632871 0.0669071 0.521858 0.146299 1.24701 0.499331 0.626081 0.615517 0.88158 0.342701 0.895467 0.670376 0.341429 0.527905 1.1986 0.521582 0.181038 0.652631
BD_Bo
 3.57865 1.42539 0.23569 0.280718 0.12645 0.0250606 1.02209 0.237226 0.0903214 0.180152 0.0194336 0.114206 0.158198 0.0961012 0.0560832 0.0592912 0.462455 0.129646 1.10507 0.442492 0.554815 0.545453 0.781231 0.303692 0.793537 0.594068 0.302565 0.467815 1.06216 0.462211 0.160431 0.578343
BD_Brms
 6.50664 2.59162 0.428527 0.510396 0.22991 0.0455648 1.85834 0.43132 0.164221 0.327549 0.0353338 0.207648 0.287632 0.174729 0.101969 0.107802 0.840828 0.235719 2.00921 0.804532 1.00875 0.991734 1.42042 0.552167 1.44279 1.08012 0.550118 0.850572 1.93121 0.840384 0.291692 1.05153
Sel_flota
 0.680322 1 1 1 1
 0.680322 1 1 1 1
 0.680322 1 1 1 1
 0.680322 1 1 1 1
 0.680322 1 1 1 1
 0.680322 1 1 1 1
 0.680322 1 1 1 1
 0.680322 1 1 1 1
 0.680322 1 1 1 1
 0.680322 1 1 1 1
 0.680322 1 1 1 1
 0.680322 1 1 1 1
 0.680322 1 1 1 1
 0.680322 1 1 1 1
 0.680322 1 1 1 1
 0.680322 1 1 1 1
 0.680322 1 1 1 1
 0.680322 1 1 1 1
 0.680322 1 1 1 1
 0.680322 1 1 1 1
 0.680322 1 1 1 1
 0.680322 1 1 1 1
 0.680322 1 1 1 1
 0.680322 1 1 1 1
 0.680322 1 1 1 1
 0.680322 1 1 1 1
 0.680322 1 1 1 1
 0.680322 1 1 1 1
 0.680322 1 1 1 1
 0.680322 1 1 1 1
 0.680322 1 1 1 1
 0.680322 1 1 1 1
Sel_reclas
 0.568079 0.868751 0.970855 0.99407 0.998816
 0.568079 0.868751 0.970855 0.99407 0.998816
 0.568079 0.868751 0.970855 0.99407 0.998816
 0.568079 0.868751 0.970855 0.99407 0.998816
 0.568079 0.868751 0.970855 0.99407 0.998816
 0.568079 0.868751 0.970855 0.99407 0.998816
 0.568079 0.868751 0.970855 0.99407 0.998816
 0.568079 0.868751 0.970855 0.99407 0.998816
 0.568079 0.868751 0.970855 0.99407 0.998816
 0.568079 0.868751 0.970855 0.99407 0.998816
 0.568079 0.868751 0.970855 0.99407 0.998816
 0.568079 0.868751 0.970855 0.99407 0.998816
 0.568079 0.868751 0.970855 0.99407 0.998816
 0.568079 0.868751 0.970855 0.99407 0.998816
 0.568079 0.868751 0.970855 0.99407 0.998816
 0.568079 0.868751 0.970855 0.99407 0.998816
 0.568079 0.868751 0.970855 0.99407 0.998816
 0.568079 0.868751 0.970855 0.99407 0.998816
 0.568079 0.868751 0.970855 0.99407 0.998816
 0.568079 0.868751 0.970855 0.99407 0.998816
 0.568079 0.868751 0.970855 0.99407 0.998816
 0.568079 0.868751 0.970855 0.99407 0.998816
 0.568079 0.868751 0.970855 0.99407 0.998816
 0.568079 0.868751 0.970855 0.99407 0.998816
 0.568079 0.868751 0.970855 0.99407 0.998816
 0.568079 0.868751 0.970855 0.99407 0.998816
 0.568079 0.868751 0.970855 0.99407 0.998816
 0.568079 0.868751 0.970855 0.99407 0.998816
 0.568079 0.868751 0.970855 0.99407 0.998816
 0.568079 0.868751 0.970855 0.99407 0.998816
 0.568079 0.868751 0.970855 0.99407 0.998816
 0.568079 0.868751 0.970855 0.99407 0.998816
Sel_pelaces
 0.402108 0.771932 0.944548 0.988469 0.997687
 0.402108 0.771932 0.944548 0.988469 0.997687
 0.402108 0.771932 0.944548 0.988469 0.997687
 0.402108 0.771932 0.944548 0.988469 0.997687
 0.402108 0.771932 0.944548 0.988469 0.997687
 0.402108 0.771932 0.944548 0.988469 0.997687
 0.402108 0.771932 0.944548 0.988469 0.997687
 0.402108 0.771932 0.944548 0.988469 0.997687
 0.402108 0.771932 0.944548 0.988469 0.997687
 0.402108 0.771932 0.944548 0.988469 0.997687
 0.402108 0.771932 0.944548 0.988469 0.997687
 0.402108 0.771932 0.944548 0.988469 0.997687
 0.402108 0.771932 0.944548 0.988469 0.997687
 0.402108 0.771932 0.944548 0.988469 0.997687
 0.402108 0.771932 0.944548 0.988469 0.997687
 0.402108 0.771932 0.944548 0.988469 0.997687
 0.402108 0.771932 0.944548 0.988469 0.997687
 0.402108 0.771932 0.944548 0.988469 0.997687
 0.402108 0.771932 0.944548 0.988469 0.997687
 0.402108 0.771932 0.944548 0.988469 0.997687
 0.402108 0.771932 0.944548 0.988469 0.997687
 0.402108 0.771932 0.944548 0.988469 0.997687
 0.402108 0.771932 0.944548 0.988469 0.997687
 0.402108 0.771932 0.944548 0.988469 0.997687
 0.402108 0.771932 0.944548 0.988469 0.997687
 0.402108 0.771932 0.944548 0.988469 0.997687
 0.402108 0.771932 0.944548 0.988469 0.997687
 0.402108 0.771932 0.944548 0.988469 0.997687
 0.402108 0.771932 0.944548 0.988469 0.997687
 0.402108 0.771932 0.944548 0.988469 0.997687
 0.402108 0.771932 0.944548 0.988469 0.997687
 0.402108 0.771932 0.944548 0.988469 0.997687
pf_obs 
 0.8446 0.082 0.0669 0.0065 0
 0.8095 0.147 0.0364 0.0071 0
 0.9664 0.0169 0.016 0.0007 0
 0.9276 0.0648 0.0075 0.0001 0
 0.7033 0.2144 0.0806 0.0017 0
 0.9318 0.0425 0.0243 0.0014 0
 0.5671 0.3108 0.0964 0.0239 0.0018
 0.0768 0.2599 0.5324 0.112 0.0189
 0.490249 0.384438 0.106611 0.0170017 0.00170017
 0.7925 0.1577 0.0466 0.003 0.0002
 0.840416 0.127587 0.0312969 0.00059994 9.999e-05
 0.8084 0.0986 0.0794 0.0134 0.0002
 0.7335 0.1905 0.0724 0.0035 0.0001
 0.4001 0.4547 0.1325 0.0127 0
 0.49795 0.308269 0.164784 0.0264974 0.00249975
 0.9179 0.0499 0.0305 0.0017 0
 0.2467 0.6533 0.0926 0.0074 0
 0.9418 0.0223 0.034 0.0019 0
 0.707729 0.231977 0.0356964 0.0245975 0
 0.517169 0.277429 0.184464 0.0207286 0.00020938
 0.811772 0.124168 0.05621 0.00726502 0.000585176
 0.764997 0.148141 0.077277 0.00933861 0.000247198
 0.163321 0.427699 0.378323 0.0303852 0.000271297
 0.753843 0.0900009 0.118128 0.0371064 0.000921714
 0.721811 0.176058 0.0630433 0.0369309 0.00215725
 0.143369 0.312575 0.442814 0.0836902 0.0175525
 0.692698 0.0596174 0.167031 0.0765114 0.00414204
 0.394062 0.376323 0.152708 0.0712218 0.00568511
 0.125707 0.32114 0.495352 0.0537591 0.00404204
 0.23352 0.215282 0.420074 0.123614 0.00750983
 0.796117 0.104755 0.0508955 0.0450114 0.00322123
 0.162477 0.292055 0.404252 0.121198 0.0200186
pf_pred 
 0.0894191 0.174728 0.645156 0.0906959 9.19594e-07
 0.18095 0.108805 0.136286 0.503217 0.0707427
 0.957159 0.0123694 0.00404797 0.00507039 0.0213536
 0.616663 0.37422 0.00263223 0.000861415 0.00562307
 0.447044 0.426493 0.123455 0.000868376 0.00213924
 0.994355 0.00371719 0.00148729 0.000430522 1.04883e-05
 0.111297 0.885615 0.00203376 0.000813732 0.000241287
 0.22717 0.152675 0.617999 0.0014192 0.000736213
 0.939177 0.0200689 0.00805113 0.0325894 0.000113663
 0.537319 0.446819 0.00523359 0.00209958 0.00852835
 0.965187 0.0265624 0.00796772 9.33258e-05 0.000189518
 0.906292 0.0917294 0.00150996 0.00045293 1.60785e-05
 0.815446 0.175884 0.0084869 0.000139703 4.33932e-05
 0.859064 0.127378 0.0129208 0.000623462 1.34506e-05
 0.883211 0.11002 0.00611775 0.000620562 3.05898e-05
 0.983433 0.015743 0.000776497 4.31777e-05 4.59568e-06
 0.242817 0.750594 0.00626043 0.000308785 1.89977e-05
 0.984855 0.00605815 0.0090076 7.5129e-05 3.93359e-06
 0.613856 0.382751 0.00135699 0.00201765 1.77096e-05
 0.830026 0.128906 0.040708 0.000144324 0.000216473
 0.804074 0.177204 0.0141985 0.00448383 3.97405e-05
 0.902258 0.0866506 0.0100319 0.000803807 0.000256089
 0.190497 0.765638 0.0388867 0.00450208 0.000475656
 0.906652 0.028143 0.061672 0.00313232 0.000400955
 0.727495 0.257108 0.00464202 0.0101724 0.000582791
 0.413676 0.481643 0.0987658 0.00178319 0.00413152
 0.879957 0.066196 0.0442332 0.00907045 0.000543195
 0.82191 0.165364 0.00701786 0.00468944 0.0010192
 0.331453 0.590486 0.0724829 0.00307609 0.00250223
 0.581018 0.188166 0.203866 0.0250248 0.00192592
 0.929362 0.05121 0.00872495 0.00945292 0.00124966
 0.280967 0.689974 0.021067 0.0035893 0.00440286
pobs_RECLAS
 0 0 0 0 0
 0 0 0 0 0
 0 0 0 0 0
 0 0 0 0 0
 0 0 0 0 0
 0 0 0 0 0
 0 0 0 0 0
 0 0 0 0 0
 0 0 0 0 0
 0 0 0 0 0
 0.991045 0.00858322 0.000360255 1.14367e-05 0
 0.934742 0.0480273 0.0164251 0.00080598 0
 0.827803 0.169806 0.00239088 0 0
 0.941827 0.0461693 0.0120037 0 0
 0.791401 0.0380133 0.147996 0.0225897 0
 0.846168 0.0940531 0.0597789 0 0
 0.134021 0.677848 0.182769 0.00536245 0
 0.80878 0.0450904 0.141981 0.00414843 0
 0.846168 0.0940531 0.0597789 0 0
 0.905697 0.0802665 0.012482 0.00150086 5.37128e-05
 0.989698 0.0102097 9.19794e-05 0 0
 0.975433 0.0193895 0.00387452 0.00125025 5.28907e-05
 0.303575 0.632131 0.0575291 0.00676475 0
 0.966965 0.00978017 0.0227588 0.000495775 0
 0.843318 0.132988 0.00938335 0.0141283 0.000182051
 0.564624 0.303363 0.111486 0.0197234 0.00080311
 0.826376 0.0876187 0.0782897 0.00655872 0.00115652
 0.89761 0.0855135 0.0140674 0.00269457 0.000114338
 0.34875 0.467042 0.161289 0.0227151 0.000203297
 0.318654 0.224769 0.449479 0.00709798 0
 0.937255 0.0296025 0.0250945 0.00804832 0
 0.456809 0.399803 0.12412 0.0192676 0
ppred_RECLAS
 0.0799217 0.160845 0.663698 0.0955336 9.73269e-07
 0.16625 0.0987922 0.138289 0.52282 0.0738495
 0.953487 0.0121776 0.00445357 0.00571183 0.0241698
 0.628751 0.361218 0.0028394 0.000951429 0.0062403
 0.465761 0.401206 0.129785 0.000934728 0.00231369
 0.993997 0.00379252 0.00169577 0.000502609 1.2303e-05
 0.114556 0.881977 0.00226345 0.00092729 0.000276272
 0.20947 0.142702 0.645519 0.00151784 0.000791144
 0.934483 0.0197759 0.00886604 0.0367462 0.000128773
 0.576196 0.407343 0.00533196 0.00219019 0.00893889
 0.963755 0.0268989 0.00901695 0.000108141 0.000220652
 0.910644 0.0872404 0.00160485 0.000492903 1.7581e-05
 0.823468 0.167311 0.00902203 0.000152063 4.74578e-05
 0.874637 0.112023 0.0126987 0.0006274 1.36001e-05
 0.894811 0.0984074 0.00611513 0.000635129 3.14573e-05
 0.983745 0.0153552 0.000846382 4.8189e-05 5.15355e-06
 0.252285 0.740443 0.00690159 0.000348549 2.15466e-05
 0.983731 0.00607847 0.0101 8.62549e-05 4.53768e-06
 0.621706 0.374531 0.00148391 0.00225912 1.99237e-05
 0.830073 0.125303 0.044221 0.000160528 0.000241927
 0.805782 0.173602 0.0155447 0.00502635 4.47616e-05
 0.902875 0.0849448 0.0109903 0.000901652 0.000288634
 0.191232 0.759976 0.0431357 0.00511341 0.000542825
 0.899043 0.0281008 0.068817 0.00357879 0.000460293
 0.724719 0.25774 0.00520035 0.0116684 0.000671691
 0.407767 0.476355 0.109162 0.00201802 0.00469792
 0.874351 0.0656823 0.0490483 0.0102984 0.000619674
 0.817762 0.167658 0.00795148 0.00544035 0.00118805
 0.324411 0.588487 0.0807276 0.00350791 0.00286712
 0.570719 0.180771 0.218873 0.0275094 0.00212724
 0.927415 0.0507705 0.0096667 0.0107237 0.00142442
 0.277302 0.689986 0.0235433 0.00410713 0.00506212
pobs_PELACES
 0 0 0 0 0
 0 0 0 0 0
 0 0 0 0 0
 0 0 0 0 0
 0 0 0 0 0
 0 0 0 0 0
 0 0 0 0 0
 0 0 0 0 0
 0 0 0 0 0
 0 0 0 0 0
 0 0 0 0 0
 0 0 0 0 0
 0 0 0 0 0
 0 0 0 0 0
 0 0 0 0 0
 0 0 0 0 0
 0.505614 0.472636 0.0217494 0 0
 0 0 0 0 0
 0.443492 0.261883 0.143347 0.151278 0
 0.227955 0.32914 0.350689 0.0885471 0.00366901
 0.970185 0.0296113 0.000203453 0 0
 0.997202 0.00247181 0.000326279 0 0
 0.445219 0.490057 0.0546422 0.010081 0
 0.90214 0.0892962 0.00764917 0.000914606 0
 0 0 0 0 0
 0.581667 0.319106 0.0959925 0.00289975 0.000334073
 0.762889 0.0836404 0.116647 0.0363945 0.000428098
 0.88444 0.0763242 0.0277011 0.0115352 0
 0.521256 0.241999 0.230069 0.00667565 0
 0.616807 0.101726 0.260614 0.0208532 0
 0.833518 0.0704572 0.0857862 0.0102388 0
 0.697417 0.212968 0.0787535 0.0105354 0.000325836
ppred_PELACES
 0.06204 0.151707 0.685416 0.100836 1.03194e-06
 0.139066 0.0926202 0.141956 0.548526 0.0778315
 0.943842 0.0135109 0.00541025 0.00709186 0.0301454
 0.615007 0.373426 0.00321401 0.00110071 0.00725214
 0.459502 0.396467 0.140427 0.00103368 0.00257021
 0.992611 0.00450102 0.00220362 0.000667537 1.64141e-05
 0.106325 0.889815 0.00250034 0.00104694 0.000313331
 0.173452 0.138425 0.685613 0.00164768 0.00086271
 0.921543 0.02193 0.0107651 0.0456013 0.000160528
 0.589243 0.393062 0.00563344 0.00236508 0.00969638
 0.956763 0.0313139 0.0114934 0.000140882 0.000288759
 0.905855 0.0916978 0.00184697 0.000579783 2.07735e-05
 0.815443 0.174048 0.0102763 0.000177024 5.54982e-05
 0.878186 0.10775 0.0133739 0.000675333 1.47055e-05
 0.896236 0.0964691 0.00656375 0.000696762 3.46663e-05
 0.982076 0.016842 0.00101646 5.91492e-05 6.35434e-06
 0.241161 0.750757 0.00766201 0.000395489 2.4559e-05
 0.980219 0.00697464 0.0126893 0.000110758 5.85311e-06
 0.602102 0.393511 0.00170711 0.00265626 2.35323e-05
 0.813324 0.134298 0.0518945 0.00019254 0.000291485
 0.788239 0.187278 0.0183612 0.00606802 5.42828e-05
 0.892503 0.092881 0.0131578 0.00110329 0.000354783
 0.173249 0.772318 0.0479975 0.00581526 0.000620127
 0.878032 0.0317432 0.0851164 0.00452407 0.000584509
 0.693501 0.284934 0.00629477 0.0144356 0.00083475
 0.370289 0.49711 0.124732 0.00235673 0.00551128
 0.853559 0.073085 0.0597571 0.0128236 0.000775118
 0.789778 0.191772 0.00995849 0.00696384 0.00152764
 0.286271 0.61404 0.0922291 0.0040961 0.00336303
 0.532752 0.186211 0.246862 0.0317117 0.00246331
 0.916299 0.0566931 0.0118191 0.0134006 0.00178806
 0.246026 0.716522 0.0267697 0.00477299 0.00590945
pobs_pel_tallas
 0 0 0 0 0 0 0 0 0 0 0 0 0 0 0 0 0 0 0 0 0 0 0 0 0 0
 0 0 0 0 0 0 0 0 0 0 0 0 0 0 0 0 0 0 0 0 0 0 0 0 0 0
 0 0 0 0 0 0 0 0 0 0 0 0 0 0 0 0 0 0 0 0 0 0 0 0 0 0
 0 0 0 0 0 0 0 0 0 0 0 0 0 0 0 0 0 0 0 0 0 0 0 0 0 0
 0 0 0 0 0 0 0 0 0 0 0 0 0 0 0 0 0 0 0 0 0 0 0 0 0 0
 0 0 0 0 0 0 0 0 0 0 0 0 0 0 0 0 0 0 0 0 0 0 0 0 0 0
 0 0 0 0 0 0 0 0 0 0 0 0 0 0 0 0 0 0 0 0 0 0 0 0 0 0
 0 0 0 0 0 0 0 0 0 0 0 0 0 0 0 0 0 0 0 0 0 0 0 0 0 0
 0 0 0 0 0 0 0 0 0 0 0 0 0 0 0 0 0 0 0 0 0 0 0 0 0 0
 0 0 0 0 0 0 0 0 0 0 0 0 0 0 0 0 0 0 0 0 0 0 0 0 0 0
 0 0 0 0 0 0 0 0 0 0 0 0 0 0 0 0 0 0 0 0 0 0 0 0 0 0
 0 0 0 0 0 0 0 0 0 0 0 0 0 0 0 0 0 0 0 0 0 0 0 0 0 0
 0.00862536 0 0 0.000197151 0.00414017 0.0128641 0.00837892 0.0270097 0.101434 0.158115 0.152841 0.127902 0.109271 0.109419 0.0830992 0.0579132 0.0238553 0.00714673 0.00463305 0.00128148 0.00103504 0.000492878 0.000147863 0.000147863 4.92878e-05 0
 0 0 0 0 0 0 0 0 0 0 0 0 0 0 0 0 0 0 0 0 0 0 0 0 0 0
 0 0 0 0 0 0 0 0.0054083 0.00873648 0.0413646 0.0450493 0.0745869 0.0622846 0.0627006 0.0613931 0.0827291 0.12552 0.122667 0.0946155 0.0697135 0.0546179 0.0294188 0.0215738 0.0213955 0.0102223 0.00600262
 0 0 0 0 0.00359764 0.0251062 0.0480494 0.140153 0.205849 0.193036 0.1447 0.116669 0.0760912 0.0342217 0.00950174 0.001854 0.000860785 0 0 0 0.000165536 0 0.000143464 0 0 0
 0 0 0 0 0 0 0 0.000145254 0.000435761 0.0275982 0.070085 0.0708112 0.156366 0.174668 0.174014 0.160142 0.0824315 0.0480064 0.0283245 0.00493863 0.00203355 0 0 0 0 0
 0 0 0 0 0 0 0 0 0 0 0 0 0 0 0 0 0 0 0 0 0 0 0 0 0 0
 0 0 1.00437e-05 0.000401748 0.00122533 0.00171747 0.00176769 0.0269171 0.070346 0.194647 0.189555 0.159765 0.064822 0.0314167 0.0384472 0.0292271 0.0345202 0.0313363 0.0194345 0.0106764 0.0143323 0.0359363 0.0279516 0.0138201 0.00172751 0
 0 0.0021121 0.0136068 0.0755702 0.200478 0.177729 0.0527432 0.0373336 0.0318909 0.0142505 0.0149659 0.0166563 0.0217959 0.0798694 0.0677717 0.0528807 0.04013 0.0224614 0.0357745 0.0225083 0.00881397 0.00855152 0.00135912 0.000746735 0 0
 0 0 0 0 5.4009e-05 0.00500934 0.000945158 0.0243581 0.138947 0.33067 0.221406 0.137944 0.0707744 0.0437923 0.0131692 0.00525238 0.0047753 0.00276346 9.45158e-05 9.00151e-06 2.25038e-05 9.00151e-06 4.50075e-06 0 0 0
 0.000866109 0.00284123 0.00948549 0.0512746 0.133035 0.25785 0.225252 0.132002 0.0553304 0.0519788 0.0540692 0.017754 0.00435017 0.00159236 0.00146478 0.000404838 0.000125132 0.000115318 0.000107957 0.000100596 0 0 0 0 0 0
 0 0 0 0 0.00144013 0.00171154 0.00461396 0.0210425 0.0478622 0.0707936 0.0888783 0.103762 0.0637923 0.0337046 0.0602308 0.124433 0.169614 0.0934646 0.0462172 0.0250306 0.0313229 0.00938855 0.002487 0.000210481 0 0
 0 0.00764035 0.051015 0.0998891 0.058973 0.0496711 0.0374665 0.0718981 0.12319 0.153886 0.159021 0.0857701 0.0377988 0.023471 0.0147837 0.00900784 0.00315554 0.000888139 0.00291439 0.00214683 0.00393193 0.00274676 0.000635225 9.99891e-05 0 0
 0 0 0 0 0 0 0 0 0 0 0 0 0 0 0 0 0 0 0 0 0 0 0 0 0 0
 0 0 0 0 0 0 0 0 0 0 0 0 0 0 0 0 0 0 0 0 0 0 0 0 0 0
 0 0 0 0 0 0 0 0 0 0 0 0 0 0 0 0 0 0 0 0 0 0 0 0 0 0
 0 0 0 0 0 0 0 0 0 0 0 0 0 0 0 0 0 0 0 0 0 0 0 0 0 0
 0 0 0 0 0 0 0 0 0 0 0 0 0 0 0 0 0 0 0 0 0 0 0 0 0 0
 0 0 0 0 0 0 0 0 0 0 0 0 0 0 0 0 0 0 0 0 0 0 0 0 0 0
 0 0 0 0 0 0 0 0 0 0 0 0 0 0 0 0 0 0 0 0 0 0 0 0 0 0
 0 0 0 0 0 0 0 0 0 0 0 0 0 0 0 0 0 0 0 0 0 0 0 0 0 0
ppred_pel_tallas
 1.29931e-16 5.11019e-06 4.96728e-05 0.000330094 0.00150057 0.00466891 0.00994819 0.0145229 0.0145386 0.0100253 0.00493091 0.00227086 0.00231475 0.00455138 0.00905061 0.0162487 0.0264237 0.0395244 0.0552997 0.0733483 0.0927494 0.111451 0.126135 0.133124 0.130014 0.116975
 1.72301e-16 1.14547e-05 0.000111344 0.000739921 0.00336358 0.0104654 0.022298 0.0325465 0.0325558 0.0223438 0.0106205 0.0038176 0.00190263 0.00272902 0.00522734 0.0092986 0.0150745 0.0227427 0.0327807 0.0461304 0.0638717 0.0863189 0.112024 0.137434 0.157634 0.167958
 1.05973e-16 7.7743e-05 0.00075569 0.00502182 0.0228285 0.0710279 0.151332 0.220874 0.220876 0.151339 0.0710495 0.0228912 0.00518022 0.00110439 0.000749177 0.00114151 0.00170362 0.00229807 0.00286321 0.00342356 0.0040998 0.00504439 0.00633249 0.00787948 0.00943707 0.0106692
 1.01526e-16 5.06574e-05 0.000492408 0.00327222 0.0148751 0.0462821 0.0986102 0.143932 0.143968 0.0987856 0.0468709 0.0165748 0.00753498 0.00978523 0.0176619 0.0290203 0.0415706 0.0517967 0.0561583 0.0530378 0.0437394 0.0316803 0.020438 0.0121437 0.00712975 0.00458902
 1.04693e-16 3.78487e-05 0.000367902 0.00244484 0.0111139 0.0345797 0.0736772 0.107542 0.10758 0.0738646 0.0352093 0.0129339 0.00701913 0.0103731 0.019096 0.0316556 0.0459329 0.0584493 0.0656393 0.0657838 0.0599323 0.0510141 0.0419238 0.0341397 0.027688 0.0220011
 1.00135e-16 8.17601e-05 0.000794737 0.00528131 0.0240081 0.074698 0.159152 0.232287 0.232287 0.159154 0.0747052 0.0240288 0.00533352 0.00090913 0.000300255 0.000370218 0.000532945 0.000685901 0.000785784 0.000814229 0.000782756 0.000721575 0.000657851 0.000601229 0.00054554 0.000480695
 1.00458e-16 8.75801e-06 8.51311e-05 0.00056573 0.00257178 0.00800222 0.0170527 0.0249069 0.0249925 0.0174707 0.00940509 0.00662112 0.0107203 0.0222198 0.0419502 0.0690854 0.0989258 0.123153 0.133299 0.125467 0.102733 0.0732334 0.0455318 0.0247978 0.011958 0.00524201
 1.20132e-16 1.4287e-05 0.000138875 0.000922873 0.00419525 0.0130531 0.0278115 0.0405946 0.040609 0.0278822 0.0132934 0.00490237 0.00274685 0.00428239 0.00835578 0.0150174 0.024473 0.0366586 0.0512659 0.067744 0.0849652 0.10075 0.111903 0.115214 0.109006 0.0941999
 1.04917e-16 7.59063e-05 0.000737836 0.00490318 0.0222891 0.0693498 0.147757 0.215656 0.215659 0.147768 0.0693851 0.0223914 0.00516151 0.00130726 0.00117431 0.00186819 0.00280108 0.00378713 0.00471388 0.0055826 0.00651905 0.00767327 0.00906925 0.0105201 0.0116758 0.0121743
 1.02142e-16 4.85352e-05 0.00047178 0.00313515 0.0142519 0.0443433 0.0944794 0.137903 0.137941 0.0946641 0.0449632 0.0160414 0.00762307 0.0102562 0.0185937 0.0305651 0.0437987 0.0546053 0.0592675 0.0560904 0.0464484 0.0339309 0.0222857 0.0137298 0.00858453 0.00597737
 1.00403e-16 7.88073e-05 0.000766035 0.00509057 0.023141 0.0720003 0.153404 0.223899 0.223902 0.153419 0.07205 0.0232848 0.00545201 0.00155671 0.00158522 0.0025083 0.00363403 0.00462797 0.00520477 0.00522875 0.00478219 0.00409456 0.0033917 0.00278741 0.00228171 0.00182928
 1.00139e-16 7.46141e-05 0.000725275 0.00481971 0.0219097 0.0681693 0.145242 0.211987 0.211996 0.145285 0.0683139 0.0223272 0.00586677 0.00300807 0.00440137 0.00713546 0.0102181 0.0127367 0.0138172 0.013059 0.0107761 0.0077989 0.00499829 0.00289513 0.00157724 0.000861617
 1.00369e-16 6.7167e-05 0.000652887 0.00433866 0.0197229 0.0613655 0.130746 0.190832 0.190848 0.130828 0.0616402 0.0205161 0.00632838 0.00499243 0.00829685 0.0135786 0.0194796 0.0243382 0.0265082 0.025228 0.021076 0.0155946 0.0103942 0.00642915 0.00385499 0.00234308
 1.00484e-16 7.2335e-05 0.000703122 0.00467249 0.0212405 0.0660871 0.140806 0.205513 0.205523 0.140857 0.0662574 0.0217323 0.00590685 0.00339698 0.00518621 0.00845323 0.0121551 0.015252 0.0167342 0.0161318 0.0137873 0.0106203 0.00758002 0.00521316 0.00359351 0.00252603
 1.0029e-16 7.38218e-05 0.000717574 0.00476853 0.0216771 0.0674454 0.1437 0.209736 0.209745 0.143745 0.0675977 0.0221168 0.00587173 0.00312389 0.00463803 0.00753537 0.0108114 0.0135183 0.0147437 0.0140669 0.0118072 0.00881539 0.00597674 0.00381172 0.00239982 0.00155595
 1.00041e-16 8.08923e-05 0.000786302 0.00522525 0.0237532 0.0739052 0.157463 0.229822 0.229824 0.157471 0.0739317 0.02383 0.0054178 0.00120626 0.000877339 0.0013194 0.00188572 0.00235613 0.00256697 0.00244439 0.00204439 0.00151609 0.00101511 0.000633385 0.000385617 0.000239718
 1.00457e-16 1.98643e-05 0.000193088 0.00128314 0.00583301 0.0181491 0.0386711 0.0564568 0.056529 0.0390238 0.0193329 0.00925014 0.00985268 0.0188741 0.035421 0.0583231 0.0835364 0.104042 0.112701 0.106224 0.0871928 0.062443 0.0391651 0.0216916 0.0107947 0.00499653
 1.00381e-16 8.07394e-05 0.000784816 0.00521538 0.0237083 0.0737654 0.157165 0.229387 0.229388 0.157168 0.0737768 0.0237415 0.00529949 0.000971278 0.000443136 0.000626258 0.000943962 0.0012896 0.00161071 0.00187765 0.00208493 0.00223259 0.00230388 0.00226469 0.00208812 0.00178196
 1.00421e-16 4.95944e-05 0.000482076 0.00320356 0.014563 0.045311 0.0965412 0.140913 0.14095 0.0967261 0.0459314 0.0163539 0.00769471 0.0102721 0.018601 0.0305636 0.0437673 0.0545006 0.0590208 0.055609 0.0456269 0.03267 0.020516 0.0114356 0.00582134 0.00287617
 1.01601e-16 6.69924e-05 0.00065119 0.00432739 0.0196717 0.061206 0.130406 0.190335 0.190348 0.13047 0.0614194 0.0202886 0.00587836 0.00404458 0.00653374 0.0107526 0.015614 0.0199034 0.0224149 0.0225646 0.0206962 0.017779 0.0147654 0.0121336 0.00988596 0.00784415
 1.01196e-16 6.49262e-05 0.000631106 0.00419392 0.019065 0.0593183 0.126385 0.184466 0.184484 0.126473 0.0596142 0.0199194 0.00633803 0.00530963 0.00894418 0.0146677 0.0210854 0.026436 0.0289705 0.0278822 0.023786 0.0183052 0.0131094 0.00915031 0.00653187 0.00487006
 1.00575e-16 7.35143e-05 0.000714585 0.00474867 0.0215868 0.0671645 0.143101 0.208863 0.208872 0.143145 0.0673114 0.0220109 0.00581333 0.00303856 0.00448658 0.00729913 0.010503 0.0131967 0.0145134 0.0140499 0.0120992 0.00944656 0.00689814 0.00491169 0.00354042 0.00261219
 1.02271e-16 1.42704e-05 0.000138714 0.000921806 0.00419044 0.0130384 0.0277825 0.0405649 0.0406392 0.0281456 0.0142576 0.00771038 0.00975228 0.0193989 0.036543 0.0602592 0.0864948 0.108114 0.117844 0.112317 0.0941027 0.0700349 0.0472313 0.0298827 0.0186333 0.0119886
 1.03018e-16 7.23223e-05 0.000702999 0.00467167 0.0212368 0.0660754 0.140781 0.205474 0.205478 0.140796 0.0661283 0.0213909 0.00506466 0.00158081 0.00179764 0.00300879 0.00467878 0.0066134 0.00864034 0.0106374 0.0125232 0.0141617 0.0152856 0.0155559 0.0147442 0.0128999
 1.01844e-16 5.71228e-05 0.000555254 0.00368986 0.0167736 0.052189 0.111195 0.162298 0.162326 0.111329 0.0526385 0.0180713 0.00694483 0.0076529 0.0135136 0.0221902 0.0318212 0.0397289 0.043234 0.0411205 0.0343851 0.025608 0.0174593 0.0114821 0.00784768 0.00588829
 1.04896e-16 3.05003e-05 0.000296474 0.00197018 0.00895617 0.0278662 0.0593737 0.0866678 0.0867157 0.0596083 0.028654 0.0112324 0.00768758 0.0127897 0.0237926 0.0393758 0.0569255 0.0720046 0.0800742 0.0789821 0.0701728 0.0575815 0.0451738 0.0350904 0.0274765 0.0215014
 1.03161e-16 7.03066e-05 0.000683405 0.00454147 0.0206448 0.0642338 0.136857 0.199749 0.199756 0.136892 0.0643511 0.0209845 0.00539795 0.00256598 0.00368344 0.00607697 0.00897811 0.0117732 0.0138748 0.0149958 0.0152715 0.0150728 0.0146776 0.0140898 0.0131278 0.0116513
 1.01294e-16 6.5053e-05 0.000632339 0.00420211 0.0191022 0.0594342 0.126631 0.184826 0.184845 0.126722 0.0597369 0.0199762 0.00639467 0.00541456 0.00913525 0.014968 0.0214826 0.0268632 0.0293099 0.028001 0.0235917 0.0177915 0.0123666 0.00833435 0.00580943 0.00436438
 1.03799e-16 2.35799e-05 0.000229205 0.00152315 0.00692407 0.0215437 0.0459032 0.0670095 0.0670687 0.0461924 0.0225147 0.00972876 0.00856329 0.0155977 0.0292104 0.0482498 0.0694913 0.0873516 0.0961307 0.0931605 0.0803637 0.0629062 0.0460915 0.0329297 0.023776 0.0175165
 1.10769e-16 4.38821e-05 0.00042655 0.00283458 0.0128856 0.0400919 0.0854208 0.124678 0.124696 0.0855103 0.0403937 0.0137616 0.00505043 0.00531951 0.00949979 0.0160614 0.0241243 0.0324032 0.0395477 0.0448323 0.0483793 0.0506586 0.051756 0.0511324 0.0480802 0.042412
 1.02003e-16 7.54744e-05 0.000733638 0.00487528 0.0221623 0.0689552 0.146917 0.21443 0.214436 0.146943 0.0690451 0.022422 0.00552775 0.00215991 0.00279008 0.00450913 0.00652769 0.00829644 0.00931622 0.00937162 0.00865744 0.00763759 0.00674661 0.00616675 0.00581439 0.00548341
 1.02435e-16 2.0265e-05 0.000196983 0.00130902 0.00595067 0.0185151 0.039451 0.0575943 0.0576632 0.0397877 0.0196456 0.00921438 0.00949545 0.0180483 0.033865 0.0558014 0.0800248 0.0998823 0.108607 0.103085 0.0857543 0.0630534 0.0417047 0.0256869 0.015615 0.010028
pSPR Fmed_Fpbrs
0.564095   0.6 0.325
Fs Fmed_Fpbrs
0.341307   0.30073 0.746502
SSBpbr Bo_Bmed_Bpbrs
466812  239986  256747 128373
Ro
57470.1
SPR SPRFo_SPRFmed_SPRFpbrs
413675 233352 134445
Fref
0.30073
Nvult_r0
 9678.58 18532.3 565.845 96.4062 118.258
CTP_r0
 3009.39 7390.21 225.645 38.4444 47.1584
YTP_r0
218769
Np
 59201.8 17749.5 806.449 1180.14 45.8464
Nvult_p0
 41452.3 12915.7 586.826 858.752 33.3609
CTP_p0
 7040.43 498.195 729.051 22.2601 4.51134
 7040.43 2986.13 135.675 198.545 7.71308
YTP_p0
 80182.8 114949
CBA_c0
209108
log_Ro
10.779
likeval ReclasPelacesDesembMPH_pf_preclas_ppelaces_ptallas_desvR_qrecl_qpela
 15.5252 16.2529 0.20486 0.000884977 294.686 129.836 131.06 0 69.9948 0.000166072 0.000306482 0.00118614 1.29388e-15 0 0
q_reclas_q_pelaces
6.18719 11.8914
M
1
N
 14142.8 19554.5 72201.9 10150.1 0.102915
 9138.39 4216.29 5281.23 19500.1 2741.35
 163227 1618.5 529.665 663.446 2794.05
 59309.9 28915.9 203.392 66.5613 434.493
 9072.89 7194.48 2082.56 14.6486 36.0867
 287197 778.463 311.472 90.1609 2.19649
 11856.9 74243 170.495 68.2169 20.2276
 3484.66 1723.74 6977.38 16.0232 8.31205
 50206.5 820.826 329.294 1332.92 4.64886
 12750.3 9083.66 106.397 42.6837 173.378
 36781.7 744.283 223.256 2.615 5.31032
 107228 8720.69 143.551 43.06 1.52857
 74633.1 12987.3 626.672 10.3157 3.20415
 69015.1 8705.87 883.091 42.6115 0.9193
 42363.9 4441.84 246.992 25.0539 1.235
 250685 3131.13 154.438 8.58761 0.914035
 15763.6 39049.1 325.694 16.0643 0.988341
 424987 1956.94 2909.7 24.2687 1.27066
 182399 89628.4 317.765 472.471 4.14703
 215348 26187.2 8269.83 29.3195 43.9765
 190186 32603.7 2612.38 824.98 7.31186
 407205 30344.6 3513.12 281.489 89.6811
 21498.7 66252.4 3364.95 389.575 41.1596
 165457 3828.23 8389.09 426.081 54.541
 136136 35904 648.237 1420.53 81.3841
 33569.9 29315.4 6011.42 108.535 251.467
 122889 6987.16 4668.93 957.411 57.3357
 165690 24260.1 1029.57 687.975 149.525
 32251 41884.1 5141.33 218.192 177.487
 32042.4 8067.85 8741 1072.97 82.5763
 122324 5133.86 874.685 947.665 125.28
 12639.8 22865.7 698.158 118.949 145.911
pred_Ctot
 1724.48 3369.68 12442.1 1749.1 0.0177347
 3175.6 1909.48 2391.77 8831.26 1241.51
 56708 732.84 239.826 300.401 1265.12
 27409.9 16633.6 116.999 38.2888 249.938
 4916.84 4690.8 1357.83 9.55088 23.5285
 55540.1 207.625 83.0733 24.047 0.58583
 4878.51 38819.5 89.1467 35.6686 10.5764
 821.392 552.035 2234.53 5.13147 2.66196
 17069.7 364.756 146.331 592.319 2.06585
 7779.88 6469.52 75.7774 30.4 123.482
 8564.76 235.706 70.7029 0.828143 1.68172
 49597.7 5019.99 82.6341 24.7871 0.87991
 35243.2 7601.65 366.8 6.0379 1.87543
 41034.3 6084.39 617.178 29.7805 0.642484
 24171.6 3011.02 167.43 16.9835 0.837178
 97815 1565.85 77.2326 4.29457 0.457099
 7188.92 22222.3 185.348 9.14198 0.562452
 119886 737.455 1096.49 9.14542 0.478835
 75728.5 47218.2 167.405 248.908 2.18474
 85942.6 13347.2 4214.99 14.9437 22.4141
 72752.4 16033.3 1284.67 405.695 3.59571
 153187 14711.7 1703.24 136.472 43.4794
 7430.21 29863.2 1516.75 175.6 18.5526
 44759.3 1389.36 3044.6 154.635 19.7942
 37255 13166.5 237.718 520.93 29.8448
 9646.24 11231.1 2303.05 41.5811 96.3402
 37838.7 2846.47 1902.05 390.035 23.3577
 33779.1 6796.17 288.422 192.728 41.8876
 6730.74 11990.8 1471.89 62.4654 50.8122
 12214.1 3955.59 4285.63 526.067 40.4864
 40152.2 2212.48 376.953 408.404 53.9903
 3009.39 7390.21 225.645 38.4444 47.1584
F
 0.21025 0.309045 0.309045 0.309045 0.309045
 0.730983 1.07447 1.07447 1.07447 1.07447
 0.730748 1.07412 1.07412 1.07412 1.07412
 1.10946 1.63079 1.63079 1.63079 1.63079
 1.45572 2.13976 2.13976 2.13976 2.13976
 0.352827 0.518618 0.518618 0.518618 0.518618
 0.928414 1.36467 1.36467 1.36467 1.36467
 0.445816 0.655302 0.655302 0.655302 0.655302
 0.709668 1.04314 1.04314 1.04314 1.04314
 1.84089 2.70591 2.70591 2.70591 2.70591
 0.439302 0.645727 0.645727 0.645727 0.645727
 1.11099 1.63303 1.63303 1.63303 1.63303
 1.14859 1.6883 1.6883 1.6883 1.6883
 1.74326 2.5624 2.5624 2.5624 2.5624
 1.6049 2.35903 2.35903 2.35903 2.35903
 0.859377 1.26319 1.26319 1.26319 1.26319
 1.08632 1.59677 1.59677 1.59677 1.59677
 0.556386 0.817828 0.817828 0.817828 0.817828
 0.940925 1.38306 1.38306 1.38306 1.38306
 0.887826 1.30501 1.30501 1.30501 1.30501
 0.835383 1.22792 1.22792 1.22792 1.22792
 0.815844 1.1992 1.1992 1.1992 1.1992
 0.725589 1.06654 1.06654 1.06654 1.06654
 0.527862 0.775901 0.775901 0.775901 0.775901
 0.53554 0.787186 0.787186 0.787186 0.787186
 0.569554 0.837184 0.837184 0.837184 0.837184
 0.622448 0.914932 0.914932 0.914932 0.914932
 0.375212 0.551521 0.551521 0.551521 0.551521
 0.385662 0.566882 0.566882 0.566882 0.566882
 0.831202 1.22178 1.22178 1.22178 1.22178
 0.677034 0.995167 0.995167 0.995167 0.995167
 0.451238 0.663272 0.663272 0.663272 0.663272
YTP_r0W_actual
 25880.8 183277 6295.5 1433.98 1881.62
YTP_p0W_proyectada
 53084.9 8693.5 17548.3 697.186 159.025
 53084.9 52108 3265.69 6218.41 271.886
CTP_r0_actual
 3009.39 7390.21 225.645 38.4444 47.1584
CTP_p0_proyectada
 7040.43 498.195 729.051 22.2601 4.51134
 7040.43 2986.13 135.675 198.545 7.71308
Wmedp
 7.54 17.45 24.07 31.32 35.25
Frms_r0
 0.451238 0.663272 0.663272 0.663272 0.663272
Zrms_r0
 1.45124 1.66327 1.66327 1.66327 1.66327
nmprior
 7.27 8.72 9 0
nm_flota  nm_reclas  nm_pelaces    nm_pelaL
inf 16.8057 6.09164 12.5495
cv_recla  cv_pelaces  cv_mph
0.34857 0.441627 0.918061
 ------------------------------------------------
Talla a la edad & desviaci?n 
 8 13.2811 15.8009 17.003 17.5766
 0.8 1.32811 1.58009 1.7003 1.75766
