years
 1991 1992 1993 1994 1995 1996 1997 1998 1999 2000 2001 2002 2003 2004 2005 2006 2007 2008 2009 2010 2011 2012 2013 2014 2015 2016 2017 2018 2019 2020 2021 2022
reclasobs
 0 0 0 0 0 0 0 0 0 252601 567819 844713 477998 351125 339783 2.1784e+06 2.13404e+06 4.81314e+06 1.55562e+06 2.62356e+06 3.21686e+06 3.843e+06 1.13348e+06 3.07943e+06 1.97215e+06 2.03268e+06 2.025e+06 2.42433e+06 2.27542e+06 1.05018e+06 2.36338e+06 3.18982e+06
reclaspred
 3.38428e+06 1.91595e+06 973476 965892 962336 1.4414e+06 955077 870836 641275 476019 510277 634103 624542 505799 523194 1.27888e+06 1.29411e+06 2.76979e+06 2.29333e+06 1.71657e+06 3.02875e+06 2.47238e+06 2.01736e+06 3.05317e+06 2.30267e+06 2.05649e+06 2.39586e+06 2.56012e+06 2.16979e+06 1.54127e+06 2.05146e+06 2.28623e+06
pelacesobs
 0 0 0 0 0 0 0 0 0 0 0 0 0 0 0 552880 188675 0 991730 2.46772e+06 1.41603e+06 1.21717e+06 2.29649e+06 1.80582e+06 0 1.4828e+06 1.56532e+06 1.57751e+06 1.42118e+06 867257 1.10002e+06 1.06204e+06
pelacespred
 1.87091e+06 1.18755e+06 609905 491950 502152 775047 490541 533148 387379 274907 300129 313590 337348 293053 308685 621644 627517 1.53061e+06 1.32605e+06 926452 1.55205e+06 1.39507e+06 1.12457e+06 1.84973e+06 1.35542e+06 1.2024e+06 1.58929e+06 1.53805e+06 1.16978e+06 959718 1.09808e+06 1.23011e+06
mphobs
 0 0 0 0 0 0 0 0 0 0 0 498337 0 5186 125008 0 168611 109162 213762 579715 649985 157893 87575 83554 0 0 0 0 0 0 0 0
mphpred
 506352 337966 170876 93188.2 102694 114010 145144 96700.9 85909.9 61353.4 41203.1 59083.8 63246.8 54223.8 39196.9 49749.8 147478 146682 272643 209629 223733 273954 262651 221399 301469 249013 207394 217135 304530 217468 151651 255294
desembarqueobs
 494567 514787 250237 358949 120608 361735 552515 73892 212993 205616 52469 317467 293654 387597 252695 516296 358380 742168 942051 627588 828172 859565 418607 520667 417249 300574 415391 372974 316634 284311 391294 218835
desembarquepred
 494572 513382 250956 358972 120612 361749 552567 73895.3 213034 205655 52471.1 317532 293710 387656 252699 516276 358401 742091 941903 627490 828238 859605 418620 520691 417254 300578 415395 372966 316633 284314 391278 218837
Reclutas
 224570 129300 133072 230331 185960 297954 128700 62985.1 56835.1 72954.2 134780 169055 140605 100951 105313 547537 127846 837488 481489 366574 554903 751473 164692 474474 399985 185827 401238 463441 152203 142214 388249 174622
log_desv_Rt
 0.0472473 -0.504805 -0.476048 0.0725745 -0.141411 0.329997 -0.509457 -1.22404 -1.32679 -1.07711 -0.463295 -0.23672 -0.420989 -0.75231 -0.710004 0.938489 -0.516116 1.36347 0.809943 0.537258 0.951852 1.25509 -0.262862 0.795266 0.624486 -0.142127 0.627614 0.771739 -0.341724 -0.409611 0.594707 -0.204318
SSB
 4.29765e+06 2.86847e+06 1.45031e+06 790932 871615 967659 1.23191e+06 820747 729158 520736 349710 501472 536805 460223 332683 422251 1.25172e+06 1.24496e+06 2.31405e+06 1.77922e+06 1.89893e+06 2.32518e+06 2.22925e+06 1.87912e+06 2.55871e+06 2.11349e+06 1.76025e+06 1.84293e+06 2.58469e+06 1.84575e+06 1.28714e+06 2.1668e+06
BT
 5.66397e+06 3.84041e+06 1.96364e+06 1.68313e+06 1.50259e+06 2.48081e+06 1.87421e+06 1.55833e+06 1.29782e+06 969864 887297 1.14751e+06 1.21325e+06 1.22544e+06 1.11935e+06 2.16376e+06 2.03936e+06 4.94361e+06 4.62721e+06 3.16697e+06 5.02009e+06 4.72005e+06 3.51727e+06 5.66735e+06 4.1854e+06 3.63669e+06 4.87768e+06 4.65755e+06 3.53875e+06 2.9652e+06 3.40961e+06 3.61815e+06
Ftot
 0.100581 0.182114 0.177022 0.270787 0.0907429 0.186933 0.396655 0.0610706 0.23711 0.306046 0.0788249 0.364027 0.340079 0.550637 0.365726 0.318163 0.196244 0.207015 0.295646 0.263439 0.201784 0.255146 0.145906 0.129454 0.130444 0.104471 0.130794 0.111547 0.101056 0.130235 0.146036 0.0682738
BD_Bspro_t
 0.984066 0.882063 0.753946 0.678627 0.671115 0.732381 0.716723 0.57954 0.635532 0.602668 0.574327 0.735549 0.628306 0.544441 0.449563 0.509109 0.657964 0.644401 0.719116 0.634136 0.606994 0.651521 0.66857 0.666784 0.755702 0.763307 0.771292 0.797837 0.835123 0.78872 0.752715 0.81164
BD_Bspro
 2.78728 1.86037 0.940611 0.512966 0.565294 0.627584 0.798963 0.532302 0.472902 0.337728 0.226808 0.325234 0.34815 0.298482 0.215764 0.273854 0.811811 0.807429 1.5008 1.15393 1.23157 1.50801 1.4458 1.21872 1.65947 1.37072 1.14162 1.19525 1.67632 1.19708 0.834783 1.4053
BD_Bo
 1.41047 0.941423 0.475987 0.259581 0.286061 0.317583 0.404307 0.269366 0.239307 0.170904 0.114774 0.164581 0.176178 0.151044 0.109185 0.138581 0.410809 0.408591 0.759465 0.583934 0.623221 0.763115 0.731631 0.61672 0.83976 0.693639 0.577708 0.604842 0.848287 0.60577 0.422434 0.711137
BD_Brms
 2.5645 1.71168 0.86543 0.471966 0.520111 0.577423 0.735104 0.489757 0.435104 0.310734 0.208679 0.299239 0.320323 0.274625 0.198519 0.251966 0.746925 0.742893 1.38084 1.0617 1.13313 1.38748 1.33024 1.12131 1.52684 1.26116 1.05038 1.09971 1.54234 1.1014 0.768062 1.29298
Sel_flota
 0.790278 0.986225 0.999265 0.999961 0.999998
 0.790278 0.986225 0.999265 0.999961 0.999998
 0.790278 0.986225 0.999265 0.999961 0.999998
 0.790278 0.986225 0.999265 0.999961 0.999998
 0.790278 0.986225 0.999265 0.999961 0.999998
 0.790278 0.986225 0.999265 0.999961 0.999998
 0.790278 0.986225 0.999265 0.999961 0.999998
 0.790278 0.986225 0.999265 0.999961 0.999998
 0.790278 0.986225 0.999265 0.999961 0.999998
 0.790278 0.986225 0.999265 0.999961 0.999998
 0.790278 0.986225 0.999265 0.999961 0.999998
 0.790278 0.986225 0.999265 0.999961 0.999998
 0.790278 0.986225 0.999265 0.999961 0.999998
 0.790278 0.986225 0.999265 0.999961 0.999998
 0.790278 0.986225 0.999265 0.999961 0.999998
 0.790278 0.986225 0.999265 0.999961 0.999998
 0.790278 0.986225 0.999265 0.999961 0.999998
 0.790278 0.986225 0.999265 0.999961 0.999998
 0.790278 0.986225 0.999265 0.999961 0.999998
 0.790278 0.986225 0.999265 0.999961 0.999998
 0.790278 0.986225 0.999265 0.999961 0.999998
 0.790278 0.986225 0.999265 0.999961 0.999998
 0.790278 0.986225 0.999265 0.999961 0.999998
 0.790278 0.986225 0.999265 0.999961 0.999998
 0.790278 0.986225 0.999265 0.999961 0.999998
 0.790278 0.986225 0.999265 0.999961 0.999998
 0.790278 0.986225 0.999265 0.999961 0.999998
 0.790278 0.986225 0.999265 0.999961 0.999998
 0.790278 0.986225 0.999265 0.999961 0.999998
 0.790278 0.986225 0.999265 0.999961 0.999998
 0.790278 0.986225 0.999265 0.999961 0.999998
 0.790278 0.986225 0.999265 0.999961 0.999998
Sel_reclas
 1 1 1 1 1
 1 1 1 1 1
 1 1 1 1 1
 1 1 1 1 1
 1 1 1 1 1
 1 1 1 1 1
 1 1 1 1 1
 1 1 1 1 1
 1 1 1 1 1
 1 1 1 1 1
 1 1 1 1 1
 1 1 1 1 1
 1 1 1 1 1
 1 1 1 1 1
 1 1 1 1 1
 1 1 1 1 1
 1 1 1 1 1
 1 1 1 1 1
 1 1 1 1 1
 1 1 1 1 1
 1 1 1 1 1
 1 1 1 1 1
 1 1 1 1 1
 1 1 1 1 1
 1 1 1 1 1
 1 1 1 1 1
 1 1 1 1 1
 1 1 1 1 1
 1 1 1 1 1
 1 1 1 1 1
 1 1 1 1 1
 1 1 1 1 1
Sel_pelaces
 1 1 1 1 1
 1 1 1 1 1
 1 1 1 1 1
 1 1 1 1 1
 1 1 1 1 1
 1 1 1 1 1
 1 1 1 1 1
 1 1 1 1 1
 1 1 1 1 1
 1 1 1 1 1
 1 1 1 1 1
 1 1 1 1 1
 1 1 1 1 1
 1 1 1 1 1
 1 1 1 1 1
 1 1 1 1 1
 1 1 1 1 1
 1 1 1 1 1
 1 1 1 1 1
 1 1 1 1 1
 1 1 1 1 1
 1 1 1 1 1
 1 1 1 1 1
 1 1 1 1 1
 1 1 1 1 1
 1 1 1 1 1
 1 1 1 1 1
 1 1 1 1 1
 1 1 1 1 1
 1 1 1 1 1
 1 1 1 1 1
 1 1 1 1 1
pf_obs 
 0.8446 0.082 0.0669 0.0065 0
 0.8095 0.147 0.0364 0.0071 0
 0.9664 0.0169 0.016 0.0007 0
 0.9276 0.0648 0.0075 0.0001 0
 0.7033 0.2144 0.0806 0.0017 0
 0.9318 0.0425 0.0243 0.0014 0
 0.5671 0.3108 0.0964 0.0239 0.0018
 0.0768 0.2599 0.5324 0.112 0.0189
 0.490249 0.384438 0.106611 0.0170017 0.00170017
 0.7925 0.1577 0.0466 0.003 0.0002
 0.840416 0.127587 0.0312969 0.00059994 9.999e-05
 0.8084 0.0986 0.0794 0.0134 0.0002
 0.7335 0.1905 0.0724 0.0035 0.0001
 0.4001 0.4547 0.1325 0.0127 0
 0.49795 0.308269 0.164784 0.0264974 0.00249975
 0.9179 0.0499 0.0305 0.0017 0
 0.2467 0.6533 0.0926 0.0074 0
 0.9418 0.0223 0.034 0.0019 0
 0.707729 0.231977 0.0356964 0.0245975 0
 0.517169 0.277429 0.184464 0.0207286 0.00020938
 0.811772 0.124168 0.05621 0.00726502 0.000585176
 0.764997 0.148141 0.077277 0.00933861 0.000247198
 0.163321 0.427699 0.378323 0.0303852 0.000271297
 0.753843 0.0900009 0.118128 0.0371064 0.000921714
 0.721811 0.176058 0.0630433 0.0369309 0.00215725
 0.143369 0.312575 0.442814 0.0836902 0.0175525
 0.692698 0.0596174 0.167031 0.0765114 0.00414204
 0.394062 0.376323 0.152708 0.0712218 0.00568511
 0.125707 0.32114 0.495352 0.0537591 0.00404204
 0.23352 0.215282 0.420074 0.123614 0.00750983
 0.796117 0.104755 0.0508955 0.0450114 0.00322123
 0.162477 0.292055 0.404252 0.121198 0.0200186
pf_pred 
 0.405687 0.114024 0.455487 0.0248001 7.90105e-07
 0.389208 0.282511 0.0636636 0.250963 0.0136551
 0.539989 0.205676 0.118556 0.0263475 0.109433
 0.726037 0.163924 0.0495891 0.0281899 0.0322606
 0.628888 0.28661 0.0508659 0.0151646 0.0184714
 0.721051 0.189475 0.0693119 0.0121399 0.00802197
 0.462739 0.411591 0.085748 0.0309314 0.00899069
 0.436071 0.297518 0.204851 0.0420155 0.0195449
 0.508053 0.241753 0.132816 0.0902697 0.0271083
 0.662696 0.191898 0.0719913 0.0389865 0.0344282
 0.787024 0.152584 0.0345842 0.0127828 0.013025
 0.710828 0.237708 0.0370107 0.0082792 0.00617377
 0.6535 0.263524 0.068398 0.0104864 0.00409159
 0.601754 0.282276 0.0885235 0.022628 0.00481884
 0.706658 0.195673 0.0695738 0.0214506 0.00664472
 0.921485 0.0594589 0.0127772 0.0044735 0.00180499
 0.38383 0.577854 0.0291241 0.00616527 0.00302705
 0.881755 0.0520589 0.0621245 0.00308749 0.000973756
 0.577253 0.382481 0.0178688 0.0210245 0.00137338
 0.576242 0.269465 0.139798 0.0064349 0.00805952
 0.7237 0.175409 0.0644971 0.0329773 0.00341639
 0.730715 0.207018 0.0397374 0.0144069 0.00812325
 0.314287 0.531906 0.118644 0.0224464 0.0127166
 0.722344 0.101514 0.137053 0.0301572 0.00893126
 0.61173 0.297619 0.0334301 0.0445298 0.012691
 0.429017 0.37922 0.147468 0.0163426 0.0279526
 0.714544 0.13843 0.0980875 0.0376402 0.0112978
 0.681259 0.242012 0.0374722 0.0261961 0.0130604
 0.364453 0.462696 0.131673 0.0201177 0.0210605
 0.482058 0.216406 0.220325 0.0618741 0.019336
 0.78266 0.117365 0.0421046 0.0422929 0.0155775
 0.475375 0.429959 0.0514496 0.0182084 0.0250081
pobs_RECLAS
 0 0 0 0 0
 0 0 0 0 0
 0 0 0 0 0
 0 0 0 0 0
 0 0 0 0 0
 0 0 0 0 0
 0 0 0 0 0
 0 0 0 0 0
 0 0 0 0 0
 0 0 0 0 0
 0.991045 0.00858322 0.000360255 1.14367e-05 0
 0.934742 0.0480273 0.0164251 0.00080598 0
 0.827803 0.169806 0.00239088 0 0
 0.941827 0.0461693 0.0120037 0 0
 0.791401 0.0380133 0.147996 0.0225897 0
 0.846168 0.0940531 0.0597789 0 0
 0.134021 0.677848 0.182769 0.00536245 0
 0.80878 0.0450904 0.141981 0.00414843 0
 0.846168 0.0940531 0.0597789 0 0
 0.905697 0.0802665 0.012482 0.00150086 5.37128e-05
 0.989698 0.0102097 9.19794e-05 0 0
 0.975433 0.0193895 0.00387452 0.00125025 5.28907e-05
 0.303575 0.632131 0.0575291 0.00676475 0
 0.966965 0.00978017 0.0227588 0.000495775 0
 0.843318 0.132988 0.00938335 0.0141283 0.000182051
 0.564624 0.303363 0.111486 0.0197234 0.00080311
 0.826376 0.0876187 0.0782897 0.00655872 0.00115652
 0.89761 0.0855135 0.0140674 0.00269457 0.000114338
 0.34875 0.467042 0.161289 0.0227151 0.000203297
 0.318654 0.224769 0.449479 0.00709798 0
 0.937255 0.0296025 0.0250945 0.00804832 0
 0.456809 0.399803 0.12412 0.0192676 0
ppred_RECLAS
 0.463107 0.104119 0.410442 0.0223318 7.11441e-07
 0.445641 0.25833 0.0574417 0.226275 0.0123114
 0.59692 0.181592 0.103285 0.0229375 0.0952656
 0.769771 0.138524 0.0413434 0.0234857 0.0268761
 0.679959 0.247926 0.0434217 0.0129362 0.0157565
 0.764765 0.160474 0.0579235 0.010138 0.0066989
 0.52097 0.368174 0.0756578 0.0272718 0.00792666
 0.492927 0.269211 0.182929 0.0374931 0.0174405
 0.565934 0.214804 0.116435 0.0790797 0.023747
 0.712797 0.164375 0.0608356 0.0329216 0.0290713
 0.822555 0.127615 0.0285447 0.0105431 0.0107425
 0.756025 0.201047 0.0308781 0.00690235 0.00514686
 0.703969 0.225879 0.0578345 0.00886046 0.00345705
 0.657306 0.243902 0.0754239 0.0192652 0.00410254
 0.752687 0.165729 0.0581275 0.0179086 0.0055473
 0.936673 0.0481175 0.0102006 0.00356882 0.00143991
 0.438487 0.527037 0.0262097 0.0055444 0.00272211
 0.903965 0.0425994 0.0501593 0.00249107 0.000785622
 0.631874 0.333502 0.0153711 0.0180726 0.00118052
 0.63157 0.235436 0.120508 0.005543 0.00694218
 0.767304 0.148462 0.0538626 0.0275203 0.00285095
 0.773451 0.174715 0.033088 0.0119876 0.00675887
 0.365167 0.493922 0.108714 0.0205533 0.0116437
 0.766462 0.0861137 0.114727 0.0252267 0.00747078
 0.664098 0.258301 0.0286306 0.0381098 0.0108609
 0.485493 0.343249 0.131722 0.0145873 0.0249494
 0.759208 0.117585 0.0822169 0.0315278 0.00946281
 0.728355 0.206928 0.0316176 0.0220878 0.0110117
 0.418438 0.424935 0.119335 0.0182198 0.019073
 0.539879 0.193758 0.194663 0.0546287 0.0170712
 0.819308 0.0981908 0.0347599 0.0348908 0.0128507
 0.531585 0.384826 0.0454444 0.0160718 0.0220729
pobs_PELACES
 0 0 0 0 0
 0 0 0 0 0
 0 0 0 0 0
 0 0 0 0 0
 0 0 0 0 0
 0 0 0 0 0
 0 0 0 0 0
 0 0 0 0 0
 0 0 0 0 0
 0 0 0 0 0
 0 0 0 0 0
 0 0 0 0 0
 0 0 0 0 0
 0 0 0 0 0
 0 0 0 0 0
 0 0 0 0 0
 0.505614 0.472636 0.0217494 0 0
 0 0 0 0 0
 0.443492 0.261883 0.143347 0.151278 0
 0.227955 0.32914 0.350689 0.0885471 0.00366901
 0.970185 0.0296113 0.000203453 0 0
 0.997202 0.00247181 0.000326279 0 0
 0.445219 0.490057 0.0546422 0.010081 0
 0.90214 0.0892962 0.00764917 0.000914606 0
 0 0 0 0 0
 0.581667 0.319106 0.0959925 0.00289975 0.000334073
 0.762889 0.0836404 0.116647 0.0363945 0.000428098
 0.88444 0.0763242 0.0277011 0.0115352 0
 0.521256 0.241999 0.230069 0.00667565 0
 0.616807 0.101726 0.260614 0.0208532 0
 0.833518 0.0704572 0.0857862 0.0102388 0
 0.697417 0.212968 0.0787535 0.0105354 0.000325836
ppred_PELACES
 0.464811 0.103824 0.409105 0.0222585 7.09107e-07
 0.44866 0.257035 0.057109 0.224956 0.0122395
 0.599775 0.180384 0.102519 0.0227666 0.0945556
 0.772943 0.136681 0.0407457 0.0231447 0.0264858
 0.681254 0.246945 0.043233 0.0128797 0.0156877
 0.766979 0.159005 0.057347 0.0100367 0.00663194
 0.527467 0.363326 0.0745343 0.0268643 0.0078082
 0.493945 0.268704 0.182537 0.0374121 0.0174028
 0.569826 0.212991 0.115334 0.0783279 0.0235212
 0.716948 0.162093 0.059912 0.0324195 0.0286278
 0.823312 0.127083 0.0284161 0.0104954 0.0106939
 0.760392 0.197504 0.0302864 0.00676953 0.0050478
 0.708603 0.222421 0.0568657 0.00871137 0.00339886
 0.665435 0.238281 0.0735114 0.0187743 0.00399798
 0.75716 0.162818 0.0570166 0.0175648 0.00544079
 0.937902 0.0471995 0.00999229 0.00349568 0.0014104
 0.441626 0.524118 0.0260425 0.00550878 0.00270462
 0.905163 0.0420886 0.0495138 0.0024589 0.000775474
 0.636338 0.329498 0.0151672 0.0178318 0.00116478
 0.63562 0.232944 0.119097 0.00547778 0.00686047
 0.769682 0.146992 0.0532828 0.0272228 0.00282013
 0.776373 0.172506 0.0326337 0.0118223 0.00666566
 0.367389 0.492262 0.108281 0.0204707 0.0115969
 0.768021 0.0855695 0.113938 0.0250526 0.0074192
 0.666007 0.256868 0.0284557 0.0378759 0.0107942
 0.487218 0.342149 0.131241 0.0145337 0.0248577
 0.760804 0.11684 0.0816499 0.0313094 0.00939726
 0.729803 0.205849 0.0314376 0.0219615 0.0109487
 0.420058 0.423802 0.118965 0.0181629 0.0190134
 0.542052 0.192907 0.193699 0.0543565 0.0169861
 0.820745 0.0974385 0.034472 0.0346006 0.0127437
 0.532698 0.383932 0.0453256 0.0160295 0.0220148
pobs_pel_tallas
 0 0 0 0 0 0 0 0 0 0 0 0 0 0 0 0 0 0 0 0 0 0 0 0 0 0
 0 0 0 0 0 0 0 0 0 0 0 0 0 0 0 0 0 0 0 0 0 0 0 0 0 0
 0 0 0 0 0 0 0 0 0 0 0 0 0 0 0 0 0 0 0 0 0 0 0 0 0 0
 0 0 0 0 0 0 0 0 0 0 0 0 0 0 0 0 0 0 0 0 0 0 0 0 0 0
 0 0 0 0 0 0 0 0 0 0 0 0 0 0 0 0 0 0 0 0 0 0 0 0 0 0
 0 0 0 0 0 0 0 0 0 0 0 0 0 0 0 0 0 0 0 0 0 0 0 0 0 0
 0 0 0 0 0 0 0 0 0 0 0 0 0 0 0 0 0 0 0 0 0 0 0 0 0 0
 0 0 0 0 0 0 0 0 0 0 0 0 0 0 0 0 0 0 0 0 0 0 0 0 0 0
 0 0 0 0 0 0 0 0 0 0 0 0 0 0 0 0 0 0 0 0 0 0 0 0 0 0
 0 0 0 0 0 0 0 0 0 0 0 0 0 0 0 0 0 0 0 0 0 0 0 0 0 0
 0 0 0 0 0 0 0 0 0 0 0 0 0 0 0 0 0 0 0 0 0 0 0 0 0 0
 0 0 0 0 0 0 0 0 0 0 0 0 0 0 0 0 0 0 0 0 0 0 0 0 0 0
 0.00862536 0 0 0.000197151 0.00414017 0.0128641 0.00837892 0.0270097 0.101434 0.158115 0.152841 0.127902 0.109271 0.109419 0.0830992 0.0579132 0.0238553 0.00714673 0.00463305 0.00128148 0.00103504 0.000492878 0.000147863 0.000147863 4.92878e-05 0
 0 0 0 0 0 0 0 0 0 0 0 0 0 0 0 0 0 0 0 0 0 0 0 0 0 0
 0 0 0 0 0 0 0 0.0054083 0.00873648 0.0413646 0.0450493 0.0745869 0.0622846 0.0627006 0.0613931 0.0827291 0.12552 0.122667 0.0946155 0.0697135 0.0546179 0.0294188 0.0215738 0.0213955 0.0102223 0.00600262
 0 0 0 0 0.00359764 0.0251062 0.0480494 0.140153 0.205849 0.193036 0.1447 0.116669 0.0760912 0.0342217 0.00950174 0.001854 0.000860785 0 0 0 0.000165536 0 0.000143464 0 0 0
 0 0 0 0 0 0 0 0.000145254 0.000435761 0.0275982 0.070085 0.0708112 0.156366 0.174668 0.174014 0.160142 0.0824315 0.0480064 0.0283245 0.00493863 0.00203355 0 0 0 0 0
 0 0 0 0 0 0 0 0 0 0 0 0 0 0 0 0 0 0 0 0 0 0 0 0 0 0
 0 0 1.00437e-05 0.000401748 0.00122533 0.00171747 0.00176769 0.0269171 0.070346 0.194647 0.189555 0.159765 0.064822 0.0314167 0.0384472 0.0292271 0.0345202 0.0313363 0.0194345 0.0106764 0.0143323 0.0359363 0.0279516 0.0138201 0.00172751 0
 0 0.0021121 0.0136068 0.0755702 0.200478 0.177729 0.0527432 0.0373336 0.0318909 0.0142505 0.0149659 0.0166563 0.0217959 0.0798694 0.0677717 0.0528807 0.04013 0.0224614 0.0357745 0.0225083 0.00881397 0.00855152 0.00135912 0.000746735 0 0
 0 0 0 0 5.4009e-05 0.00500934 0.000945158 0.0243581 0.138947 0.33067 0.221406 0.137944 0.0707744 0.0437923 0.0131692 0.00525238 0.0047753 0.00276346 9.45158e-05 9.00151e-06 2.25038e-05 9.00151e-06 4.50075e-06 0 0 0
 0.000866109 0.00284123 0.00948549 0.0512746 0.133035 0.25785 0.225252 0.132002 0.0553304 0.0519788 0.0540692 0.017754 0.00435017 0.00159236 0.00146478 0.000404838 0.000125132 0.000115318 0.000107957 0.000100596 0 0 0 0 0 0
 0 0 0 0 0.00144013 0.00171154 0.00461396 0.0210425 0.0478622 0.0707936 0.0888783 0.103762 0.0637923 0.0337046 0.0602308 0.124433 0.169614 0.0934646 0.0462172 0.0250306 0.0313229 0.00938855 0.002487 0.000210481 0 0
 0 0.00764035 0.051015 0.0998891 0.058973 0.0496711 0.0374665 0.0718981 0.12319 0.153886 0.159021 0.0857701 0.0377988 0.023471 0.0147837 0.00900784 0.00315554 0.000888139 0.00291439 0.00214683 0.00393193 0.00274676 0.000635225 9.99891e-05 0 0
 0 0 0 0 0 0 0 0 0 0 0 0 0 0 0 0 0 0 0 0 0 0 0 0 0 0
 0 0 0 0 0 0 0 0 0 0 0 0 0 0 0 0 0 0 0 0 0 0 0 0 0 0
 0 0 0 0 0 0 0 0 0 0 0 0 0 0 0 0 0 0 0 0 0 0 0 0 0 0
 0 0 0 0 0 0 0 0 0 0 0 0 0 0 0 0 0 0 0 0 0 0 0 0 0 0
 0 0 0 0 0 0 0 0 0 0 0 0 0 0 0 0 0 0 0 0 0 0 0 0 0 0
 0 0 0 0 0 0 0 0 0 0 0 0 0 0 0 0 0 0 0 0 0 0 0 0 0 0
 0 0 0 0 0 0 0 0 0 0 0 0 0 0 0 0 0 0 0 0 0 0 0 0 0 0
 0 0 0 0 0 0 0 0 0 0 0 0 0 0 0 0 0 0 0 0 0 0 0 0 0 0
ppred_pel_tallas
 1.14065e-16 3.82859e-05 0.000372153 0.00247309 0.0112423 0.034979 0.0745269 0.108776 0.108787 0.0745791 0.035156 0.0117614 0.00380562 0.00337849 0.00603267 0.0106535 0.0170634 0.0250295 0.0342027 0.044205 0.0544705 0.0638935 0.0707184 0.0730368 0.0697138 0.0611044
 1.26345e-16 3.69556e-05 0.000359222 0.00238716 0.0108517 0.0337637 0.0719381 0.105001 0.105026 0.0720598 0.0341726 0.0120342 0.00536208 0.0068766 0.0124866 0.0207858 0.0304485 0.0394555 0.0458799 0.0491032 0.0502796 0.0515136 0.0543324 0.0586236 0.0627342 0.064488
 1.2129e-16 4.94027e-05 0.000480212 0.00319118 0.0145066 0.0451356 0.0961669 0.140362 0.14038 0.0962526 0.0454239 0.0153412 0.00529329 0.00509397 0.00888618 0.0148122 0.0218151 0.0284842 0.0334504 0.0361937 0.0373698 0.0382906 0.0399569 0.0424055 0.0447746 0.0458843
 1.08015e-16 6.36663e-05 0.000618859 0.00411254 0.018695 0.0581672 0.123932 0.180885 0.180898 0.123996 0.0583843 0.0193226 0.00569029 0.0040711 0.00664426 0.0109489 0.0159256 0.0203778 0.0231474 0.0237475 0.0226591 0.0209791 0.0196967 0.019162 0.019067 0.0188078
 1.05258e-16 5.61141e-05 0.000545449 0.0036247 0.0164774 0.0512674 0.109231 0.159431 0.159455 0.109348 0.0516582 0.0176066 0.00646001 0.00673802 0.0118262 0.0194875 0.0281283 0.0355073 0.039383 0.0387393 0.034389 0.0284059 0.022853 0.0187989 0.016193 0.0143886
 1.03825e-16 6.31751e-05 0.000614084 0.00408081 0.0185508 0.0577184 0.122976 0.17949 0.179505 0.123051 0.057971 0.0192811 0.00591691 0.00463145 0.00771969 0.0127324 0.0184998 0.0236088 0.0266555 0.0269832 0.0250405 0.0220076 0.019014 0.0165763 0.0145935 0.0127192
 1.0626e-16 4.34468e-05 0.000422319 0.00280646 0.0127578 0.0396944 0.0845743 0.123446 0.123481 0.0847456 0.0402698 0.0144203 0.00698179 0.00954415 0.0173884 0.0287333 0.041519 0.0524931 0.0583654 0.0576236 0.0514131 0.0427023 0.0344349 0.0281227 0.0237014 0.0203155
 1.12034e-16 4.06856e-05 0.000395479 0.0026281 0.011947 0.0371716 0.079199 0.115599 0.115625 0.0793268 0.0376014 0.0131915 0.00576369 0.00727872 0.0132256 0.0220949 0.0325152 0.0423398 0.0493741 0.0525726 0.0525406 0.050855 0.0488066 0.0466362 0.0437533 0.0395188
 1.15219e-16 4.69358e-05 0.000456233 0.00303183 0.0137823 0.0428819 0.0913651 0.133354 0.133375 0.0914663 0.0432221 0.014767 0.00551189 0.00589782 0.0104639 0.0174444 0.0256513 0.0333926 0.0389917 0.0417428 0.0422986 0.0420781 0.0421733 0.0426484 0.042683 0.0412732
 1.09867e-16 5.90541e-05 0.000574027 0.00381461 0.0173407 0.0539534 0.114954 0.167782 0.167798 0.115031 0.0542112 0.0180864 0.00569014 0.00468089 0.00789644 0.0130622 0.0190551 0.0244942 0.0280286 0.0290858 0.0282102 0.0266397 0.0254584 0.0249947 0.0248334 0.0242667
 1.03715e-16 6.78151e-05 0.000659187 0.00438053 0.0199133 0.0619576 0.132008 0.192672 0.192684 0.132068 0.062159 0.0204952 0.00584234 0.00385385 0.00614565 0.0100811 0.0145843 0.0184895 0.0206617 0.0205923 0.0186981 0.0160202 0.0135697 0.0118311 0.0107159 0.00985062
 1.02458e-16 6.26325e-05 0.00060881 0.00404576 0.0183914 0.0572227 0.12192 0.177949 0.177968 0.122013 0.0575351 0.0192939 0.00631115 0.00555491 0.00945841 0.0155435 0.0223991 0.028198 0.031121 0.0303306 0.0264624 0.0211826 0.0161789 0.0123735 0.00981229 0.00806285
 1.03147e-16 5.83667e-05 0.000567345 0.00377021 0.0171388 0.0533254 0.113616 0.165831 0.165852 0.113721 0.053678 0.0181577 0.00632948 0.00616059 0.0106995 0.0176445 0.0255242 0.0323308 0.0360481 0.0357314 0.0320393 0.0267295 0.0215498 0.0174067 0.0142987 0.0117911
 1.04742e-16 5.48111e-05 0.000532783 0.00354053 0.0160948 0.0500769 0.106695 0.155729 0.155752 0.106808 0.0504551 0.0171879 0.00628767 0.00654046 0.0114958 0.0190003 0.0275578 0.035059 0.0393809 0.0395334 0.0362089 0.0312282 0.0263565 0.0224382 0.0193651 0.0166211
 1.0437e-16 6.23663e-05 0.000606223 0.00402856 0.0183133 0.0569795 0.121401 0.177192 0.177208 0.121478 0.0572382 0.0190612 0.00590869 0.00472001 0.00790309 0.0130401 0.0189517 0.0241981 0.0273504 0.0277486 0.0258644 0.0229132 0.0200442 0.0177601 0.015916 0.0141123
 1.0089e-16 7.72538e-05 0.000750934 0.00499022 0.0226848 0.0705809 0.15038 0.219485 0.21949 0.150403 0.0706557 0.0229008 0.00553277 0.00193633 0.00233154 0.00374021 0.00539934 0.00683016 0.00760205 0.00751927 0.00673087 0.00562165 0.00457195 0.00377509 0.00321932 0.0027905
 1.01896e-16 3.63763e-05 0.000353591 0.00234974 0.0106816 0.0332347 0.0708118 0.103363 0.103413 0.0710582 0.0340618 0.0130697 0.0083403 0.0134183 0.0248109 0.040861 0.0586263 0.0732356 0.0797486 0.075888 0.0634217 0.0470237 0.0315637 0.019908 0.0124847 0.00823618
 1.01818e-16 7.45571e-05 0.000724722 0.00481603 0.021893 0.0681172 0.145131 0.211824 0.211828 0.145151 0.0681852 0.0220901 0.00531421 0.00182295 0.00219155 0.00358636 0.00534766 0.00711592 0.00856439 0.00951898 0.0100149 0.0101901 0.0101174 0.00973695 0.00893953 0.00770438
 1.02508e-16 5.24144e-05 0.000509487 0.00338572 0.015391 0.0478873 0.10203 0.148923 0.148954 0.102185 0.0484074 0.0168926 0.0071527 0.00872564 0.0156355 0.0257115 0.0369087 0.0461573 0.0503736 0.0481552 0.0406383 0.0307677 0.0215758 0.0147942 0.0105903 0.00819573
 1.05207e-16 5.23553e-05 0.000508912 0.0033819 0.0153736 0.0478332 0.101915 0.148752 0.148775 0.102025 0.0482043 0.0164473 0.0060833 0.00642709 0.0113534 0.0188461 0.0275131 0.0353648 0.0403761 0.0415621 0.0394748 0.0356613 0.0315681 0.0278067 0.0242249 0.0204706
 1.04783e-16 6.33978e-05 0.000616249 0.00409519 0.0186161 0.0579218 0.123409 0.180122 0.180136 0.123479 0.0581555 0.0192918 0.00579416 0.00433489 0.00715482 0.0118049 0.0171819 0.0219962 0.0249779 0.0255504 0.0241487 0.021858 0.0196747 0.0179861 0.0165844 0.0150466
 1.033e-16 6.39488e-05 0.000621605 0.00413079 0.018778 0.0584253 0.124482 0.181689 0.181705 0.124563 0.0586985 0.0195671 0.00611231 0.00495003 0.00829265 0.0136302 0.0196816 0.0248647 0.027614 0.0272159 0.0242265 0.0200745 0.0161779 0.0132666 0.0113053 0.00986369
 1.07267e-16 3.02615e-05 0.000294152 0.00195475 0.00888603 0.027648 0.0589087 0.085989 0.0860365 0.0591409 0.0284277 0.011139 0.00761298 0.0126562 0.0235377 0.0389421 0.0562758 0.0711481 0.0790857 0.078009 0.0694289 0.0573316 0.0456978 0.0366177 0.0300986 0.0251029
 1.07078e-16 6.32609e-05 0.000614918 0.00408635 0.0185759 0.0577967 0.123142 0.179732 0.17974 0.123183 0.0579355 0.018979 0.00510609 0.00286793 0.00442127 0.00741644 0.0111633 0.0150581 0.0185084 0.0212173 0.0232726 0.0249001 0.0261088 0.026571 0.0258405 0.0236992
 1.06513e-16 5.48581e-05 0.000533241 0.00354357 0.0161086 0.0501199 0.106787 0.155863 0.155888 0.106908 0.0505261 0.0172819 0.0064889 0.00696379 0.0122709 0.0202105 0.0291407 0.0367297 0.0406581 0.0399071 0.0353873 0.0293304 0.023929 0.0202733 0.0182052 0.016891
 1.09539e-16 4.01316e-05 0.000390094 0.00259231 0.0117843 0.0366655 0.0781209 0.114027 0.11406 0.0782827 0.0372093 0.0133568 0.00654598 0.0090425 0.0165358 0.0274391 0.0399111 0.0510039 0.0577181 0.0586513 0.0547643 0.0485769 0.0424852 0.0375612 0.0335519 0.0296843
 1.07117e-16 6.26664e-05 0.00060914 0.00404795 0.0184014 0.0572536 0.121985 0.178044 0.178055 0.122041 0.0574407 0.0189433 0.0054137 0.00360907 0.00581474 0.00965798 0.0142474 0.0186394 0.0219116 0.0236452 0.0241274 0.0240367 0.0238809 0.0236628 0.0229945 0.0214748
 1.05016e-16 6.01129e-05 0.000584319 0.00388301 0.0176516 0.0549208 0.117015 0.170791 0.170811 0.117112 0.0552465 0.0185926 0.00624576 0.00574447 0.00986719 0.016237 0.023434 0.0295833 0.0328264 0.0323347 0.0288097 0.024 0.0196272 0.0165535 0.0146781 0.0133896
 1.08581e-16 3.45997e-05 0.000336321 0.00223498 0.0101599 0.0316114 0.067353 0.0983123 0.0983532 0.0675531 0.0322836 0.0121026 0.00711601 0.0110071 0.0203458 0.0336999 0.0488216 0.0619805 0.0693791 0.0692504 0.0628581 0.0535211 0.0444949 0.0373977 0.0321056 0.0276871
 1.13965e-16 4.46482e-05 0.000433996 0.00288406 0.0131105 0.0407918 0.0869119 0.126854 0.126873 0.0870042 0.0411026 0.0140119 0.00516027 0.00544812 0.00970039 0.0163155 0.0243202 0.0323152 0.0388746 0.0433209 0.0459976 0.0477317 0.048966 0.0493416 0.0480335 0.0444511
 1.06647e-16 6.76037e-05 0.000657132 0.00436687 0.0198512 0.0617644 0.131596 0.19207 0.19208 0.131642 0.0619195 0.0202996 0.00549492 0.00312785 0.00478465 0.00786987 0.0114932 0.0148111 0.0170281 0.0178217 0.0175363 0.0169167 0.0165863 0.016682 0.0168731 0.0166596
 1.0674e-16 4.38777e-05 0.000426507 0.00283429 0.0128843 0.040088 0.0854131 0.124671 0.124708 0.0855939 0.040695 0.0146372 0.00723412 0.0100304 0.0182808 0.0301471 0.043415 0.0545868 0.060137 0.0584703 0.0508896 0.0407243 0.0313368 0.0245457 0.0203754 0.0178321
pSPR Fmed_Fpbrs
0.5447   0.6 0.325
Fs Fmed_Fpbrs
0.341307   0.282089 0.689517
SSBpbr Bo_Bmed_Bpbrs
3.04695e+06  1.50733e+06  1.67582e+06 837912
Ro
214207
SPR SPRFo_SPRFmed_SPRFpbrs
1.54188e+06 839863 501111
Fref
0.282089
Nvult_r0
 113756 83492.7 9868.72 3490.33 4793.6
CTP_r0
 5823.54 5267.18 630.28 223.06 306.36
YTP_r0
218837
Np
 263027 77426.5 16953.3 12146.3 1831.17
Nvult_p0
 185601 55860.3 12248.5 8776.18 1323.1
CTP_p0
 33833.3 9557.58 6953.54 821.292 390.262
 33833.3 12158.1 2693.42 1930.9 291.111
YTP_p0
 628734 602830
CBA_c0
373731
log_Ro
12.0947
likeval ReclasPelacesDesembMPH_pf_preclas_ppelaces_ptallas_desvR_qrecl_qpela
 16.2357 17.5225 0.0798818 0.000809856 230.484 129.445 111.761 0 22.2604 6.40899e-06 1.92164e-06 0.404634 7.2862e-16 0 0
q_reclas_q_pelaces
0.699058 0.821977
M
1
N
 224570 50989.3 201135 10943.9 0.34865
 129300 76302.2 16986.5 66918 3640.93
 133072 41190.8 23455.3 5209.27 21635.6
 230331 42563.5 12725.8 7229.75 8273.48
 185960 68410 11988.4 3571.71 4350.39
 297954 63676.7 23012.2 4027.97 2661.57
 128700 94557.7 19481.4 7023.28 2041.36
 62985.1 34605.6 23523.9 4821.56 2242.83
 56835.1 22079.2 11986.6 8141.65 2444.88
 72954.2 17335.7 6428.82 3479.37 3072.46
 134780 21072.5 4715.9 1741.89 1774.83
 169055 46588.4 7172.34 1603.48 1195.67
 140605 46643.7 11969.2 1833.95 715.549
 100951 39535.4 12269.8 3134.63 667.529
 105313 24034.1 8449.8 2603.64 806.5
 547537 29017.9 6164.38 2156.93 870.262
 127846 156647 7800.07 1650.14 810.164
 837488 40275.3 47486.8 2358.52 743.821
 481489 261598 12080.3 14204.9 927.88
 366574 140224 71897 3307.35 4142.22
 554903 109509 39782.7 20327.8 2105.85
 751473 174047 33016.4 11962.7 6744.88
 164692 225969 49784.1 9412.56 5332.34
 474474 53988.6 71988.2 15829.8 4687.95
 399985 157575 17480.8 23269.5 6631.58
 185827 132733 50970.9 5644.91 9654.8
 401238 62944.5 44049.2 16892.4 5070.12
 463441 133112 20353.6 14219.4 7089.01
 152203 156105 43867.8 6697.9 7011.55
 142214 51694.7 51980.1 14588 4558.67
 388249 47200.7 16725.2 16789 6183.57
 174622 127261 15035 5317.4 7302.87
pred_Ctot
 10917.5 3068.53 12257.7 667.399 0.0212627
 11085.4 8046.42 1813.26 7147.88 388.921
 11107.9 4230.87 2438.77 541.985 2251.1
 28542.5 6444.3 1949.48 1108.22 1268.26
 8182.4 3729.05 661.811 197.306 240.33
 26179.9 6879.45 2516.57 440.775 291.261
 22456.3 19974.1 4161.26 1501.07 436.309
 1883.33 1284.94 884.724 181.459 84.412
 6233.46 2966.13 1629.56 1107.55 332.6
 10104.3 2925.92 1097.67 594.439 524.937
 5171.63 1002.64 227.256 83.9971 85.5886
 27347.9 9145.42 1423.93 318.528 237.526
 21409.2 8633.27 2240.78 343.544 134.044
 23322 10940.1 3430.88 876.985 186.762
 17106.9 4736.87 1684.25 519.279 160.856
 78537.1 5067.61 1088.99 381.271 153.838
 11757.6 17701 892.137 188.856 92.7256
 80969 4780.42 5704.71 283.515 89.4171
 64632.9 42825 2000.71 2354.04 153.773
 44296.2 20714 10746.4 494.656 619.542
 52380.5 12695.9 4668.22 2386.85 247.274
 88180.3 24982.2 4795.38 1738.58 980.288
 11445.1 19370 4320.56 817.413 463.091
 29411.3 4133.28 5580.33 1227.89 363.649
 24975.5 12151.1 1364.87 1818.05 518.143
 9371.55 8283.76 3221.32 356.991 610.602
 25118.2 4866.2 3448.05 1323.16 397.15
 24898 8844.81 1369.49 957.389 477.317
 7433.24 9436.96 2685.54 410.313 429.542
 8866.37 3980.3 4052.39 1138.03 355.642
 27003.9 4049.42 1452.72 1459.22 537.467
 5823.54 5267.18 630.28 223.06 306.36
F
 0.0794867 0.0991952 0.100507 0.100577 0.100581
 0.143921 0.179606 0.181981 0.182107 0.182114
 0.139896 0.174583 0.176892 0.177015 0.177021
 0.213997 0.267057 0.270588 0.270777 0.270787
 0.0717121 0.0894929 0.0906762 0.0907394 0.0907427
 0.147729 0.184358 0.186795 0.186925 0.186932
 0.313468 0.391191 0.396364 0.39664 0.396655
 0.0482627 0.0602293 0.0610257 0.0610682 0.0610704
 0.187383 0.233844 0.236936 0.237101 0.23711
 0.241861 0.30183 0.305821 0.306034 0.306045
 0.0622936 0.0777391 0.078767 0.0788219 0.0788247
 0.287683 0.359013 0.36376 0.364013 0.364027
 0.268757 0.335395 0.33983 0.340066 0.340079
 0.435156 0.543052 0.550233 0.550616 0.550636
 0.289025 0.360688 0.365457 0.365711 0.365725
 0.251437 0.31378 0.317929 0.31815 0.318162
 0.155087 0.19354 0.196099 0.196236 0.196243
 0.1636 0.204164 0.206863 0.207007 0.207015
 0.233642 0.291573 0.295428 0.295634 0.295645
 0.20819 0.259811 0.263246 0.263429 0.263439
 0.159466 0.199005 0.201636 0.201777 0.201784
 0.201636 0.251632 0.254959 0.255136 0.255146
 0.115306 0.143896 0.145799 0.1459 0.145906
 0.102304 0.127671 0.129359 0.129449 0.129454
 0.103087 0.128647 0.130348 0.130439 0.130444
 0.082561 0.103032 0.104394 0.104467 0.104471
 0.103364 0.128993 0.130698 0.130789 0.130794
 0.0881535 0.110011 0.111466 0.111543 0.111547
 0.0798626 0.0996643 0.100982 0.101052 0.101056
 0.102922 0.128441 0.13014 0.13023 0.130235
 0.115409 0.144024 0.145929 0.14603 0.146036
 0.0539552 0.0673333 0.0682236 0.0682711 0.0682736
YTP_r0W_actual
 50082.4 130626 17584.8 8320.15 12223.8
YTP_p0W_proyectada
 255103 166780 167372 25722.9 13756.7
 255103 212159 64830.5 60475.9 10261.7
CTP_r0_actual
 5823.54 5267.18 630.28 223.06 306.36
CTP_p0_proyectada
 33833.3 9557.58 6953.54 821.292 390.262
 33833.3 12158.1 2693.42 1930.9 291.111
Wmedp
 7.54 17.45 24.07 31.32 35.25
Frms_r0
 0.0539552 0.0673333 0.0682236 0.0682711 0.0682736
Zrms_r0
 1.05396 1.06733 1.06822 1.06827 1.06827
nmprior
 7.27 8.72 9 0
nm_flota  nm_reclas  nm_pelaces    nm_pelaL
inf 11.714 18.8302 60.925
cv_recla  cv_pelaces  cv_mph
0.356457 0.458551 0.878232
 ------------------------------------------------
Talla a la edad & desviaci?n 
 8 13.2811 15.8009 17.003 17.5766
 0.8 1.32811 1.58009 1.7003 1.75766
