years
 1991 1992 1993 1994 1995 1996 1997 1998 1999 2000 2001 2002 2003 2004 2005 2006 2007 2008 2009 2010 2011 2012 2013 2014 2015 2016 2017 2018 2019 2020 2021 2022
reclasobs
 0 0 0 0 0 0 0 0 0 252601 567819 844713 477998 351125 339783 2.1784e+06 2.13404e+06 4.81314e+06 1.55562e+06 2.62356e+06 3.21686e+06 3.843e+06 1.13348e+06 3.07943e+06 1.97215e+06 2.03268e+06 2.025e+06 2.42433e+06 2.27542e+06 1.05018e+06 2.36338e+06 3.18982e+06
reclaspred
 3.64867e+06 1.87111e+06 935937 785850 696263 2.11657e+06 1.0609e+06 793269 525993 276892 493734 760023 738916 523309 465400 1.51323e+06 1.10284e+06 3.742e+06 2.86104e+06 1.92683e+06 3.18718e+06 2.73673e+06 1.84907e+06 3.09836e+06 2.24039e+06 1.88061e+06 2.34852e+06 2.81116e+06 2.20365e+06 1.29762e+06 1.9171e+06 1.96778e+06
pelacesobs
 0 0 0 0 0 0 0 0 0 0 0 0 0 0 0 552880 188675 0 991730 2.46772e+06 1.41603e+06 1.21717e+06 2.29649e+06 1.80582e+06 0 1.4828e+06 1.56532e+06 1.57751e+06 1.42118e+06 867257 1.10002e+06 1.06204e+06
pelacespred
 2.29371e+06 1.18875e+06 544092 338972 364230 1.13836e+06 501787 537163 287744 119834 266983 335904 367680 244659 222863 643208 525882 2.02056e+06 1.60062e+06 959112 1.62888e+06 1.39565e+06 1.06102e+06 1.89495e+06 1.36053e+06 1.16581e+06 1.57362e+06 1.69422e+06 1.3477e+06 862538 965482 1.16196e+06
mphobs
 0 0 0 0 0 0 0 0 0 0 0 498337 0 5186 125008 0 168611 109162 213762 579715 649985 157893 87575 83554 0 0 0 0 0 0 0 0
mphpred
 589737 362236 159411 89728.7 72410.3 87081 223181 92196.8 75407.6 37332.9 17854.8 62609.4 68188.4 51437.4 27519.8 34068.6 167356 109880 395644 236228 232254 282473 287739 192440 322830 252146 189782 223956 369809 215522 118635 259899
desembarqueobs
 494567 514787 250237 358949 120608 361735 552515 73892 212993 205616 52469 317467 293654 387597 252695 516296 358380 742168 942051 627588 828172 859565 418607 520667 417249 300574 415391 372974 316634 284311 391294 218835
desembarquepred
 494537 514510 250148 358928 120601 361660 552283 73892.2 212993 205607 52468.2 317420 293567 387317 252573 516064 358361 741799 941290 626989 828115 859211 418507 520607 417127 300507 415292 372857 316540 284210 391130 218831
Reclutas
 124896 88963.5 88154.9 85316.1 63925.8 222911 60201.6 21694.1 27115.9 36157.4 59940.7 108447 89024.1 67445.8 51514.2 281144 42223.9 488363 253024 207582 262812 401670 58044 199785 163481 66281.4 161925 193955 54792.1 50438.6 153495 47893.6
log_desv_Rt
 0.229674 -0.109581 -0.118713 -0.151444 -0.440085 0.808965 -0.500109 -1.52077 -1.29769 -1.00993 -0.504452 0.0884525 -0.108901 -0.386484 -0.655951 1.04106 -0.854822 1.59325 0.935677 0.737716 0.973631 1.39782 -0.536606 0.699432 0.498887 -0.403898 0.489322 0.669817 -0.594263 -0.67705 0.43586 -0.728825
SSB
 1.19897e+06 736450 324094 182424 147215 177041 453742 187442 153309 75900.2 36300 127289 138631 104576 55949.6 69263.8 340245 223392 804369 480267 472188 574286 584991 391243 656334 512629 385838 455317 751846 438169 241193 528391
BT
 1.78862e+06 1.22322e+06 565742 523398 346369 1.20691e+06 802369 430901 408977 281991 254769 515643 540772 591409 429120 939680 627370 2.29223e+06 2.01992e+06 1.21021e+06 1.91108e+06 1.77976e+06 1.04854e+06 1.93661e+06 1.29226e+06 1.04168e+06 1.60977e+06 1.59748e+06 1.09896e+06 831015 1.04944e+06 936828
Ftot
 0.356035 0.698275 0.698036 1.20849 0.490789 0.539481 1.23989 0.259205 1.09158 1.86527 0.34809 1.17988 1.1144 1.9528 1.57901 1.08655 0.831326 0.638857 0.888978 0.906158 0.75109 0.899506 0.588121 0.515622 0.513986 0.433999 0.533022 0.408587 0.368929 0.579721 0.630629 0.297483
BD_Bspro_t
 0.945016 0.656042 0.397128 0.295258 0.235972 0.320098 0.459673 0.232975 0.25656 0.175078 0.122029 0.402771 0.296355 0.209023 0.119912 0.14697 0.338957 0.246767 0.462201 0.316009 0.273331 0.311567 0.337383 0.283657 0.430312 0.429933 0.418854 0.490679 0.590273 0.465338 0.365508 0.507249
BD_Bspro
 1.67799 1.03068 0.453576 0.255307 0.20603 0.247773 0.635021 0.262329 0.214559 0.106224 0.0508026 0.178144 0.194017 0.146356 0.0783027 0.0969361 0.47618 0.312642 1.12573 0.672144 0.660837 0.803726 0.818707 0.547553 0.918553 0.717435 0.539989 0.637226 1.05222 0.613227 0.337554 0.739494
BD_Bo
 1.69253 1.03961 0.457508 0.25752 0.207816 0.249921 0.640526 0.264603 0.216419 0.107145 0.051243 0.179688 0.195699 0.147625 0.0789815 0.0977764 0.480308 0.315353 1.13549 0.677971 0.666565 0.810693 0.825805 0.552299 0.926516 0.723654 0.54467 0.64275 1.06135 0.618543 0.340481 0.745905
BD_Brms
 3.07734 1.8902 0.831833 0.468218 0.377848 0.454402 1.16459 0.481097 0.393488 0.194809 0.0931692 0.326705 0.355817 0.268408 0.143603 0.177775 0.873288 0.573368 2.06453 1.23267 1.21194 1.47399 1.50146 1.00418 1.68457 1.31573 0.990309 1.16864 1.92972 1.12462 0.619056 1.35619
Sel_flota
 0.617082 0.968373 0.998284 0.99991 0.999995
 0.617082 0.968373 0.998284 0.99991 0.999995
 0.617082 0.968373 0.998284 0.99991 0.999995
 0.617082 0.968373 0.998284 0.99991 0.999995
 0.617082 0.968373 0.998284 0.99991 0.999995
 0.617082 0.968373 0.998284 0.99991 0.999995
 0.617082 0.968373 0.998284 0.99991 0.999995
 0.617082 0.968373 0.998284 0.99991 0.999995
 0.617082 0.968373 0.998284 0.99991 0.999995
 0.617082 0.968373 0.998284 0.99991 0.999995
 0.617082 0.968373 0.998284 0.99991 0.999995
 0.617082 0.968373 0.998284 0.99991 0.999995
 0.617082 0.968373 0.998284 0.99991 0.999995
 0.617082 0.968373 0.998284 0.99991 0.999995
 0.617082 0.968373 0.998284 0.99991 0.999995
 0.617082 0.968373 0.998284 0.99991 0.999995
 0.617082 0.968373 0.998284 0.99991 0.999995
 0.617082 0.968373 0.998284 0.99991 0.999995
 0.617082 0.968373 0.998284 0.99991 0.999995
 0.617082 0.968373 0.998284 0.99991 0.999995
 0.617082 0.968373 0.998284 0.99991 0.999995
 0.617082 0.968373 0.998284 0.99991 0.999995
 0.617082 0.968373 0.998284 0.99991 0.999995
 0.617082 0.968373 0.998284 0.99991 0.999995
 0.617082 0.968373 0.998284 0.99991 0.999995
 0.617082 0.968373 0.998284 0.99991 0.999995
 0.617082 0.968373 0.998284 0.99991 0.999995
 0.617082 0.968373 0.998284 0.99991 0.999995
 0.617082 0.968373 0.998284 0.99991 0.999995
 0.617082 0.968373 0.998284 0.99991 0.999995
 0.617082 0.968373 0.998284 0.99991 0.999995
 0.617082 0.968373 0.998284 0.99991 0.999995
Sel_reclas
 0.867523 0.97055 0.994007 0.998803 0.999762
 0.867523 0.97055 0.994007 0.998803 0.999762
 0.867523 0.97055 0.994007 0.998803 0.999762
 0.867523 0.97055 0.994007 0.998803 0.999762
 0.867523 0.97055 0.994007 0.998803 0.999762
 0.867523 0.97055 0.994007 0.998803 0.999762
 0.867523 0.97055 0.994007 0.998803 0.999762
 0.867523 0.97055 0.994007 0.998803 0.999762
 0.867523 0.97055 0.994007 0.998803 0.999762
 0.867523 0.97055 0.994007 0.998803 0.999762
 0.867523 0.97055 0.994007 0.998803 0.999762
 0.867523 0.97055 0.994007 0.998803 0.999762
 0.867523 0.97055 0.994007 0.998803 0.999762
 0.867523 0.97055 0.994007 0.998803 0.999762
 0.867523 0.97055 0.994007 0.998803 0.999762
 0.867523 0.97055 0.994007 0.998803 0.999762
 0.867523 0.97055 0.994007 0.998803 0.999762
 0.867523 0.97055 0.994007 0.998803 0.999762
 0.867523 0.97055 0.994007 0.998803 0.999762
 0.867523 0.97055 0.994007 0.998803 0.999762
 0.867523 0.97055 0.994007 0.998803 0.999762
 0.867523 0.97055 0.994007 0.998803 0.999762
 0.867523 0.97055 0.994007 0.998803 0.999762
 0.867523 0.97055 0.994007 0.998803 0.999762
 0.867523 0.97055 0.994007 0.998803 0.999762
 0.867523 0.97055 0.994007 0.998803 0.999762
 0.867523 0.97055 0.994007 0.998803 0.999762
 0.867523 0.97055 0.994007 0.998803 0.999762
 0.867523 0.97055 0.994007 0.998803 0.999762
 0.867523 0.97055 0.994007 0.998803 0.999762
 0.867523 0.97055 0.994007 0.998803 0.999762
 0.867523 0.97055 0.994007 0.998803 0.999762
Sel_pelaces
 0.638626 0.898926 0.978146 0.99558 0.999119
 0.638626 0.898926 0.978146 0.99558 0.999119
 0.638626 0.898926 0.978146 0.99558 0.999119
 0.638626 0.898926 0.978146 0.99558 0.999119
 0.638626 0.898926 0.978146 0.99558 0.999119
 0.638626 0.898926 0.978146 0.99558 0.999119
 0.638626 0.898926 0.978146 0.99558 0.999119
 0.638626 0.898926 0.978146 0.99558 0.999119
 0.638626 0.898926 0.978146 0.99558 0.999119
 0.638626 0.898926 0.978146 0.99558 0.999119
 0.638626 0.898926 0.978146 0.99558 0.999119
 0.638626 0.898926 0.978146 0.99558 0.999119
 0.638626 0.898926 0.978146 0.99558 0.999119
 0.638626 0.898926 0.978146 0.99558 0.999119
 0.638626 0.898926 0.978146 0.99558 0.999119
 0.638626 0.898926 0.978146 0.99558 0.999119
 0.638626 0.898926 0.978146 0.99558 0.999119
 0.638626 0.898926 0.978146 0.99558 0.999119
 0.638626 0.898926 0.978146 0.99558 0.999119
 0.638626 0.898926 0.978146 0.99558 0.999119
 0.638626 0.898926 0.978146 0.99558 0.999119
 0.638626 0.898926 0.978146 0.99558 0.999119
 0.638626 0.898926 0.978146 0.99558 0.999119
 0.638626 0.898926 0.978146 0.99558 0.999119
 0.638626 0.898926 0.978146 0.99558 0.999119
 0.638626 0.898926 0.978146 0.99558 0.999119
 0.638626 0.898926 0.978146 0.99558 0.999119
 0.638626 0.898926 0.978146 0.99558 0.999119
 0.638626 0.898926 0.978146 0.99558 0.999119
 0.638626 0.898926 0.978146 0.99558 0.999119
 0.638626 0.898926 0.978146 0.99558 0.999119
 0.638626 0.898926 0.978146 0.99558 0.999119
pf_obs 
 0.8446 0.082 0.0669 0.0065 0
 0.8095 0.147 0.0364 0.0071 0
 0.9664 0.0169 0.016 0.0007 0
 0.9276 0.0648 0.0075 0.0001 0
 0.7033 0.2144 0.0806 0.0017 0
 0.9318 0.0425 0.0243 0.0014 0
 0.5671 0.3108 0.0964 0.0239 0.0018
 0.0768 0.2599 0.5324 0.112 0.0189
 0.490249 0.384438 0.106611 0.0170017 0.00170017
 0.7925 0.1577 0.0466 0.003 0.0002
 0.840416 0.127587 0.0312969 0.00059994 9.999e-05
 0.8084 0.0986 0.0794 0.0134 0.0002
 0.7335 0.1905 0.0724 0.0035 0.0001
 0.4001 0.4547 0.1325 0.0127 0
 0.49795 0.308269 0.164784 0.0264974 0.00249975
 0.9179 0.0499 0.0305 0.0017 0
 0.2467 0.6533 0.0926 0.0074 0
 0.9418 0.0223 0.034 0.0019 0
 0.707729 0.231977 0.0356964 0.0245975 0
 0.517169 0.277429 0.184464 0.0207286 0.00020938
 0.811772 0.124168 0.05621 0.00726502 0.000585176
 0.764997 0.148141 0.077277 0.00933861 0.000247198
 0.163321 0.427699 0.378323 0.0303852 0.000271297
 0.753843 0.0900009 0.118128 0.0371064 0.000921714
 0.721811 0.176058 0.0630433 0.0369309 0.00215725
 0.143369 0.312575 0.442814 0.0836902 0.0175525
 0.692698 0.0596174 0.167031 0.0765114 0.00414204
 0.394062 0.376323 0.152708 0.0712218 0.00568511
 0.125707 0.32114 0.495352 0.0537591 0.00404204
 0.23352 0.215282 0.420074 0.123614 0.00750983
 0.796117 0.104755 0.0508955 0.0450114 0.00322123
 0.162477 0.292055 0.404252 0.121198 0.0200186
pf_pred 
 0.493879 0.179884 0.296587 0.0296492 9.8131e-07
 0.51214 0.303888 0.0669066 0.106445 0.0106211
 0.655154 0.226251 0.0750897 0.0158452 0.0276608
 0.69862 0.233835 0.044975 0.0143029 0.00826725
 0.707214 0.241771 0.0400559 0.0073044 0.0036549
 0.876296 0.0996305 0.0200113 0.00319111 0.000871264
 0.41231 0.543699 0.0357019 0.00689316 0.00139634
 0.450276 0.323574 0.210055 0.01307 0.00302579
 0.625612 0.215071 0.0950904 0.059663 0.00456335
 0.811007 0.145911 0.025298 0.0106261 0.00715726
 0.896879 0.0941187 0.00705892 0.00114272 0.000800245
 0.807604 0.179957 0.0113887 0.000824143 0.0002264
 0.751478 0.222349 0.0245633 0.00147432 0.000135606
 0.73459 0.227843 0.033791 0.00354452 0.000231664
 0.822235 0.155379 0.0194079 0.00268023 0.000298362
 0.963172 0.0336035 0.00283993 0.000333366 5.09906e-05
 0.357141 0.630647 0.0111923 0.000899074 0.000121346
 0.948571 0.0260352 0.0249321 0.00042293 3.8465e-05
 0.591509 0.396562 0.00616195 0.00566191 0.000104546
 0.668712 0.242176 0.0866282 0.00128486 0.00119939
 0.770536 0.182063 0.0350826 0.0119753 0.00034253
 0.802381 0.169959 0.0221443 0.00408488 0.00143087
 0.294461 0.624031 0.0705543 0.00877413 0.00217992
 0.79495 0.0864841 0.105351 0.0114427 0.00177268
 0.645492 0.308963 0.019643 0.0230201 0.00288164
 0.436838 0.426726 0.119507 0.00731014 0.00961922
 0.771541 0.129779 0.0754434 0.0203587 0.0028781
 0.722812 0.23698 0.0232287 0.0129873 0.00399169
 0.350399 0.528699 0.103917 0.00982063 0.00716412
 0.506205 0.233875 0.212952 0.040381 0.0065871
 0.841068 0.102573 0.0272617 0.0238489 0.00524866
 0.42914 0.516037 0.0359059 0.00916098 0.00975622
pobs_RECLAS
 0 0 0 0 0
 0 0 0 0 0
 0 0 0 0 0
 0 0 0 0 0
 0 0 0 0 0
 0 0 0 0 0
 0 0 0 0 0
 0 0 0 0 0
 0 0 0 0 0
 0 0 0 0 0
 0.991045 0.00858322 0.000360255 1.14367e-05 0
 0.934742 0.0480273 0.0164251 0.00080598 0
 0.827803 0.169806 0.00239088 0 0
 0.941827 0.0461693 0.0120037 0 0
 0.791401 0.0380133 0.147996 0.0225897 0
 0.846168 0.0940531 0.0597789 0 0
 0.134021 0.677848 0.182769 0.00536245 0
 0.80878 0.0450904 0.141981 0.00414843 0
 0.846168 0.0940531 0.0597789 0 0
 0.905697 0.0802665 0.012482 0.00150086 5.37128e-05
 0.989698 0.0102097 9.19794e-05 0 0
 0.975433 0.0193895 0.00387452 0.00125025 5.28907e-05
 0.303575 0.632131 0.0575291 0.00676475 0
 0.966965 0.00978017 0.0227588 0.000495775 0
 0.843318 0.132988 0.00938335 0.0141283 0.000182051
 0.564624 0.303363 0.111486 0.0197234 0.00080311
 0.826376 0.0876187 0.0782897 0.00655872 0.00115652
 0.89761 0.0855135 0.0140674 0.00269457 0.000114338
 0.34875 0.467042 0.161289 0.0227151 0.000203297
 0.318654 0.224769 0.449479 0.00709798 0
 0.937255 0.0296025 0.0250945 0.00804832 0
 0.456809 0.399803 0.12412 0.0192676 0
ppred_RECLAS
 0.582172 0.149214 0.244131 0.0244817 8.10985e-07
 0.603549 0.247634 0.0540142 0.0861951 0.008608
 0.733694 0.175203 0.0576067 0.0121929 0.0213035
 0.776761 0.173656 0.0329802 0.0105183 0.0060849
 0.775728 0.185438 0.0304693 0.00557343 0.00279119
 0.910485 0.0722067 0.01438 0.00230019 0.000628563
 0.513123 0.450846 0.0292255 0.00565876 0.00114727
 0.5376 0.272968 0.175909 0.0109798 0.00254412
 0.713557 0.165293 0.0722236 0.0454471 0.00347902
 0.872352 0.0989318 0.0168428 0.00709265 0.00478129
 0.925165 0.0683438 0.00508663 0.000826017 0.000578962
 0.862554 0.12866 0.00804158 0.000583599 0.000160458
 0.8182 0.162855 0.0177767 0.00107007 9.85077e-05
 0.816212 0.158191 0.0230178 0.00242051 0.000158333
 0.877397 0.107368 0.0132029 0.00182823 0.000203691
 0.974898 0.0229271 0.00191494 0.000225439 3.45121e-05
 0.447546 0.54206 0.0095233 0.000767297 0.00010365
 0.963901 0.0183555 0.0174199 0.000296401 2.69807e-05
 0.679441 0.31128 0.00478643 0.0044111 8.15203e-05
 0.747823 0.184863 0.0654312 0.000973354 0.000909382
 0.829943 0.135174 0.0257974 0.00883244 0.000252853
 0.856196 0.123847 0.0159672 0.00295417 0.00103569
 0.375174 0.553172 0.0619972 0.00773365 0.00192308
 0.847956 0.0644265 0.0778242 0.00847899 0.0013147
 0.722927 0.24168 0.0152369 0.0179116 0.00224411
 0.525678 0.360068 0.100032 0.00613792 0.00808375
 0.829239 0.0973267 0.0561 0.0151855 0.00214863
 0.788045 0.181381 0.0176386 0.00989254 0.00304316
 0.434391 0.460961 0.0899029 0.00852279 0.00622276
 0.596625 0.191869 0.173187 0.0329414 0.00537819
 0.884309 0.0748595 0.0197182 0.0173025 0.00381123
 0.516026 0.437756 0.0302324 0.00773767 0.00824761
pobs_PELACES
 0 0 0 0 0
 0 0 0 0 0
 0 0 0 0 0
 0 0 0 0 0
 0 0 0 0 0
 0 0 0 0 0
 0 0 0 0 0
 0 0 0 0 0
 0 0 0 0 0
 0 0 0 0 0
 0 0 0 0 0
 0 0 0 0 0
 0 0 0 0 0
 0 0 0 0 0
 0 0 0 0 0
 0 0 0 0 0
 0.505614 0.472636 0.0217494 0 0
 0 0 0 0 0
 0.443492 0.261883 0.143347 0.151278 0
 0.227955 0.32914 0.350689 0.0885471 0.00366901
 0.970185 0.0296113 0.000203453 0 0
 0.997202 0.00247181 0.000326279 0 0
 0.445219 0.490057 0.0546422 0.010081 0
 0.90214 0.0892962 0.00764917 0.000914606 0
 0 0 0 0 0
 0.581667 0.319106 0.0959925 0.00289975 0.000334073
 0.762889 0.0836404 0.116647 0.0363945 0.000428098
 0.88444 0.0763242 0.0277011 0.0115352 0
 0.521256 0.241999 0.230069 0.00667565 0
 0.616807 0.101726 0.260614 0.0208532 0
 0.833518 0.0704572 0.0857862 0.0102388 0
 0.697417 0.212968 0.0787535 0.0105354 0.000325836
ppred_PELACES
 0.526349 0.162872 0.282126 0.0286523 9.51592e-07
 0.561663 0.267398 0.0615419 0.0994408 0.00995636
 0.699342 0.193781 0.0672296 0.0144084 0.0252391
 0.75865 0.185499 0.0369856 0.0119405 0.00692537
 0.742265 0.210901 0.0366393 0.00678695 0.00340769
 0.894831 0.0838737 0.0176524 0.00285932 0.000783369
 0.490685 0.469814 0.0319634 0.00626478 0.00127338
 0.481631 0.298578 0.203906 0.0128902 0.0029945
 0.68698 0.176422 0.0810228 0.0516133 0.00396117
 0.86962 0.099955 0.0177498 0.00756375 0.00511181
 0.910521 0.0812803 0.0064052 0.0010534 0.000740241
 0.850752 0.139251 0.00914002 0.000671471 0.00018509
 0.801924 0.176485 0.0202437 0.00123359 0.000113852
 0.814812 0.158438 0.024026 0.00255652 0.000167655
 0.871634 0.111752 0.0143744 0.0020145 0.000225015
 0.972108 0.0253595 0.00222638 0.000265339 4.07243e-05
 0.414617 0.573777 0.0106225 0.000866547 0.000117358
 0.956974 0.0212917 0.0213333 0.000367558 3.35441e-05
 0.650873 0.338438 0.00548072 0.00511384 9.475e-05
 0.720768 0.20182 0.0752183 0.00113287 0.00106113
 0.807025 0.151586 0.0305091 0.0105765 0.000303559
 0.839019 0.137575 0.0186782 0.00349875 0.00122976
 0.33666 0.583378 0.0690636 0.00872381 0.00217489
 0.819884 0.0738286 0.0942698 0.0104007 0.00161683
 0.685831 0.271786 0.0181128 0.0215619 0.00270841
 0.477305 0.391157 0.114962 0.00714359 0.0094325
 0.80009 0.11107 0.0676628 0.018547 0.00263102
 0.7543 0.208331 0.0214379 0.0121763 0.00375534
 0.386509 0.494435 0.102081 0.00980054 0.00717416
 0.549478 0.207877 0.198217 0.0381782 0.00624923
 0.864753 0.0856103 0.0238095 0.0211557 0.00467197
 0.465756 0.480267 0.0351363 0.00910765 0.00973295
pobs_pel_tallas
 0 0 0 0 0 0 0 0 0 0 0 0 0 0 0 0 0 0 0 0 0 0 0 0 0 0
 0 0 0 0 0 0 0 0 0 0 0 0 0 0 0 0 0 0 0 0 0 0 0 0 0 0
 0 0 0 0 0 0 0 0 0 0 0 0 0 0 0 0 0 0 0 0 0 0 0 0 0 0
 0 0 0 0 0 0 0 0 0 0 0 0 0 0 0 0 0 0 0 0 0 0 0 0 0 0
 0 0 0 0 0 0 0 0 0 0 0 0 0 0 0 0 0 0 0 0 0 0 0 0 0 0
 0 0 0 0 0 0 0 0 0 0 0 0 0 0 0 0 0 0 0 0 0 0 0 0 0 0
 0 0 0 0 0 0 0 0 0 0 0 0 0 0 0 0 0 0 0 0 0 0 0 0 0 0
 0 0 0 0 0 0 0 0 0 0 0 0 0 0 0 0 0 0 0 0 0 0 0 0 0 0
 0 0 0 0 0 0 0 0 0 0 0 0 0 0 0 0 0 0 0 0 0 0 0 0 0 0
 0 0 0 0 0 0 0 0 0 0 0 0 0 0 0 0 0 0 0 0 0 0 0 0 0 0
 0 0 0 0 0 0 0 0 0 0 0 0 0 0 0 0 0 0 0 0 0 0 0 0 0 0
 0 0 0 0 0 0 0 0 0 0 0 0 0 0 0 0 0 0 0 0 0 0 0 0 0 0
 0.00862536 0 0 0.000197151 0.00414017 0.0128641 0.00837892 0.0270097 0.101434 0.158115 0.152841 0.127902 0.109271 0.109419 0.0830992 0.0579132 0.0238553 0.00714673 0.00463305 0.00128148 0.00103504 0.000492878 0.000147863 0.000147863 4.92878e-05 0
 0 0 0 0 0 0 0 0 0 0 0 0 0 0 0 0 0 0 0 0 0 0 0 0 0 0
 0 0 0 0 0 0 0 0.0054083 0.00873648 0.0413646 0.0450493 0.0745869 0.0622846 0.0627006 0.0613931 0.0827291 0.12552 0.122667 0.0946155 0.0697135 0.0546179 0.0294188 0.0215738 0.0213955 0.0102223 0.00600262
 0 0 0 0 0.00359764 0.0251062 0.0480494 0.140153 0.205849 0.193036 0.1447 0.116669 0.0760912 0.0342217 0.00950174 0.001854 0.000860785 0 0 0 0.000165536 0 0.000143464 0 0 0
 0 0 0 0 0 0 0 0.000145254 0.000435761 0.0275982 0.070085 0.0708112 0.156366 0.174668 0.174014 0.160142 0.0824315 0.0480064 0.0283245 0.00493863 0.00203355 0 0 0 0 0
 0 0 0 0 0 0 0 0 0 0 0 0 0 0 0 0 0 0 0 0 0 0 0 0 0 0
 0 0 1.00437e-05 0.000401748 0.00122533 0.00171747 0.00176769 0.0269171 0.070346 0.194647 0.189555 0.159765 0.064822 0.0314167 0.0384472 0.0292271 0.0345202 0.0313363 0.0194345 0.0106764 0.0143323 0.0359363 0.0279516 0.0138201 0.00172751 0
 0 0.0021121 0.0136068 0.0755702 0.200478 0.177729 0.0527432 0.0373336 0.0318909 0.0142505 0.0149659 0.0166563 0.0217959 0.0798694 0.0677717 0.0528807 0.04013 0.0224614 0.0357745 0.0225083 0.00881397 0.00855152 0.00135912 0.000746735 0 0
 0 0 0 0 5.4009e-05 0.00500934 0.000945158 0.0243581 0.138947 0.33067 0.221406 0.137944 0.0707744 0.0437923 0.0131692 0.00525238 0.0047753 0.00276346 9.45158e-05 9.00151e-06 2.25038e-05 9.00151e-06 4.50075e-06 0 0 0
 0.000866109 0.00284123 0.00948549 0.0512746 0.133035 0.25785 0.225252 0.132002 0.0553304 0.0519788 0.0540692 0.017754 0.00435017 0.00159236 0.00146478 0.000404838 0.000125132 0.000115318 0.000107957 0.000100596 0 0 0 0 0 0
 0 0 0 0 0.00144013 0.00171154 0.00461396 0.0210425 0.0478622 0.0707936 0.0888783 0.103762 0.0637923 0.0337046 0.0602308 0.124433 0.169614 0.0934646 0.0462172 0.0250306 0.0313229 0.00938855 0.002487 0.000210481 0 0
 0 0.00764035 0.051015 0.0998891 0.058973 0.0496711 0.0374665 0.0718981 0.12319 0.153886 0.159021 0.0857701 0.0377988 0.023471 0.0147837 0.00900784 0.00315554 0.000888139 0.00291439 0.00214683 0.00393193 0.00274676 0.000635225 9.99891e-05 0 0
 0 0 0 0 0 0 0 0 0 0 0 0 0 0 0 0 0 0 0 0 0 0 0 0 0 0
 0 0 0 0 0 0 0 0 0 0 0 0 0 0 0 0 0 0 0 0 0 0 0 0 0 0
 0 0 0 0 0 0 0 0 0 0 0 0 0 0 0 0 0 0 0 0 0 0 0 0 0 0
 0 0 0 0 0 0 0 0 0 0 0 0 0 0 0 0 0 0 0 0 0 0 0 0 0 0
 0 0 0 0 0 0 0 0 0 0 0 0 0 0 0 0 0 0 0 0 0 0 0 0 0 0
 0 0 0 0 0 0 0 0 0 0 0 0 0 0 0 0 0 0 0 0 0 0 0 0 0 0
 0 0 0 0 0 0 0 0 0 0 0 0 0 0 0 0 0 0 0 0 0 0 0 0 0 0
 0 0 0 0 0 0 0 0 0 0 0 0 0 0 0 0 0 0 0 0 0 0 0 0 0 0
ppred_pel_tallas
 1.11057e-16 4.33547e-05 0.000421423 0.0028005 0.0127307 0.03961 0.0843939 0.123179 0.123195 0.0844728 0.0398761 0.0135044 0.00476218 0.0047686 0.00848915 0.0144598 0.0219749 0.0300248 0.0375231 0.0438374 0.048915 0.0528301 0.0552185 0.0552232 0.052058 0.0456885
 1.13502e-16 4.62635e-05 0.000449698 0.0029884 0.0135848 0.0422676 0.0900566 0.131446 0.131472 0.0901829 0.042692 0.0148115 0.00607135 0.00719329 0.0128949 0.0213582 0.0310443 0.0396696 0.0449769 0.0460319 0.043803 0.0404542 0.0379043 0.0367745 0.0363721 0.0354544
 1.07706e-16 5.76039e-05 0.00055993 0.00372093 0.0169148 0.0526284 0.112131 0.163663 0.163681 0.112223 0.0529363 0.017805 0.00595881 0.00545675 0.00939175 0.015526 0.0225757 0.0288507 0.03267 0.0332769 0.0312704 0.0281342 0.0252558 0.0232158 0.0217706 0.0203257
 1.03485e-16 6.2489e-05 0.000607416 0.00403649 0.0183493 0.0570916 0.12164 0.177541 0.177559 0.121728 0.0573854 0.019198 0.00616785 0.00526353 0.00891526 0.0146663 0.0211846 0.026776 0.0297584 0.0293625 0.0261799 0.0217368 0.0175477 0.0143912 0.012232 0.0106182
 1.02369e-16 6.11394e-05 0.000594297 0.00394931 0.017953 0.0558586 0.119013 0.173708 0.173728 0.119113 0.0561923 0.0189171 0.00636974 0.00587983 0.0101043 0.0166207 0.0239669 0.0302014 0.0333843 0.0326158 0.0285593 0.0229683 0.0176181 0.0134767 0.0105981 0.00854883
 1.00951e-16 7.37061e-05 0.000716449 0.00476106 0.0216431 0.0673397 0.143475 0.209407 0.209415 0.143514 0.0674725 0.0220268 0.00572472 0.00282155 0.0040758 0.00663214 0.00957135 0.012087 0.0134085 0.0131771 0.0116482 0.00950264 0.0074257 0.00578526 0.00459713 0.00369826
 1.01887e-16 4.04171e-05 0.000392869 0.00261075 0.0118681 0.0369264 0.0786773 0.114841 0.114887 0.0788983 0.0376682 0.0140098 0.00798377 0.0121129 0.0222714 0.0366829 0.052669 0.0658732 0.0718797 0.068648 0.0577419 0.0433058 0.0296444 0.0192731 0.0125503 0.00854355
 1.07761e-16 3.96714e-05 0.00038562 0.00256258 0.0116491 0.036245 0.0772248 0.112718 0.112747 0.0773668 0.0367223 0.0130312 0.00604361 0.00802429 0.0146625 0.0244776 0.0359536 0.0466562 0.0540679 0.0569292 0.0558225 0.0524626 0.0483508 0.0439565 0.0389429 0.0329577
 1.0823e-16 5.65857e-05 0.000550033 0.00365516 0.0166159 0.0516982 0.110149 0.160769 0.160787 0.110233 0.0519793 0.0174293 0.00570217 0.00503613 0.00862844 0.014313 0.0209415 0.0270385 0.0311419 0.0326028 0.0319354 0.0303586 0.0289073 0.0278405 0.0267169 0.0249147
 1.02162e-16 7.16294e-05 0.000696264 0.00462692 0.0210333 0.0654424 0.139432 0.203508 0.203517 0.13948 0.0656007 0.0214904 0.00577479 0.00320352 0.0048377 0.00789608 0.0113963 0.0143943 0.0159825 0.0157516 0.0140308 0.0116562 0.0094551 0.00784951 0.00680854 0.00606446
 1.00437e-16 7.49984e-05 0.000729011 0.00484454 0.0220226 0.0685204 0.14599 0.213079 0.213087 0.146029 0.0686488 0.0223932 0.00577443 0.00275761 0.00392362 0.00635717 0.00912534 0.0114222 0.0124817 0.0119519 0.0101024 0.00764685 0.00532426 0.00356324 0.00242035 0.00173146
 1.00399e-16 7.00754e-05 0.000681158 0.00452653 0.020577 0.0640227 0.136408 0.199094 0.199107 0.136473 0.0642425 0.0212117 0.00611883 0.00415421 0.00665732 0.010872 0.0156003 0.0195022 0.0212624 0.0202729 0.0169955 0.0126599 0.00854731 0.00541224 0.003372 0.00216009
 1.00773e-16 6.60534e-05 0.000642063 0.00426673 0.019396 0.0603481 0.128579 0.187668 0.187685 0.128662 0.060627 0.0202014 0.00628791 0.00505271 0.00843785 0.013832 0.0198877 0.024941 0.0273392 0.0263132 0.0224282 0.0171989 0.012191 0.00830843 0.00567493 0.00396635
 1.01019e-16 6.7115e-05 0.000652382 0.00433531 0.0197077 0.061318 0.130645 0.190683 0.190699 0.13072 0.0615686 0.0204314 0.00615203 0.0046184 0.00759952 0.0124576 0.0179388 0.0225555 0.0248351 0.0240907 0.0208184 0.016349 0.0120455 0.00867714 0.00632825 0.00470691
 1.00684e-16 7.17953e-05 0.000697876 0.00463763 0.021082 0.065594 0.139755 0.203979 0.20399 0.139808 0.0657707 0.0215922 0.00591814 0.00349271 0.00537809 0.00877308 0.0126203 0.0158466 0.0174087 0.0168225 0.0144446 0.0112266 0.00814666 0.00576067 0.00413264 0.00304962
 1.00105e-16 8.00713e-05 0.000778321 0.00517222 0.0235122 0.073155 0.155865 0.22749 0.227492 0.155877 0.0731951 0.0236278 0.00546241 0.00141143 0.0012813 0.00198847 0.00284941 0.00356751 0.00390026 0.00373709 0.00316104 0.00239324 0.00166293 0.00110344 0.000733525 0.00050453
 1.00561e-16 3.41516e-05 0.000331965 0.00220603 0.0100283 0.0312021 0.0664815 0.0970433 0.0970984 0.0667511 0.032107 0.0126405 0.00875718 0.0146143 0.0271031 0.0446065 0.0639101 0.0796437 0.0863584 0.0815427 0.0671583 0.0484067 0.0307501 0.0174683 0.00913437 0.00462192
 1.00664e-16 7.88247e-05 0.000766204 0.00509169 0.0231461 0.0720161 0.153438 0.223948 0.22395 0.153448 0.0720504 0.0232454 0.00534229 0.00131767 0.00113905 0.00179176 0.00265083 0.00349326 0.0041436 0.00451072 0.00461881 0.00455562 0.00438479 0.00410369 0.00367573 0.0030935
 1.00774e-16 5.36116e-05 0.000521124 0.00346305 0.0157426 0.0489811 0.104361 0.152324 0.152357 0.10452 0.0495148 0.0172833 0.00732735 0.00894595 0.0160216 0.0263178 0.037709 0.0470057 0.0509993 0.0482181 0.0398286 0.0289031 0.018657 0.011004 0.00624916 0.00369266
 1.02516e-16 5.93687e-05 0.000577085 0.00383493 0.0174331 0.0542408 0.115567 0.168677 0.168696 0.115662 0.0545614 0.0183599 0.00616483 0.00567412 0.00977112 0.0161412 0.0234337 0.0298532 0.0335885 0.0337653 0.0309095 0.0264929 0.021963 0.0180478 0.0147478 0.0117785
 1.02032e-16 6.64736e-05 0.000646147 0.00429388 0.0195194 0.060732 0.129397 0.188861 0.188876 0.129468 0.0609721 0.0202129 0.00603547 0.00445064 0.00729956 0.0119826 0.0173023 0.0218581 0.0242673 0.0238907 0.0211992 0.0174287 0.0138131 0.010999 0.00898504 0.00744405
 1.01134e-16 6.91089e-05 0.000671763 0.0044641 0.0202932 0.0631396 0.134526 0.196348 0.196361 0.134591 0.0633572 0.0209214 0.00604099 0.00411384 0.00660539 0.0108083 0.0155573 0.0195508 0.0215105 0.0208449 0.0179948 0.0141286 0.0104411 0.00760264 0.00567545 0.00438319
 1.03386e-16 2.77304e-05 0.000269549 0.00179125 0.0081428 0.0253356 0.0539822 0.0788004 0.0788566 0.0542568 0.0262576 0.0108055 0.00847362 0.0148529 0.0277112 0.0457338 0.0657955 0.0825595 0.09059 0.0873587 0.0747414 0.0577376 0.0414965 0.0289625 0.0204924 0.0149684
 1.04057e-16 6.75328e-05 0.000656443 0.00436229 0.0198304 0.0616996 0.131458 0.191868 0.191875 0.131493 0.0618191 0.0201772 0.00523938 0.0025922 0.00380562 0.00634544 0.00950871 0.012737 0.0154837 0.0174576 0.0187136 0.0194572 0.0197518 0.0194147 0.0181871 0.0159987
 1.03213e-16 5.64911e-05 0.000549113 0.00364905 0.0165881 0.0516118 0.109965 0.160503 0.160529 0.110093 0.052041 0.0178275 0.00675896 0.00733414 0.0129313 0.0212602 0.030557 0.0383 0.0419689 0.0404255 0.0346098 0.0269259 0.0198207 0.0146466 0.0114639 0.00958289
 1.05731e-16 3.93151e-05 0.000382157 0.00253957 0.0115445 0.0359195 0.0765317 0.111708 0.111746 0.0767164 0.0365399 0.0133377 0.00704513 0.0102322 0.018788 0.0311065 0.045057 0.0571787 0.0639422 0.0636781 0.0575047 0.0484437 0.0394906 0.032187 0.0265299 0.0218114
 1.04287e-16 6.59023e-05 0.000640594 0.00425697 0.0193516 0.06021 0.128284 0.187237 0.187248 0.128337 0.0603875 0.0198652 0.00555034 0.00347795 0.00549553 0.00908835 0.0133377 0.0173021 0.0200582 0.0211691 0.0208971 0.019925 0.0188302 0.0177546 0.0164811 0.0147491
 1.02529e-16 6.21307e-05 0.000603933 0.00401335 0.0182441 0.0567643 0.120943 0.176524 0.176544 0.121041 0.0570935 0.0191949 0.00639955 0.00581159 0.00994834 0.0163381 0.0235071 0.0295171 0.0324408 0.031401 0.0270973 0.0213375 0.0159583 0.0119711 0.00942415 0.00781929
 1.0527e-16 3.18364e-05 0.000309461 0.00205648 0.00934848 0.0290868 0.0619744 0.0904634 0.0905111 0.0622075 0.0298697 0.0116102 0.00773606 0.0127154 0.0236145 0.0390447 0.0563695 0.0711468 0.0788462 0.0773453 0.0681489 0.0552851 0.0428241 0.0329774 0.02588 0.0205968
 1.1066e-16 4.52598e-05 0.000439942 0.00292357 0.0132901 0.0413506 0.0881027 0.128593 0.128613 0.088202 0.0416851 0.0142595 0.00537013 0.00582462 0.0104004 0.0174586 0.0259313 0.0342542 0.0408175 0.0448195 0.0465917 0.0470547 0.0468076 0.0456747 0.0430262 0.0384644
 1.03622e-16 7.12285e-05 0.000692367 0.00460102 0.0209156 0.0650762 0.138652 0.202368 0.202377 0.138692 0.0652121 0.0213085 0.00558861 0.00285281 0.00418795 0.00684762 0.00994677 0.0127041 0.0143821 0.0146627 0.0138323 0.0125651 0.0114757 0.0107932 0.0103559 0.00983889
 1.03698e-16 3.83638e-05 0.00037291 0.00247812 0.0112652 0.0350505 0.0746805 0.109008 0.109054 0.0749064 0.0358089 0.013455 0.00797227 0.0123584 0.0227767 0.0375306 0.0539133 0.0674906 0.0737715 0.0706951 0.0598796 0.045565 0.0321282 0.0220855 0.0157216 0.0119934
pSPR Fmed_Fpbrs
0.57978   0.6 0.325
Fs Fmed_Fpbrs
0.341307   0.317441 0.795839
SSBpbr Bo_Bmed_Bpbrs
708389  375291  389614 194807
Ro
99266.5
SPR SPRFo_SPRFmed_SPRFpbrs
714530 414271 232222
Fref
0.317441
Nvult_r0
 33229.4 27711 1883.28 479.895 511.043
CTP_r0
 5153.86 6197.48 431.221 110.021 117.17
YTP_r0
218831
Np
 97814.8 29582.7 3967 2827.94 240.569
Nvult_p0
 68232.1 21579.9 2903.98 2070.54 176.14
CTP_p0
 11176.5 2515.18 1859.03 124.981 40.5248
 11176.5 5073.95 698.81 498.868 42.4412
YTP_p0
 178250 206752
CBA_c0
238581
log_Ro
11.3256
likeval ReclasPelacesDesembMPH_pf_preclas_ppelaces_ptallas_desvR_qrecl_qpela
 12.9415 16.2426 0.0222824 0.000827571 237.946 126.774 116.791 0 26.6042 4.69733e-05 0.000105484 0.00808856 7.52659e-16 0 0
q_reclas_q_pelaces
2.636 4.27366
M
1
N
 124896 30459.9 48919.7 4883.57 0.161621
 88963.5 36884 7937.8 12613.4 1258.48
 88154.9 21270.8 6900.45 1454.35 2538.68
 85316.1 21080.5 3980.37 1264.59 730.913
 63925.8 14889.1 2406.28 438.217 219.255
 222911 17372.1 3405.39 542.339 148.064
 60201.6 58784 3790.31 731.107 148.092
 21694.1 10304.5 6509.05 404.415 93.6174
 27115.9 6801.12 2949.33 1848.61 141.384
 36157.4 5086.17 869.385 364.901 245.771
 59940.7 4207.44 307.354 49.6855 34.7921
 108447 17788.6 1104.92 79.8785 21.9423
 89024.1 19262.8 2087.55 125.17 11.5123
 67445.8 16464.9 2408.54 252.461 16.4999
 51514.2 7435.66 914.108 126.132 14.0404
 281144 7152.63 592.869 69.5225 10.6334
 42223.9 52898.8 918.786 73.7213 9.94942
 488363 9299.77 8700.21 147.401 13.405
 253024 121126 1842.89 1691.45 31.2304
 207582 53780.6 18839.8 279.12 260.535
 262812 43656.4 8226.93 2804.89 80.2234
 401670 60822.2 7760.25 1429.91 500.845
 58044 84822.5 9364.22 1163.06 288.941
 199785 14854.2 17655.4 1915.13 296.669
 163481 53466.7 3316.69 3881.82 485.889
 66281.4 43795.2 11957.1 730.42 961.071
 161925 18654.7 10583 2852.15 403.181
 193955 42871.7 4095.68 2286.78 702.799
 54792.1 55450.6 10618 1002.05 730.938
 50438.6 16052.8 14271 2702.7 440.845
 153495 12975 3368.61 2943.23 647.703
 47893.6 38264.3 2591.76 660.309 703.16
pred_Ctot
 15853.5 5774.24 9520.38 951.735 0.0314999
 20384.7 12095.7 2663.09 4236.85 422.753
 20193.7 6973.68 2314.47 488.393 852.582
 30084.7 10069.7 1936.76 615.927 356.014
 10821.7 3699.54 612.929 111.771 55.9267
 40992.2 4660.61 936.106 149.277 40.7568
 21628.6 28520.9 1872.82 361.596 73.2479
 2053.65 1475.78 958.036 59.6108 13.8003
 8866.6 3048.13 1347.69 845.584 64.6748
 17096.6 3075.92 533.299 224.006 150.88
 7453.32 782.152 58.6616 9.49632 6.65026
 37575.4 8372.88 529.881 38.3449 10.5337
 29565.6 8747.96 966.401 58.0047 5.33519
 32795.1 10171.8 1508.57 158.242 10.3424
 21892.9 4137.13 516.756 71.3641 7.94423
 91611.6 3196.18 270.118 31.7079 4.84994
 11163.2 19712.3 349.84 28.1026 3.79295
 103839 2850.03 2729.28 46.2975 4.21071
 70580.8 47319.2 735.264 675.598 12.4748
 58789.3 21290.7 7615.86 112.958 105.443
 63970 15114.9 2912.57 994.191 28.4369
 113096 23955.9 3121.26 575.767 201.682
 11500.6 24372.5 2755.6 342.687 85.1402
 35318.1 3842.32 4680.52 508.375 78.7568
 28820 13794.6 877.023 1027.8 128.659
 10060.7 9827.8 2752.32 168.358 221.537
 29466.6 4956.47 2881.32 777.534 109.92
 27889.5 9143.8 896.272 501.11 154.018
 7183.87 10839.4 2130.5 201.342 146.879
 9870.9 4560.53 4152.52 787.423 128.447
 32280.2 3936.75 1046.3 915.32 201.444
 5153.86 6197.48 431.221 110.021 117.17
F
 0.219703 0.344775 0.355424 0.356003 0.356033
 0.430893 0.676191 0.697077 0.698212 0.698272
 0.430746 0.675959 0.696838 0.697973 0.698032
 0.745736 1.17027 1.20641 1.20838 1.20848
 0.302857 0.475267 0.489947 0.490744 0.490786
 0.332904 0.522419 0.538555 0.539432 0.539479
 0.765114 1.20068 1.23776 1.23978 1.23988
 0.159951 0.251007 0.25876 0.259182 0.259204
 0.673594 1.05706 1.08971 1.09148 1.09157
 1.15103 1.80628 1.86207 1.8651 1.86526
 0.2148 0.337081 0.347493 0.348059 0.348089
 0.728084 1.14257 1.17786 1.17977 1.17988
 0.687676 1.07915 1.11249 1.1143 1.11439
 1.20504 1.89104 1.94945 1.95262 1.95279
 0.974377 1.52907 1.5763 1.57886 1.579
 0.670488 1.05218 1.08468 1.08645 1.08654
 0.512997 0.805034 0.829899 0.831251 0.831322
 0.394227 0.618652 0.637761 0.638799 0.638854
 0.548573 0.860863 0.887452 0.888897 0.888974
 0.559174 0.8775 0.904603 0.906076 0.906154
 0.463485 0.727336 0.749801 0.751022 0.751087
 0.555069 0.871058 0.897963 0.899425 0.899502
 0.362919 0.569521 0.587112 0.588068 0.588118
 0.318181 0.499314 0.514737 0.515575 0.515619
 0.317172 0.49773 0.513104 0.513939 0.513984
 0.267813 0.420273 0.433254 0.433959 0.433997
 0.328918 0.516164 0.532107 0.532973 0.533019
 0.252132 0.395665 0.407886 0.40855 0.408585
 0.227659 0.357261 0.368296 0.368895 0.368927
 0.357735 0.561386 0.578726 0.579668 0.579718
 0.38915 0.610685 0.629547 0.630572 0.630626
 0.183571 0.288074 0.296972 0.297456 0.297481
YTP_r0W_actual
 44323.2 153698 12031.1 4103.79 4675.08
YTP_p0W_proyectada
 84270.6 43889.8 44747 3914.39 1428.5
 84270.6 88540.4 16820.4 15624.5 1496.05
CTP_r0_actual
 5153.86 6197.48 431.221 110.021 117.17
CTP_p0_proyectada
 11176.5 2515.18 1859.03 124.981 40.5248
 11176.5 5073.95 698.81 498.868 42.4412
Wmedp
 7.54 17.45 24.07 31.32 35.25
Frms_r0
 0.183571 0.288074 0.296972 0.297456 0.297481
Zrms_r0
 1.18357 1.28807 1.29697 1.29746 1.29748
nmprior
 7.27 8.72 9 0
nm_flota  nm_reclas  nm_pelaces    nm_pelaL
inf 17.6127 13.2679 37.3184
cv_recla  cv_pelaces  cv_mph
0.318247 0.441488 0.887785
 ------------------------------------------------
Talla a la edad & desviaci?n 
 8 13.2811 15.8009 17.003 17.5766
 0.8 1.32811 1.58009 1.7003 1.75766
