years
 1991 1992 1993 1994 1995 1996 1997 1998 1999 2000 2001 2002 2003 2004 2005 2006 2007 2008 2009 2010 2011 2012 2013 2014 2015 2016 2017 2018 2019 2020 2021 2022
reclasobs
 0 0 0 0 0 0 0 0 0 252601 567819 844713 477998 351125 339783 2.1784e+06 2.13404e+06 4.81314e+06 1.55562e+06 2.62356e+06 3.21686e+06 3.843e+06 1.13348e+06 3.07943e+06 1.97215e+06 2.03268e+06 2.025e+06 2.42433e+06 2.27542e+06 1.05018e+06 2.36338e+06 3.18982e+06
reclaspred
 3.56003e+06 1.8266e+06 918329 767367 663479 2.11185e+06 1.03135e+06 764667 513785 274812 493924 762506 737233 521929 461474 1.54297e+06 1.07909e+06 3.81312e+06 2.80994e+06 1.93472e+06 3.16915e+06 2.76508e+06 1.84136e+06 3.10876e+06 2.24618e+06 1.87466e+06 2.36169e+06 2.88163e+06 2.20296e+06 1.2855e+06 1.94349e+06 1.92338e+06
pelacesobs
 0 0 0 0 0 0 0 0 0 0 0 0 0 0 0 552880 188675 0 991730 2.46772e+06 1.41603e+06 1.21717e+06 2.29649e+06 1.80582e+06 0 1.4828e+06 1.56532e+06 1.57751e+06 1.42118e+06 867257 1.10002e+06 1.06204e+06
pelacespred
 2.10537e+06 1.1053e+06 511117 329781 342787 1.16916e+06 477611 509249 276841 120890 274954 345297 374647 251765 228399 685409 511203 2.1378e+06 1.58117e+06 953030 1.64939e+06 1.42259e+06 1.03999e+06 1.93429e+06 1.34251e+06 1.14124e+06 1.60415e+06 1.75364e+06 1.31025e+06 826793 990918 1.1201e+06
mphobs
 0 0 0 0 0 0 0 0 0 0 0 498337 0 5186 125008 0 168611 109162 213762 579715 649985 157893 87575 83554 210694 70296 0 107559 103333 445601 22526 0
mphpred
 451668 275606 121166 68001.7 53253.6 62627.4 166800 68759.6 55792.5 27803.8 13379.6 46785.5 51720 38874.7 20586.7 25168.8 127284 82189 301833 175972 178186 212374 220978 148475 244253 194235 145714 170441 286473 167579 91166.8 198006
desembarqueobs
 494567 514787 250237 358949 120608 361735 552515 73892 212993 205616 52469 317467 293654 387597 252695 516296 358380 742168 942051 627588 828172 859565 418607 520667 417249 300574 415391 372974 316634 284311 391294 218835
desembarquepred
 494536 514524 250131 358925 120601 361657 552273 73891.8 212988 205602 52468 317413 293562 387310 252570 516057 358344 741799 941274 626993 828098 859191 418498 520599 417118 300502 415286 372850 316530 284202 391127 218828
Reclutas
 123068 89116.4 88669.1 83680.4 61916.8 225352 59975.1 21368.9 27229.3 36421.4 59888.6 109662 88965.6 67278.9 51181.4 284594 40685.5 497111 246196 213998 260590 410874 58085.7 200152 168811 66311 163191 200315 54933.4 49738.9 155514 46360.8
log_desv_Rt
 0.214931 -0.107864 -0.112896 -0.170803 -0.472016 0.819855 -0.503878 -1.53587 -1.29351 -1.00265 -0.505322 0.0995962 -0.109558 -0.388961 -0.662432 1.05326 -0.891935 1.611 0.908321 0.768157 0.96514 1.42048 -0.535889 0.701268 0.530971 -0.403452 0.497114 0.702082 -0.591687 -0.69102 0.448926 -0.761354
SSB
 1.23319e+06 752485 330818 185665 145398 170991 455412 187734 152330 75912.4 36530.2 127738 141211 106139 56207.8 68718.1 347522 224400 824093 480454 486499 579842 603335 405381 666883 530320 397842 465355 782154 457540 248912 540614
BT
 1.82453e+06 1.24233e+06 574363 522482 339284 1.20969e+06 803265 428223 408187 282701 254832 519343 543446 591988 427092 948788 629951 2.32845e+06 2.01923e+06 1.22543e+06 1.91744e+06 1.80708e+06 1.07008e+06 1.95605e+06 1.31859e+06 1.06258e+06 1.63253e+06 1.64217e+06 1.13483e+06 850371 1.06804e+06 942180
Ftot
 0.346864 0.682553 0.682668 1.19652 0.498329 0.532088 1.2294 0.258665 1.08341 1.83643 0.341968 1.15301 1.09007 1.9173 1.56235 1.05216 0.818476 0.617193 0.87598 0.881707 0.734002 0.871964 0.568615 0.500498 0.497997 0.419232 0.516269 0.390677 0.353729 0.559389 0.608484 0.292433
BD_Bspro_t
 0.946371 0.661066 0.402616 0.299428 0.234166 0.31367 0.460923 0.23299 0.255023 0.174952 0.122497 0.403725 0.299824 0.211237 0.120327 0.146141 0.343417 0.247695 0.467653 0.316425 0.27924 0.314018 0.344076 0.290215 0.433948 0.437654 0.425645 0.496084 0.599508 0.475795 0.373042 0.513165
BD_Bspro
 1.72587 1.05312 0.462987 0.259841 0.203487 0.239306 0.637358 0.262737 0.213189 0.106241 0.0511247 0.178772 0.197628 0.148544 0.078664 0.0961725 0.486364 0.314053 1.15334 0.672406 0.680865 0.811502 0.84438 0.567339 0.933317 0.742193 0.556789 0.651274 1.09464 0.640337 0.348358 0.756601
BD_Bo
 1.69514 1.03437 0.454742 0.255214 0.199864 0.235045 0.626009 0.258059 0.209393 0.104349 0.0502144 0.175589 0.194108 0.145899 0.0772633 0.09446 0.477703 0.30846 1.1328 0.660432 0.668741 0.797051 0.829345 0.557237 0.916698 0.728977 0.546874 0.639677 1.07515 0.628934 0.342155 0.743129
BD_Brms
 3.08207 1.88067 0.826804 0.464026 0.363389 0.427354 1.1382 0.469198 0.380714 0.189726 0.0912988 0.319253 0.352924 0.265271 0.140479 0.171745 0.868551 0.560837 2.05963 1.20079 1.21589 1.44918 1.5079 1.01316 1.66672 1.32541 0.994317 1.16305 1.95482 1.14352 0.622099 1.35114
Sel_flota
 0.630395 0.970065 0.998379 0.999915 0.999996
 0.630395 0.970065 0.998379 0.999915 0.999996
 0.630395 0.970065 0.998379 0.999915 0.999996
 0.630395 0.970065 0.998379 0.999915 0.999996
 0.630395 0.970065 0.998379 0.999915 0.999996
 0.630395 0.970065 0.998379 0.999915 0.999996
 0.630395 0.970065 0.998379 0.999915 0.999996
 0.630395 0.970065 0.998379 0.999915 0.999996
 0.630395 0.970065 0.998379 0.999915 0.999996
 0.630395 0.970065 0.998379 0.999915 0.999996
 0.630395 0.970065 0.998379 0.999915 0.999996
 0.630395 0.970065 0.998379 0.999915 0.999996
 0.630395 0.970065 0.998379 0.999915 0.999996
 0.630395 0.970065 0.998379 0.999915 0.999996
 0.630395 0.970065 0.998379 0.999915 0.999996
 0.630395 0.970065 0.998379 0.999915 0.999996
 0.630395 0.970065 0.998379 0.999915 0.999996
 0.630395 0.970065 0.998379 0.999915 0.999996
 0.630395 0.970065 0.998379 0.999915 0.999996
 0.630395 0.970065 0.998379 0.999915 0.999996
 0.630395 0.970065 0.998379 0.999915 0.999996
 0.630395 0.970065 0.998379 0.999915 0.999996
 0.630395 0.970065 0.998379 0.999915 0.999996
 0.630395 0.970065 0.998379 0.999915 0.999996
 0.630395 0.970065 0.998379 0.999915 0.999996
 0.630395 0.970065 0.998379 0.999915 0.999996
 0.630395 0.970065 0.998379 0.999915 0.999996
 0.630395 0.970065 0.998379 0.999915 0.999996
 0.630395 0.970065 0.998379 0.999915 0.999996
 0.630395 0.970065 0.998379 0.999915 0.999996
 0.630395 0.970065 0.998379 0.999915 0.999996
 0.630395 0.970065 0.998379 0.999915 0.999996
Sel_reclas
 0.940759 1 1 1 1
 0.940759 1 1 1 1
 0.940759 1 1 1 1
 0.940759 1 1 1 1
 0.940759 1 1 1 1
 0.940759 1 1 1 1
 0.940759 1 1 1 1
 0.940759 1 1 1 1
 0.940759 1 1 1 1
 0.940759 1 1 1 1
 0.940759 1 1 1 1
 0.940759 1 1 1 1
 0.940759 1 1 1 1
 0.940759 1 1 1 1
 0.940759 1 1 1 1
 0.940759 1 1 1 1
 0.940759 1 1 1 1
 0.940759 1 1 1 1
 0.940759 1 1 1 1
 0.940759 1 1 1 1
 0.940759 1 1 1 1
 0.940759 1 1 1 1
 0.940759 1 1 1 1
 0.940759 1 1 1 1
 0.940759 1 1 1 1
 0.940759 1 1 1 1
 0.940759 1 1 1 1
 0.940759 1 1 1 1
 0.940759 1 1 1 1
 0.940759 1 1 1 1
 0.940759 1 1 1 1
 0.940759 1 1 1 1
Sel_pelaces
 0.809015 1 1 1 1
 0.809015 1 1 1 1
 0.809015 1 1 1 1
 0.809015 1 1 1 1
 0.809015 1 1 1 1
 0.809015 1 1 1 1
 0.809015 1 1 1 1
 0.809015 1 1 1 1
 0.809015 1 1 1 1
 0.809015 1 1 1 1
 0.809015 1 1 1 1
 0.809015 1 1 1 1
 0.809015 1 1 1 1
 0.809015 1 1 1 1
 0.809015 1 1 1 1
 0.809015 1 1 1 1
 0.809015 1 1 1 1
 0.809015 1 1 1 1
 0.809015 1 1 1 1
 0.809015 1 1 1 1
 0.809015 1 1 1 1
 0.809015 1 1 1 1
 0.809015 1 1 1 1
 0.809015 1 1 1 1
 0.809015 1 1 1 1
 0.809015 1 1 1 1
 0.809015 1 1 1 1
 0.809015 1 1 1 1
 0.809015 1 1 1 1
 0.809015 1 1 1 1
 0.809015 1 1 1 1
 0.809015 1 1 1 1
pf_obs 
 0.8446 0.082 0.0669 0.0065 0
 0.8095 0.147 0.0364 0.0071 0
 0.9664 0.0169 0.016 0.0007 0
 0.9276 0.0648 0.0075 0.0001 0
 0.7033 0.2144 0.0806 0.0017 0
 0.9318 0.0425 0.0243 0.0014 0
 0.5671 0.3108 0.0964 0.0239 0.0018
 0.0768 0.2599 0.5324 0.112 0.0189
 0.490249 0.384438 0.106611 0.0170017 0.00170017
 0.7925 0.1577 0.0466 0.003 0.0002
 0.840416 0.127587 0.0312969 0.00059994 9.999e-05
 0.8084 0.0986 0.0794 0.0134 0.0002
 0.7335 0.1905 0.0724 0.0035 0.0001
 0.4001 0.4547 0.1325 0.0127 0
 0.49795 0.308269 0.164784 0.0264974 0.00249975
 0.9179 0.0499 0.0305 0.0017 0
 0.2467 0.6533 0.0926 0.0074 0
 0.9418 0.0223 0.034 0.0019 0
 0.707729 0.231977 0.0356964 0.0245975 0
 0.517169 0.277429 0.184464 0.0207286 0.00020938
 0.811772 0.124168 0.05621 0.00726502 0.000585176
 0.764997 0.148141 0.077277 0.00933861 0.000247198
 0.163321 0.427699 0.378323 0.0303852 0.000271297
 0.753843 0.0900009 0.118128 0.0371064 0.000921714
 0.721811 0.176058 0.0630433 0.0369309 0.00215725
 0.143369 0.312575 0.442814 0.0836902 0.0175525
 0.692698 0.0596174 0.167031 0.0765114 0.00414204
 0.394062 0.376323 0.152708 0.0712218 0.00568511
 0.125707 0.32114 0.495352 0.0537591 0.00404204
 0.23352 0.215282 0.420074 0.123614 0.00750983
 0.796117 0.104755 0.0508955 0.0450114 0.00322123
 0.162477 0.292055 0.404252 0.121198 0.0200186
pf_pred 
 0.488388 0.1809 0.30043 0.0302806 9.71375e-07
 0.515244 0.296667 0.0679642 0.109143 0.0109812
 0.658077 0.223162 0.0738377 0.0162548 0.0286681
 0.695327 0.235598 0.0457201 0.0145331 0.00882229
 0.708461 0.238776 0.041267 0.00761641 0.00388001
 0.883437 0.0936189 0.0189154 0.00315261 0.000876533
 0.413376 0.544432 0.0341342 0.0066447 0.00141252
 0.4518 0.319239 0.21326 0.0127093 0.00299169
 0.632639 0.209695 0.0930513 0.0601907 0.00442375
 0.814451 0.143257 0.0246508 0.0104226 0.00721854
 0.898172 0.0927869 0.00708277 0.00114291 0.000815023
 0.81134 0.176365 0.0112374 0.000829361 0.000228842
 0.751168 0.222393 0.0247947 0.0015035 0.0001412
 0.734996 0.226353 0.0347195 0.00368767 0.000243973
 0.82312 0.153781 0.0199184 0.00285821 0.000322498
 0.964501 0.0323079 0.00279561 0.000341566 5.43712e-05
 0.34757 0.640074 0.0112921 0.000931957 0.000131653
 0.950352 0.0242714 0.0249153 0.00042127 3.95886e-05
 0.582854 0.405066 0.00602258 0.00594773 0.000109786
 0.681187 0.228991 0.0873315 0.00124287 0.00124714
 0.766504 0.186244 0.0343548 0.0125406 0.000356695
 0.807988 0.163929 0.0225865 0.0039992 0.00149805
 0.291928 0.626574 0.0700191 0.00923652 0.00224272
 0.793164 0.0852557 0.108049 0.011629 0.00190262
 0.654143 0.29996 0.0193259 0.0236193 0.00295218
 0.432874 0.431016 0.118625 0.0073709 0.0101146
 0.771694 0.127367 0.0773537 0.0205608 0.00302487
 0.729318 0.230551 0.0227539 0.0133233 0.00405434
 0.346267 0.5328 0.103532 0.00987427 0.00752718
 0.498831 0.23201 0.220729 0.0414718 0.00695766
 0.843104 0.0991757 0.0272646 0.024985 0.00547078
 0.420626 0.523091 0.0360888 0.00954914 0.0106448
pobs_RECLAS
 0 0 0 0 0
 0 0 0 0 0
 0 0 0 0 0
 0 0 0 0 0
 0 0 0 0 0
 0 0 0 0 0
 0 0 0 0 0
 0 0 0 0 0
 0 0 0 0 0
 0 0 0 0 0
 0.991045 0.00858322 0.000360255 1.14367e-05 0
 0.934742 0.0480273 0.0164251 0.00080598 0
 0.827803 0.169806 0.00239088 0 0
 0.941827 0.0461693 0.0120037 0 0
 0.791401 0.0380133 0.147996 0.0225897 0
 0.846168 0.0940531 0.0597789 0 0
 0.134021 0.677848 0.182769 0.00536245 0
 0.80878 0.0450904 0.141981 0.00414843 0
 0.846168 0.0940531 0.0597789 0 0
 0.905697 0.0802665 0.012482 0.00150086 5.37128e-05
 0.989698 0.0102097 9.19794e-05 0 0
 0.975433 0.0193895 0.00387452 0.00125025 5.28907e-05
 0.303575 0.632131 0.0575291 0.00676475 0
 0.966965 0.00978017 0.0227588 0.000495775 0
 0.843318 0.132988 0.00938335 0.0141283 0.000182051
 0.564624 0.303363 0.111486 0.0197234 0.00080311
 0.826376 0.0876187 0.0782897 0.00655872 0.00115652
 0.89761 0.0855135 0.0140674 0.00269457 0.000114338
 0.34875 0.467042 0.161289 0.0227151 0.000203297
 0.318654 0.224769 0.449479 0.00709798 0
 0.937255 0.0296025 0.0250945 0.00804832 0
 0.456809 0.399803 0.12412 0.0192676 0
ppred_RECLAS
 0.587826 0.148576 0.239496 0.0241005 7.73058e-07
 0.61589 0.238018 0.0528457 0.0847224 0.00852339
 0.743537 0.169237 0.0542675 0.0119265 0.0210326
 0.779942 0.171508 0.0321549 0.0102023 0.00619264
 0.782874 0.178813 0.0299766 0.0055236 0.00281363
 0.918498 0.0658531 0.0129043 0.00214722 0.00059695
 0.521802 0.444908 0.0269427 0.00523501 0.00111274
 0.549201 0.265759 0.17237 0.0102562 0.00241406
 0.727565 0.157804 0.0677035 0.0437153 0.00321257
 0.878154 0.0949323 0.0157013 0.00662457 0.00458757
 0.928354 0.0654575 0.00484983 0.000781348 0.00055714
 0.868762 0.122955 0.00757111 0.00055775 0.000153883
 0.822441 0.159256 0.0171662 0.00103905 9.75715e-05
 0.82061 0.154119 0.0227057 0.00240643 0.000159189
 0.881252 0.10374 0.0129455 0.00185392 0.00020916
 0.9765 0.0214508 0.00179499 0.000218917 3.48444e-05
 0.444604 0.545206 0.00931477 0.000767446 0.000108404
 0.96652 0.0166273 0.0165472 0.000279317 2.62464e-05
 0.678232 0.312747 0.00450166 0.004438 8.19112e-05
 0.764742 0.170513 0.0629533 0.000894374 0.000897364
 0.831556 0.13522 0.0241666 0.00880665 0.000250468
 0.864322 0.116382 0.0155243 0.00274399 0.00102777
 0.379907 0.550656 0.0596701 0.00785838 0.00190793
 0.852101 0.0620637 0.076296 0.00819813 0.00134118
 0.737005 0.229034 0.0143136 0.017465 0.00218277
 0.530563 0.359349 0.0959657 0.00595336 0.0081687
 0.834988 0.0933128 0.0549671 0.0145866 0.00214576
 0.798946 0.172017 0.0164751 0.00963133 0.00293062
 0.438431 0.46021 0.0867953 0.00826484 0.00629977
 0.599643 0.188433 0.173844 0.0326092 0.00547031
 0.889708 0.07053 0.0187982 0.017198 0.00376538
 0.515646 0.43857 0.0293741 0.00776011 0.00864973
pobs_PELACES
 0 0 0 0 0
 0 0 0 0 0
 0 0 0 0 0
 0 0 0 0 0
 0 0 0 0 0
 0 0 0 0 0
 0 0 0 0 0
 0 0 0 0 0
 0 0 0 0 0
 0 0 0 0 0
 0 0 0 0 0
 0 0 0 0 0
 0 0 0 0 0
 0 0 0 0 0
 0 0 0 0 0
 0 0 0 0 0
 0.505614 0.472636 0.0217494 0 0
 0 0 0 0 0
 0.443492 0.261883 0.143347 0.151278 0
 0.227955 0.32914 0.350689 0.0885471 0.00366901
 0.970185 0.0296113 0.000203453 0 0
 0.997202 0.00247181 0.000326279 0 0
 0.445219 0.490057 0.0546422 0.010081 0
 0.90214 0.0892962 0.00764917 0.000914606 0
 0 0 0 0 0
 0.581667 0.319106 0.0959925 0.00289975 0.000334073
 0.762889 0.0836404 0.116647 0.0363945 0.000428098
 0.88444 0.0763242 0.0277011 0.0115352 0
 0.521256 0.241999 0.230069 0.00667565 0
 0.616807 0.101726 0.260614 0.0208532 0
 0.833518 0.0704572 0.0857862 0.0102388 0
 0.697417 0.212968 0.0787535 0.0105354 0.000325836
ppred_PELACES
 0.560965 0.158589 0.254809 0.0256369 8.22332e-07
 0.598756 0.24926 0.0549896 0.0881291 0.00886595
 0.729541 0.178867 0.0569909 0.0125207 0.0220801
 0.777487 0.173856 0.0322328 0.0102207 0.00620367
 0.766439 0.192507 0.0321225 0.00591751 0.00301424
 0.911481 0.071592 0.0139593 0.00232214 0.000645571
 0.518742 0.448115 0.026827 0.00520928 0.00110724
 0.519132 0.283768 0.183606 0.0109234 0.00257107
 0.722564 0.161399 0.0685489 0.0442368 0.00325081
 0.88431 0.0904839 0.014711 0.00620096 0.004294
 0.920519 0.0726361 0.00536454 0.000864122 0.000616156
 0.866355 0.125295 0.00763253 0.000561946 0.000155036
 0.81837 0.163079 0.0174002 0.00105262 9.88436e-05
 0.8302 0.146247 0.0211635 0.0022408 0.000148225
 0.883956 0.101564 0.0124904 0.00178732 0.000201638
 0.975753 0.022152 0.00183553 0.000223742 3.56114e-05
 0.43009 0.559532 0.0094867 0.000781287 0.000110356
 0.963875 0.0179932 0.0178035 0.00030043 2.82298e-05
 0.666681 0.324049 0.00462633 0.00455889 8.41404e-05
 0.755669 0.17749 0.0649916 0.00092292 0.000925984
 0.821929 0.143144 0.025408 0.00925557 0.00026323
 0.858113 0.12185 0.0161219 0.00284836 0.00106684
 0.359744 0.568902 0.0613206 0.00807342 0.0019601
 0.840122 0.0672738 0.0823151 0.00884265 0.0014466
 0.718297 0.245478 0.01527 0.0186273 0.002328
 0.504863 0.379373 0.100917 0.00625919 0.00858824
 0.822082 0.100824 0.0591061 0.0156808 0.0023067
 0.781287 0.187226 0.0178665 0.0104427 0.00317746
 0.411407 0.482645 0.0907263 0.00863761 0.00658385
 0.578983 0.19871 0.18237 0.0341988 0.00573689
 0.881552 0.0759057 0.0201163 0.0183982 0.00402809
 0.486198 0.465357 0.0310831 0.0082104 0.00915157
pobs_pel_tallas
 0 0 0 0 0 0 0 0 0 0 0 0 0 0 0 0 0 0 0 0 0 0 0 0 0 0
 0 0 0 0 0 0 0 0 0 0 0 0 0 0 0 0 0 0 0 0 0 0 0 0 0 0
 0 0 0 0 0 0 0 0 0 0 0 0 0 0 0 0 0 0 0 0 0 0 0 0 0 0
 0 0 0 0 0 0 0 0 0 0 0 0 0 0 0 0 0 0 0 0 0 0 0 0 0 0
 0 0 0 0 0 0 0 0 0 0 0 0 0 0 0 0 0 0 0 0 0 0 0 0 0 0
 0 0 0 0 0 0 0 0 0 0 0 0 0 0 0 0 0 0 0 0 0 0 0 0 0 0
 0 0 0 0 0 0 0 0 0 0 0 0 0 0 0 0 0 0 0 0 0 0 0 0 0 0
 0 0 0 0 0 0 0 0 0 0 0 0 0 0 0 0 0 0 0 0 0 0 0 0 0 0
 0 0 0 0 0 0 0 0 0 0 0 0 0 0 0 0 0 0 0 0 0 0 0 0 0 0
 0 0 0 0 0 0 0 0 0 0 0 0 0 0 0 0 0 0 0 0 0 0 0 0 0 0
 0 0 0 0 0 0 0 0 0 0 0 0 0 0 0 0 0 0 0 0 0 0 0 0 0 0
 0 0 0 0 0 0 0 0 0 0 0 0 0 0 0 0 0 0 0 0 0 0 0 0 0 0
 0.00862536 0 0 0.000197151 0.00414017 0.0128641 0.00837892 0.0270097 0.101434 0.158115 0.152841 0.127902 0.109271 0.109419 0.0830992 0.0579132 0.0238553 0.00714673 0.00463305 0.00128148 0.00103504 0.000492878 0.000147863 0.000147863 4.92878e-05 0
 0 0 0 0 0 0 0 0 0 0 0 0 0 0 0 0 0 0 0 0 0 0 0 0 0 0
 0 0 0 0 0 0 0 0.0054083 0.00873648 0.0413646 0.0450493 0.0745869 0.0622846 0.0627006 0.0613931 0.0827291 0.12552 0.122667 0.0946155 0.0697135 0.0546179 0.0294188 0.0215738 0.0213955 0.0102223 0.00600262
 0 0 0 0 0.00359764 0.0251062 0.0480494 0.140153 0.205849 0.193036 0.1447 0.116669 0.0760912 0.0342217 0.00950174 0.001854 0.000860785 0 0 0 0.000165536 0 0.000143464 0 0 0
 0 0 0 0 0 0 0 0.000145254 0.000435761 0.0275982 0.070085 0.0708112 0.156366 0.174668 0.174014 0.160142 0.0824315 0.0480064 0.0283245 0.00493863 0.00203355 0 0 0 0 0
 0 0 0 0 0 0 0 0 0 0 0 0 0 0 0 0 0 0 0 0 0 0 0 0 0 0
 0 0 1.00437e-05 0.000401748 0.00122533 0.00171747 0.00176769 0.0269171 0.070346 0.194647 0.189555 0.159765 0.064822 0.0314167 0.0384472 0.0292271 0.0345202 0.0313363 0.0194345 0.0106764 0.0143323 0.0359363 0.0279516 0.0138201 0.00172751 0
 0 0.0021121 0.0136068 0.0755702 0.200478 0.177729 0.0527432 0.0373336 0.0318909 0.0142505 0.0149659 0.0166563 0.0217959 0.0798694 0.0677717 0.0528807 0.04013 0.0224614 0.0357745 0.0225083 0.00881397 0.00855152 0.00135912 0.000746735 0 0
 0 0 0 0 5.4009e-05 0.00500934 0.000945158 0.0243581 0.138947 0.33067 0.221406 0.137944 0.0707744 0.0437923 0.0131692 0.00525238 0.0047753 0.00276346 9.45158e-05 9.00151e-06 2.25038e-05 9.00151e-06 4.50075e-06 0 0 0
 0.000866109 0.00284123 0.00948549 0.0512746 0.133035 0.25785 0.225252 0.132002 0.0553304 0.0519788 0.0540692 0.017754 0.00435017 0.00159236 0.00146478 0.000404838 0.000125132 0.000115318 0.000107957 0.000100596 0 0 0 0 0 0
 0 0 0 0 0.00144013 0.00171154 0.00461396 0.0210425 0.0478622 0.0707936 0.0888783 0.103762 0.0637923 0.0337046 0.0602308 0.124433 0.169614 0.0934646 0.0462172 0.0250306 0.0313229 0.00938855 0.002487 0.000210481 0 0
 0 0.00764035 0.051015 0.0998891 0.058973 0.0496711 0.0374665 0.0718981 0.12319 0.153886 0.159021 0.0857701 0.0377988 0.023471 0.0147837 0.00900784 0.00315554 0.000888139 0.00291439 0.00214683 0.00393193 0.00274676 0.000635225 9.99891e-05 0 0
 0 0 0 0 0 0 0 0 0 0 0 0 0 0 0 0 0 0 0 0 0 0 0 0 0 0
 0 0 0 0 0 0 0 0 0 0 0 0 0 0 0 0 0 0 0 0 0 0 0 0 0 0
 0 0 0 0 0 0 0 0 0 0 0 0 0 0 0 0 0 0 0 0 0 0 0 0 0 0
 0 0 0 0 0 0 0 0 0 0 0 0 0 0 0 0 0 0 0 0 0 0 0 0 0 0
 0 0 0 0 0 0 0 0 0 0 0 0 0 0 0 0 0 0 0 0 0 0 0 0 0 0
 0 0 0 0 0 0 0 0 0 0 0 0 0 0 0 0 0 0 0 0 0 0 0 0 0 0
 0 0 0 0 0 0 0 0 0 0 0 0 0 0 0 0 0 0 0 0 0 0 0 0 0 0
 0 0 0 0 0 0 0 0 0 0 0 0 0 0 0 0 0 0 0 0 0 0 0 0 0 0
ppred_pel_tallas
 1.09965e-16 4.6206e-05 0.000449138 0.00298468 0.0135679 0.042215 0.0899441 0.131279 0.131295 0.0900208 0.0424734 0.014319 0.00488747 0.00466104 0.00821538 0.0139513 0.0211226 0.0287039 0.0356039 0.0412005 0.0454853 0.0486307 0.050419 0.0501447 0.0471117 0.0412678
 1.1199e-16 4.93188e-05 0.000479396 0.00318576 0.014482 0.045059 0.0960039 0.140126 0.14015 0.0961216 0.0454545 0.015625 0.00605829 0.00676176 0.0120162 0.0198852 0.0288836 0.0368671 0.0417188 0.0425567 0.0402805 0.0369186 0.0342868 0.0330046 0.0324697 0.0315567
 1.06683e-16 6.00914e-05 0.000584109 0.00388161 0.0176453 0.054901 0.116973 0.170729 0.170747 0.117058 0.055185 0.0184663 0.00594531 0.00509845 0.00866122 0.0142968 0.0207635 0.0264842 0.0298958 0.0302952 0.0282427 0.0251312 0.0222769 0.0202531 0.0188623 0.0175631
 1.0305e-16 6.40406e-05 0.000622497 0.00413671 0.0188049 0.0585091 0.124661 0.181949 0.181966 0.124742 0.0587844 0.0196 0.00613333 0.00498358 0.00835384 0.0137287 0.0198172 0.0250212 0.027758 0.0273036 0.0242159 0.019937 0.0159048 0.0128697 0.0108138 0.00931943
 1.0208e-16 6.31306e-05 0.000613652 0.00407793 0.0185377 0.0576778 0.122889 0.179364 0.179383 0.12298 0.0579823 0.0194175 0.00628676 0.00543675 0.00922659 0.0151627 0.0218574 0.02753 0.0304066 0.029665 0.025913 0.0207579 0.0158293 0.0120206 0.00938711 0.00753374
 1.00764e-16 7.50775e-05 0.00072978 0.00484965 0.0220458 0.0685927 0.146144 0.213303 0.21331 0.146178 0.068706 0.0223732 0.00567179 0.00252546 0.0034881 0.00565467 0.00815453 0.0102874 0.0113929 0.0111645 0.00982243 0.00795343 0.00615 0.00473338 0.00372102 0.00297286
 1.01599e-16 4.27282e-05 0.000415333 0.00276004 0.0125467 0.0390378 0.0831758 0.121407 0.12145 0.0833865 0.0397452 0.014589 0.00788351 0.0115901 0.0212366 0.0349644 0.0501839 0.0627286 0.0683794 0.065188 0.0546529 0.0407454 0.0275975 0.0176343 0.0112137 0.00744647
 1.06902e-16 4.27603e-05 0.000415645 0.00276211 0.0125562 0.039067 0.0832374 0.121493 0.121521 0.0833723 0.0395204 0.0138684 0.0060667 0.0076646 0.0139121 0.0231974 0.0340281 0.0440662 0.050901 0.0533313 0.0519315 0.0483821 0.0441805 0.0398406 0.0350809 0.0295608
 1.07006e-16 5.95167e-05 0.000578523 0.00384449 0.0174765 0.054376 0.115854 0.169096 0.169112 0.115931 0.054633 0.0182199 0.00571491 0.00467601 0.00788413 0.0130534 0.0190689 0.0245599 0.0281743 0.0293106 0.0284467 0.0267248 0.0251362 0.0239677 0.0228554 0.0212458
 1.01797e-16 7.28395e-05 0.000708026 0.00470508 0.0213886 0.066548 0.141788 0.206945 0.206954 0.14183 0.0666911 0.0218023 0.00574363 0.00297608 0.00438304 0.00713825 0.0102943 0.0129866 0.0143892 0.0141295 0.0125067 0.0102838 0.00822045 0.00671112 0.00573846 0.00506543
 1.00365e-16 7.5822e-05 0.000737016 0.00489773 0.0222644 0.0692728 0.147593 0.215418 0.215425 0.147627 0.0693875 0.0225956 0.0057286 0.00254948 0.00351411 0.00567925 0.00814961 0.0101971 0.011136 0.0106513 0.00898463 0.00677546 0.00468675 0.0031042 0.00208018 0.00146836
 1.00335e-16 7.13605e-05 0.00069365 0.00460955 0.0209543 0.0651968 0.138909 0.202744 0.202757 0.138968 0.0653946 0.0215254 0.00604205 0.00381802 0.00599683 0.0097792 0.0140288 0.0175321 0.0191041 0.0181977 0.0152295 0.0113091 0.00759319 0.00476446 0.00293039 0.00185057
 1.00667e-16 6.74081e-05 0.00065523 0.00435424 0.0197937 0.0615857 0.131216 0.191516 0.191532 0.131292 0.0618434 0.0205378 0.0062214 0.00472946 0.00779971 0.0127734 0.0183593 0.0230121 0.0252024 0.0242191 0.0205874 0.0157135 0.0110529 0.00744914 0.00502063 0.00346624
 1.00899e-16 6.83825e-05 0.000664702 0.00441718 0.0200799 0.062476 0.133112 0.194284 0.194298 0.133181 0.0627073 0.0207478 0.00609374 0.00432449 0.00701842 0.0114929 0.0165445 0.0207928 0.0228765 0.0221611 0.0191068 0.0149469 0.0109468 0.0078229 0.00565677 0.00417807
 1.006e-16 7.28103e-05 0.000707742 0.0047032 0.0213801 0.0665214 0.141731 0.206863 0.206873 0.141779 0.0666819 0.0218437 0.00586676 0.00324718 0.00489378 0.00797012 0.0114619 0.0143868 0.0157951 0.0152468 0.0130671 0.010124 0.00731009 0.00513432 0.00365671 0.00268304
 1.00088e-16 8.03715e-05 0.00078124 0.00519161 0.0236003 0.0734293 0.156449 0.228342 0.228345 0.156459 0.0734643 0.0237013 0.00544506 0.00133416 0.00112938 0.001737 0.00248756 0.00311342 0.00340192 0.00325644 0.00274974 0.00207554 0.00143483 0.000944757 0.000622046 0.000424066
 1.00514e-16 3.54261e-05 0.000344354 0.00228836 0.0104026 0.0323665 0.0689623 0.100664 0.100718 0.0692252 0.0332489 0.0129498 0.00867654 0.0142712 0.02643 0.0434937 0.0623116 0.0776434 0.0841742 0.0794544 0.0653991 0.0470848 0.0298443 0.0168813 0.00875738 0.00437316
 1.00554e-16 7.93931e-05 0.000771729 0.00512841 0.023313 0.0725354 0.154544 0.225563 0.225564 0.154553 0.0725644 0.0233969 0.0053401 0.00123753 0.000974765 0.00151366 0.00223718 0.00294625 0.00349146 0.00379573 0.00388001 0.0038196 0.00366977 0.00342969 0.00306909 0.0025814
 1.00688e-16 5.49137e-05 0.000533781 0.00354716 0.0161249 0.0501708 0.106895 0.156023 0.156054 0.107048 0.0506818 0.0176001 0.00724692 0.00859969 0.0153421 0.0251945 0.0360959 0.0449878 0.0487963 0.0461114 0.038051 0.0275598 0.0177215 0.010374 0.00581356 0.00337154
 1.02171e-16 6.22435e-05 0.000605029 0.00402063 0.0182772 0.0568673 0.121162 0.176844 0.176861 0.121246 0.0571492 0.0190922 0.00606923 0.0050864 0.00860009 0.0141886 0.020593 0.026224 0.0294862 0.0296104 0.0270618 0.0231406 0.0191275 0.01567 0.0127723 0.0101826
 1.01743e-16 6.77013e-05 0.00065808 0.00437318 0.0198798 0.0618536 0.131786 0.192349 0.192362 0.131854 0.0620802 0.0205343 0.0060165 0.00424702 0.00688838 0.0112929 0.0162901 0.0205462 0.0227489 0.0222927 0.019629 0.0159419 0.0124209 0.00970059 0.00779436 0.00639279
 1.00963e-16 7.06816e-05 0.000687051 0.00456569 0.020755 0.0645765 0.137588 0.200816 0.200827 0.137645 0.0647692 0.0213114 0.00596217 0.0037352 0.00585855 0.00957045 0.0137723 0.0173027 0.0190276 0.0184226 0.0158786 0.0124325 0.00914601 0.00661668 0.00490284 0.00376101
 1.03057e-16 2.96317e-05 0.000288031 0.00191407 0.00870112 0.0270727 0.0576833 0.084202 0.0842568 0.0579511 0.0279716 0.011297 0.00842843 0.0145032 0.0270098 0.0445606 0.0640805 0.0803515 0.0880624 0.0847462 0.0722451 0.0554645 0.0394667 0.0271614 0.0189165 0.0136359
 1.03525e-16 6.91997e-05 0.000672646 0.00446997 0.0203198 0.0632226 0.134703 0.196604 0.19661 0.134735 0.0633314 0.0206355 0.00526785 0.0024327 0.00346539 0.00575896 0.00861389 0.0115079 0.0139359 0.0156308 0.0166501 0.0171989 0.0173603 0.0169923 0.0158735 0.0139384
 1.02766e-16 5.91652e-05 0.000575107 0.00382179 0.0173733 0.0540549 0.115171 0.1681 0.168123 0.115286 0.0544426 0.0184926 0.0066302 0.006702 0.0116841 0.0191942 0.0275803 0.0345552 0.0378386 0.0364003 0.0310902 0.0240849 0.0176038 0.0128799 0.00997757 0.00827921
 1.05091e-16 4.1585e-05 0.000404221 0.00268619 0.0122111 0.0379933 0.0809501 0.118157 0.118193 0.0811292 0.0385947 0.013949 0.00705215 0.00994639 0.0181966 0.0301017 0.0435544 0.0551751 0.0615227 0.0609745 0.0546377 0.0454949 0.0365232 0.0292847 0.0238132 0.0194132
 1.03695e-16 6.77138e-05 0.000658203 0.00437399 0.0198835 0.0618651 0.13181 0.192383 0.192393 0.131858 0.062026 0.0203494 0.00554712 0.00323113 0.00498941 0.00823369 0.0120709 0.0156344 0.0180796 0.0190074 0.0186591 0.0176659 0.0165701 0.0155209 0.0143364 0.0127852
 1.02149e-16 6.43536e-05 0.00062554 0.00415694 0.0188968 0.0587952 0.12527 0.182839 0.182857 0.125358 0.059091 0.0197511 0.00630085 0.00530405 0.00894486 0.0146736 0.0211042 0.0264846 0.0290788 0.0280969 0.0241696 0.0189282 0.014034 0.0104072 0.00810008 0.0066679
 1.04722e-16 3.38871e-05 0.000329395 0.00218895 0.00995067 0.0309605 0.0659663 0.0962895 0.096336 0.0661938 0.0317244 0.0121575 0.00772982 0.0124301 0.0230297 0.0380559 0.0549015 0.06921 0.0765436 0.0748268 0.0655468 0.0526799 0.0402605 0.0305059 0.023581 0.0185677
 1.09715e-16 4.76901e-05 0.000463565 0.00308055 0.0140038 0.043571 0.0928334 0.135497 0.135516 0.0929283 0.0438904 0.0149296 0.00541647 0.00560284 0.00992538 0.0166398 0.0246819 0.0325367 0.03865 0.0422496 0.0436647 0.0438105 0.0433124 0.0420574 0.0394811 0.0352095
 1.03127e-16 7.26123e-05 0.000705817 0.0046904 0.0213219 0.0663404 0.141345 0.206299 0.206307 0.141381 0.0664608 0.0216701 0.00556565 0.00262022 0.00371969 0.00606498 0.00880399 0.011234 0.0126984 0.0129137 0.0121356 0.0109666 0.00995899 0.00932408 0.00892466 0.00847451
 1.03389e-16 4.00476e-05 0.000389277 0.00258689 0.0117596 0.0365888 0.077958 0.113791 0.113836 0.0781769 0.0373236 0.0138811 0.00790933 0.0119994 0.022064 0.0363456 0.0521965 0.0653113 0.0713324 0.0682607 0.0576694 0.0436813 0.0305585 0.0207606 0.0145779 0.0110014
pSPR Fmed_Fpbrs
0.576971   0.6 0.325
Fs Fmed_Fpbrs
0.341307   0.314348 0.786269
SSBpbr Bo_Bmed_Bpbrs
727484  383363  400116 200058
Ro
99266.5
SPR SPRFo_SPRFmed_SPRFpbrs
714530 412263 232222
Fref
0.314348
Nvult_r0
 32176.9 28184.7 1901.55 502.554 560.178
CTP_r0
 5008.46 6228.52 429.715 113.703 126.749
YTP_r0
218828
Np
 98248.9 29646.4 3846.52 2902.67 245.503
Nvult_p0
 68602.5 21606.6 2812.62 2122.85 179.549
CTP_p0
 11346.1 2415.64 1886.25 125.983 42.4154
 11346.1 5049.04 671.855 507.681 42.942
YTP_p0
 178545 207241
CBA_c0
206743
log_Ro
11.3256
likeval ReclasPelacesDesembMPH_pf_preclas_ppelaces_ptallas_desvR_qrecl_qpela
 12.8521 16.3626 0.023594 0.00113875 237.867 126.593 117.293 0 27.209 4.02292e-05 8.13756e-05 0.00807359 1.53406e-15 0 0
q_reclas_q_pelaces
2.4522 3.58135
M
1
N
 123068 31039.1 50279.5 5060.98 0.16234
 89116.4 36382.1 8156.11 13082.8 1316.21
 88669.1 21320.4 6903 1517.89 2676.89
 83680.4 21211.9 4044.8 1284.53 779.733
 61916.8 14479.4 2444.54 450.613 229.54
 225352 16637.3 3284.83 546.806 152.021
 59975.1 59278 3652.78 710.411 151.011
 21368.9 10164.7 6616.97 393.797 92.6909
 27229.3 6678.38 2909.55 1880.23 138.181
 36421.4 5059.77 858.903 362.892 251.324
 59888.6 4210.09 313.445 50.5118 36.0179
 109662 17759.3 1111.55 81.9582 22.6133
 88965.6 19502.6 2134.88 129.329 12.1452
 67278.9 16462.4 2492.07 264.507 17.4989
 51181.4 7390.46 942.869 135.19 15.2531
 284594 7032.04 597.266 72.9014 11.604
 40685.5 53935.6 932.222 76.8542 10.8562
 497111 8934.41 8969.37 151.475 14.2339
 246196 123933 1806.14 1781.8 32.8874
 213998 52139.1 19491.5 277.102 278.039
 260590 45156.8 8154.76 2973.39 84.5679
 410874 60354.6 8150.77 1441.65 539.995
 58085.7 87235 9529.33 1255.53 304.836
 200152 14931.4 18486 1987.11 325.09
 168811 53708.2 3380.26 4126.07 515.684
 66311 45369.7 12188.3 756.36 1037.83
 163191 18729 11113.5 2950.35 434.022
 200315 43357 4175.61 2441.79 742.998
 54933.4 57605 10918.8 1040 792.735
 49738.9 16169.6 15036.3 2821.68 473.358
 155514 12860.4 3457.3 3164.47 692.858
 46360.8 38983.9 2621.86 692.803 772.236
pred_Ctot
 15553.9 5761.18 9567.91 964.357 0.0309357
 20395.4 11743.3 2690.3 4320.33 434.68
 20295.9 6882.6 2277.25 501.318 884.159
 29754 10081.6 1956.43 621.894 377.519
 10824 3648.06 630.485 116.365 59.2795
 41713.7 4420.45 893.138 148.858 41.3877
 21748.4 28643.4 1795.85 349.588 74.3147
 2059.61 1455.31 972.183 57.9375 13.6382
 8996.71 2982.06 1323.27 855.967 62.9097
 17282.6 3039.91 523.088 221.167 153.177
 7471.37 771.84 58.9174 9.50723 6.7797
 37949.2 8249.2 525.615 38.7921 10.7038
 29530 8742.72 974.73 59.1058 5.55085
 32773.1 10092.9 1548.12 164.431 10.8786
 21906.7 4092.75 530.113 76.0691 8.58305
 91981.3 3081.1 266.608 32.574 5.18521
 10806.6 19901.1 351.092 28.9763 4.09334
 104526 2669.53 2740.35 46.3341 4.35422
 69037.5 47979 713.359 704.494 13.0039
 60319 20277.1 7733.18 110.056 110.434
 63342 15390.7 2839 1036.32 29.4764
 114797 23290.6 3209.03 568.196 212.839
 11387 24440.4 2731.19 360.283 87.4802
 35122.9 3775.3 4784.62 514.954 84.2519
 29493.4 13524.3 871.348 1064.93 133.105
 9946.4 9903.72 2725.71 169.366 232.409
 29424.2 4856.41 2949.45 783.971 115.336
 28201.2 8914.91 879.846 515.183 156.773
 7067.85 10875.3 2113.24 201.549 153.641
 9614.33 4471.7 4254.28 799.317 134.1
 32306.7 3800.29 1044.74 957.396 209.634
 5008.46 6228.52 429.715 113.703 126.749
F
 0.218662 0.336481 0.346302 0.346835 0.346863
 0.430278 0.662121 0.681446 0.682495 0.68255
 0.430351 0.662233 0.681561 0.68261 0.682665
 0.754279 1.1607 1.19458 1.19642 1.19651
 0.314144 0.483411 0.497521 0.498286 0.498326
 0.335426 0.516161 0.531226 0.532043 0.532086
 0.775008 1.1926 1.22741 1.2293 1.2294
 0.163061 0.250922 0.258246 0.258643 0.258664
 0.682974 1.05097 1.08165 1.08331 1.0834
 1.15767 1.78145 1.83345 1.83627 1.83642
 0.215575 0.331731 0.341413 0.341939 0.341966
 0.726854 1.1185 1.15114 1.15292 1.15301
 0.687172 1.05743 1.0883 1.08997 1.09006
 1.20866 1.85991 1.91419 1.91714 1.91729
 0.984899 1.51558 1.55982 1.56222 1.56235
 0.663275 1.02066 1.05045 1.05207 1.05215
 0.515963 0.793975 0.817148 0.818406 0.818472
 0.389076 0.598718 0.616193 0.617141 0.617191
 0.552214 0.849758 0.87456 0.875905 0.875976
 0.555824 0.855314 0.880277 0.881632 0.881703
 0.462711 0.71203 0.732812 0.733939 0.733998
 0.549682 0.845863 0.870551 0.87189 0.87196
 0.358452 0.551594 0.567693 0.568567 0.568613
 0.315511 0.485515 0.499686 0.500455 0.500495
 0.313934 0.483089 0.497189 0.497954 0.497994
 0.264282 0.406683 0.418552 0.419196 0.41923
 0.325453 0.500815 0.515432 0.516225 0.516267
 0.24628 0.378982 0.390043 0.390643 0.390675
 0.222989 0.34314 0.353156 0.353699 0.353728
 0.352636 0.542644 0.558482 0.559341 0.559386
 0.383585 0.590269 0.607497 0.608432 0.608481
 0.184348 0.283679 0.291959 0.292408 0.292432
YTP_r0W_actual
 43072.8 154467 11989 4241.12 5057.27
YTP_p0W_proyectada
 85549.7 42152.9 45402 3945.78 1495.14
 85549.7 88105.7 16171.6 15900.6 1513.7
CTP_r0_actual
 5008.46 6228.52 429.715 113.703 126.749
CTP_p0_proyectada
 11346.1 2415.64 1886.25 125.983 42.4154
 11346.1 5049.04 671.855 507.681 42.942
Wmedp
 7.54 17.45 24.07 31.32 35.25
Frms_r0
 0.184348 0.283679 0.291959 0.292408 0.292432
Zrms_r0
 1.18435 1.28368 1.29196 1.29241 1.29243
nmprior
 7.27 8.72 9 0
nm_flota  nm_reclas  nm_pelaces    nm_pelaL
inf 18.1482 14.4773 42.1661
cv_recla  cv_pelaces  cv_mph
0.317146 0.443115 0.918432
 ------------------------------------------------
Talla a la edad & desviaci?n 
 8 13.2811 15.8009 17.003 17.5766
 0.8 1.32811 1.58009 1.7003 1.75766
