years
 1991 1992 1993 1994 1995 1996 1997 1998 1999 2000 2001 2002 2003 2004 2005 2006 2007 2008 2009 2010 2011 2012 2013 2014 2015 2016 2017 2018 2019 2020 2021 2022
reclasobs
 0 0 0 0 0 0 0 0 0 252601 567819 844713 477998 351125 339783 2.1784e+06 2.13404e+06 4.81314e+06 1.55562e+06 2.62356e+06 3.21686e+06 3.843e+06 1.13348e+06 3.07943e+06 1.97215e+06 2.03268e+06 2.025e+06 2.42433e+06 2.27542e+06 1.05018e+06 2.36338e+06 3.18982e+06
reclaspred
 3.37486e+06 1.90417e+06 967365 962376 959802 1.44638e+06 945230 859691 631985 466914 509428 637041 625713 502168 518657 1.28517e+06 1.28953e+06 2.80244e+06 2.31181e+06 1.72382e+06 3.03643e+06 2.4781e+06 2.0126e+06 3.05507e+06 2.30127e+06 2.05544e+06 2.3999e+06 2.57037e+06 2.17101e+06 1.53736e+06 2.05192e+06 2.28436e+06
pelacesobs
 0 0 0 0 0 0 0 0 0 0 0 0 0 0 0 552880 188675 0 991730 2.46772e+06 1.41603e+06 1.21717e+06 2.29649e+06 1.80582e+06 0 1.4828e+06 1.56532e+06 1.57751e+06 1.42118e+06 867257 1.10002e+06 1.06204e+06
pelacespred
 1.8632e+06 1.17627e+06 602233 487521 500365 777061 481433 527130 380209 267889 298794 313398 336625 288532 304299 622365 623714 1.54907e+06 1.33234e+06 925797 1.55635e+06 1.39191e+06 1.12042e+06 1.85234e+06 1.35289e+06 1.20159e+06 1.59301e+06 1.54388e+06 1.17084e+06 956967 1.09687e+06 1.23047e+06
mphobs
 0 0 0 0 0 0 0 0 0 0 0 498337 0 5186 125008 0 168611 109162 213762 579715 649985 157893 87575 83554 210694 70296 0 107559 103333 445601 22526 0
mphpred
 386217 257566 129652 70845.6 78024.8 87048.1 110780 72553.4 64732.4 45905.5 30689.6 45149.1 48228.5 41064.1 29241.1 37268.5 112790 111390 210548 160614 171034 209400 200690 168647 230484 190351 158464 166189 233879 166303 115478 195329
desembarqueobs
 494567 514787 250237 358949 120608 361735 552515 73892 212993 205616 52469 317467 293654 387597 252695 516296 358380 742168 942051 627588 828172 859565 418607 520667 417249 300574 415391 372974 316634 284311 391294 218835
desembarquepred
 494573 513428 250930 358973 120612 361750 552569 73895.6 213037 205657 52471.2 317534 293711 387654 252698 516273 358402 742085 941891 627481 828241 859604 418620 520692 417253 300577 415395 372965 316632 284314 391276 218838
Reclutas
 216368 123902 127843 218284 176311 283667 122139 59311 53735.9 69213.3 128352 162624 135080 96806.5 100174 523285 120656 805207 460752 351813 528236 716600 155979 448707 379027 175731 379609 438781 143923 134318 366898 164544
log_desv_Rt
 0.0600482 -0.497441 -0.466129 0.0688672 -0.14468 0.33087 -0.511773 -1.23414 -1.33285 -1.07974 -0.462157 -0.225488 -0.411063 -0.744216 -0.710023 0.943195 -0.523984 1.37417 0.815928 0.546171 0.952612 1.25759 -0.26721 0.78944 0.620676 -0.147976 0.62221 0.767071 -0.347656 -0.416724 0.588152 -0.213755
SSB
 3.99541e+06 2.66452e+06 1.34124e+06 732896 807165 900511 1.14601e+06 750563 669655 474892 317483 467066 498922 424807 302499 385541 1.16681e+06 1.15233e+06 2.17811e+06 1.66155e+06 1.76934e+06 2.16624e+06 2.07613e+06 1.74465e+06 2.38435e+06 1.96917e+06 1.63931e+06 1.71922e+06 2.41948e+06 1.7204e+06 1.19461e+06 2.02068e+06
BT
 5.28958e+06 3.58557e+06 1.82719e+06 1.57775e+06 1.40282e+06 2.33916e+06 1.75713e+06 1.44176e+06 1.20577e+06 899244 826893 1.08717e+06 1.14723e+06 1.1579e+06 1.04931e+06 2.04754e+06 1.91045e+06 4.70207e+06 4.39152e+06 2.98913e+06 4.73746e+06 4.44654e+06 3.29326e+06 5.32411e+06 3.92225e+06 3.40683e+06 4.58664e+06 4.3818e+06 3.32015e+06 2.77639e+06 3.19863e+06 3.38625e+06
Ftot
 0.108115 0.196194 0.190892 0.292384 0.0978685 0.200793 0.429073 0.0665291 0.258545 0.335151 0.085397 0.390097 0.365297 0.59633 0.398399 0.342852 0.211388 0.221296 0.31528 0.282184 0.216795 0.274085 0.156929 0.139594 0.140302 0.112281 0.140811 0.119935 0.108237 0.140118 0.157625 0.0733772
BD_Bspro_t
 0.982886 0.874116 0.73886 0.660716 0.653165 0.717457 0.70131 0.557655 0.615416 0.580224 0.550426 0.721057 0.610726 0.524217 0.426115 0.486441 0.641794 0.626299 0.706405 0.618002 0.589806 0.635108 0.65249 0.649863 0.742274 0.750215 0.758411 0.786371 0.825814 0.776765 0.738618 0.800769
BD_Bspro
 2.72414 1.81672 0.914484 0.499702 0.55034 0.613985 0.781373 0.511747 0.456583 0.32379 0.216466 0.318454 0.340174 0.289641 0.206249 0.262869 0.795555 0.785677 1.48508 1.13287 1.20637 1.47698 1.41554 1.18954 1.6257 1.34262 1.11771 1.1722 1.64964 1.173 0.81451 1.37773
BD_Bo
 1.417 0.944991 0.475682 0.259927 0.286267 0.319373 0.406442 0.266192 0.237498 0.168424 0.112598 0.165648 0.176946 0.150661 0.107283 0.136735 0.413819 0.408681 0.772484 0.589279 0.627508 0.768273 0.736315 0.618753 0.845628 0.698381 0.581393 0.609734 0.858085 0.610151 0.423678 0.716647
BD_Brms
 2.57636 1.71816 0.864876 0.472594 0.520485 0.580677 0.738986 0.483986 0.431814 0.306225 0.204723 0.301179 0.321721 0.273929 0.195061 0.248609 0.752398 0.743056 1.40452 1.07142 1.14092 1.39686 1.33875 1.12501 1.53751 1.26978 1.05708 1.10861 1.56015 1.10937 0.770324 1.30299
Sel_flota
 0.777427 0.985156 0.999208 0.999958 0.999998
 0.777427 0.985156 0.999208 0.999958 0.999998
 0.777427 0.985156 0.999208 0.999958 0.999998
 0.777427 0.985156 0.999208 0.999958 0.999998
 0.777427 0.985156 0.999208 0.999958 0.999998
 0.777427 0.985156 0.999208 0.999958 0.999998
 0.777427 0.985156 0.999208 0.999958 0.999998
 0.777427 0.985156 0.999208 0.999958 0.999998
 0.777427 0.985156 0.999208 0.999958 0.999998
 0.777427 0.985156 0.999208 0.999958 0.999998
 0.777427 0.985156 0.999208 0.999958 0.999998
 0.777427 0.985156 0.999208 0.999958 0.999998
 0.777427 0.985156 0.999208 0.999958 0.999998
 0.777427 0.985156 0.999208 0.999958 0.999998
 0.777427 0.985156 0.999208 0.999958 0.999998
 0.777427 0.985156 0.999208 0.999958 0.999998
 0.777427 0.985156 0.999208 0.999958 0.999998
 0.777427 0.985156 0.999208 0.999958 0.999998
 0.777427 0.985156 0.999208 0.999958 0.999998
 0.777427 0.985156 0.999208 0.999958 0.999998
 0.777427 0.985156 0.999208 0.999958 0.999998
 0.777427 0.985156 0.999208 0.999958 0.999998
 0.777427 0.985156 0.999208 0.999958 0.999998
 0.777427 0.985156 0.999208 0.999958 0.999998
 0.777427 0.985156 0.999208 0.999958 0.999998
 0.777427 0.985156 0.999208 0.999958 0.999998
 0.777427 0.985156 0.999208 0.999958 0.999998
 0.777427 0.985156 0.999208 0.999958 0.999998
 0.777427 0.985156 0.999208 0.999958 0.999998
 0.777427 0.985156 0.999208 0.999958 0.999998
 0.777427 0.985156 0.999208 0.999958 0.999998
 0.777427 0.985156 0.999208 0.999958 0.999998
Sel_reclas
 1 1 1 1 1
 1 1 1 1 1
 1 1 1 1 1
 1 1 1 1 1
 1 1 1 1 1
 1 1 1 1 1
 1 1 1 1 1
 1 1 1 1 1
 1 1 1 1 1
 1 1 1 1 1
 1 1 1 1 1
 1 1 1 1 1
 1 1 1 1 1
 1 1 1 1 1
 1 1 1 1 1
 1 1 1 1 1
 1 1 1 1 1
 1 1 1 1 1
 1 1 1 1 1
 1 1 1 1 1
 1 1 1 1 1
 1 1 1 1 1
 1 1 1 1 1
 1 1 1 1 1
 1 1 1 1 1
 1 1 1 1 1
 1 1 1 1 1
 1 1 1 1 1
 1 1 1 1 1
 1 1 1 1 1
 1 1 1 1 1
 1 1 1 1 1
Sel_pelaces
 1 1 1 1 1
 1 1 1 1 1
 1 1 1 1 1
 1 1 1 1 1
 1 1 1 1 1
 1 1 1 1 1
 1 1 1 1 1
 1 1 1 1 1
 1 1 1 1 1
 1 1 1 1 1
 1 1 1 1 1
 1 1 1 1 1
 1 1 1 1 1
 1 1 1 1 1
 1 1 1 1 1
 1 1 1 1 1
 1 1 1 1 1
 1 1 1 1 1
 1 1 1 1 1
 1 1 1 1 1
 1 1 1 1 1
 1 1 1 1 1
 1 1 1 1 1
 1 1 1 1 1
 1 1 1 1 1
 1 1 1 1 1
 1 1 1 1 1
 1 1 1 1 1
 1 1 1 1 1
 1 1 1 1 1
 1 1 1 1 1
 1 1 1 1 1
pf_obs 
 0.8446 0.082 0.0669 0.0065 0
 0.8095 0.147 0.0364 0.0071 0
 0.9664 0.0169 0.016 0.0007 0
 0.9276 0.0648 0.0075 0.0001 0
 0.7033 0.2144 0.0806 0.0017 0
 0.9318 0.0425 0.0243 0.0014 0
 0.5671 0.3108 0.0964 0.0239 0.0018
 0.0768 0.2599 0.5324 0.112 0.0189
 0.490249 0.384438 0.106611 0.0170017 0.00170017
 0.7925 0.1577 0.0466 0.003 0.0002
 0.840416 0.127587 0.0312969 0.00059994 9.999e-05
 0.8084 0.0986 0.0794 0.0134 0.0002
 0.7335 0.1905 0.0724 0.0035 0.0001
 0.4001 0.4547 0.1325 0.0127 0
 0.49795 0.308269 0.164784 0.0264974 0.00249975
 0.9179 0.0499 0.0305 0.0017 0
 0.2467 0.6533 0.0926 0.0074 0
 0.9418 0.0223 0.034 0.0019 0
 0.707729 0.231977 0.0356964 0.0245975 0
 0.517169 0.277429 0.184464 0.0207286 0.00020938
 0.811772 0.124168 0.05621 0.00726502 0.000585176
 0.764997 0.148141 0.077277 0.00933861 0.000247198
 0.163321 0.427699 0.378323 0.0303852 0.000271297
 0.753843 0.0900009 0.118128 0.0371064 0.000921714
 0.721811 0.176058 0.0630433 0.0369309 0.00215725
 0.143369 0.312575 0.442814 0.0836902 0.0175525
 0.692698 0.0596174 0.167031 0.0765114 0.00414204
 0.394062 0.376323 0.152708 0.0712218 0.00568511
 0.125707 0.32114 0.495352 0.0537591 0.00404204
 0.23352 0.215282 0.420074 0.123614 0.00750983
 0.796117 0.104755 0.0508955 0.0450114 0.00322123
 0.162477 0.292055 0.404252 0.121198 0.0200186
pf_pred 
 0.409768 0.115966 0.449404 0.0248606 7.99675e-07
 0.390125 0.287215 0.0641321 0.244985 0.0135424
 0.542439 0.207057 0.118957 0.0261632 0.105384
 0.72478 0.166519 0.0496083 0.0280734 0.0310187
 0.629463 0.287021 0.050857 0.0149116 0.0177468
 0.721286 0.190443 0.0685998 0.0119828 0.00768886
 0.462392 0.413693 0.0850823 0.0301847 0.00864858
 0.43788 0.299415 0.202962 0.0410329 0.0187109
 0.509761 0.243776 0.13215 0.0883308 0.0259813
 0.666426 0.19193 0.0710036 0.0378912 0.0327489
 0.790125 0.15195 0.0335652 0.0122165 0.0121432
 0.712604 0.237691 0.0361304 0.00786827 0.00570592
 0.65564 0.263725 0.0668852 0.0099968 0.00375236
 0.604749 0.282595 0.0866153 0.0216031 0.00443681
 0.711121 0.195102 0.0674107 0.0202769 0.00608985
 0.923197 0.0587691 0.0122477 0.00416067 0.0016259
 0.381956 0.581167 0.0283278 0.00580755 0.00274142
 0.88384 0.0514228 0.0609299 0.00292494 0.000881982
 0.576021 0.384982 0.0174119 0.0203164 0.00126833
 0.577936 0.269768 0.138499 0.00616344 0.00763394
 0.723569 0.177157 0.0638164 0.0322474 0.00320974
 0.731154 0.207513 0.0395266 0.014022 0.00778444
 0.313341 0.535149 0.117373 0.0220069 0.0121307
 0.722214 0.102375 0.137156 0.0296413 0.00861419
 0.611307 0.299092 0.0333301 0.044006 0.0122645
 0.427743 0.38197 0.14693 0.016136 0.0272206
 0.713949 0.139519 0.0982794 0.0372645 0.0109875
 0.680426 0.243469 0.0374025 0.0259644 0.0127377
 0.362836 0.465456 0.131277 0.0198781 0.0205527
 0.480716 0.218137 0.220851 0.0614012 0.0188955
 0.782376 0.118156 0.0421438 0.0420485 0.0152759
 0.473507 0.432701 0.0512766 0.0180215 0.0244935
pobs_RECLAS
 0 0 0 0 0
 0 0 0 0 0
 0 0 0 0 0
 0 0 0 0 0
 0 0 0 0 0
 0 0 0 0 0
 0 0 0 0 0
 0 0 0 0 0
 0 0 0 0 0
 0 0 0 0 0
 0.991045 0.00858322 0.000360255 1.14367e-05 0
 0.934742 0.0480273 0.0164251 0.00080598 0
 0.827803 0.169806 0.00239088 0 0
 0.941827 0.0461693 0.0120037 0 0
 0.791401 0.0380133 0.147996 0.0225897 0
 0.846168 0.0940531 0.0597789 0 0
 0.134021 0.677848 0.182769 0.00536245 0
 0.80878 0.0450904 0.141981 0.00414843 0
 0.846168 0.0940531 0.0597789 0 0
 0.905697 0.0802665 0.012482 0.00150086 5.37128e-05
 0.989698 0.0102097 9.19794e-05 0 0
 0.975433 0.0193895 0.00387452 0.00125025 5.28907e-05
 0.303575 0.632131 0.0575291 0.00676475 0
 0.966965 0.00978017 0.0227588 0.000495775 0
 0.843318 0.132988 0.00938335 0.0141283 0.000182051
 0.564624 0.303363 0.111486 0.0197234 0.00080311
 0.826376 0.0876187 0.0782897 0.00655872 0.00115652
 0.89761 0.0855135 0.0140674 0.00269457 0.000114338
 0.34875 0.467042 0.161289 0.0227151 0.000203297
 0.318654 0.224769 0.449479 0.00709798 0
 0.937255 0.0296025 0.0250945 0.00804832 0
 0.456809 0.399803 0.12412 0.0192676 0
ppred_RECLAS
 0.471382 0.105063 0.401368 0.0221865 7.1363e-07
 0.450624 0.260784 0.057396 0.219086 0.0121103
 0.603208 0.181018 0.102508 0.0225282 0.0907385
 0.771574 0.139026 0.0408177 0.0230809 0.0255014
 0.68391 0.245648 0.0429088 0.0125716 0.0149613
 0.767859 0.159352 0.0565777 0.0098752 0.00633627
 0.524849 0.366899 0.0743458 0.0263549 0.00755095
 0.498737 0.268797 0.17963 0.0362885 0.0165469
 0.571673 0.214585 0.114647 0.0765725 0.0225219
 0.719616 0.162357 0.0591884 0.0315614 0.027277
 0.827506 0.125388 0.0273052 0.0099306 0.00987061
 0.760653 0.198463 0.0297249 0.00646826 0.00469046
 0.709369 0.223349 0.0558169 0.008336 0.00312884
 0.664105 0.241209 0.0728131 0.0181459 0.00372662
 0.759792 0.163019 0.0554986 0.0166806 0.00500958
 0.939027 0.046819 0.00961502 0.00326378 0.00127536
 0.44045 0.52662 0.0253006 0.00518297 0.00244649
 0.907094 0.0414617 0.0484213 0.00232268 0.00070035
 0.634469 0.332367 0.0148139 0.0172716 0.0010782
 0.63699 0.233246 0.118016 0.00524787 0.00649966
 0.770066 0.148137 0.0525965 0.0265574 0.00264328
 0.776677 0.172956 0.0324682 0.0115092 0.00638914
 0.367834 0.494254 0.106857 0.02002 0.011035
 0.769249 0.085821 0.113341 0.0244759 0.00711277
 0.667232 0.256931 0.028224 0.037236 0.0103773
 0.48816 0.343284 0.130173 0.0142849 0.024097
 0.761621 0.117137 0.0813379 0.0308173 0.00908614
 0.730719 0.205869 0.0311767 0.0216261 0.0106089
 0.420585 0.424916 0.118142 0.0178755 0.0184815
 0.542576 0.193775 0.193391 0.0537259 0.0165329
 0.821444 0.0976007 0.0343154 0.0342117 0.0124284
 0.533612 0.384296 0.0448959 0.015767 0.0214286
pobs_PELACES
 0 0 0 0 0
 0 0 0 0 0
 0 0 0 0 0
 0 0 0 0 0
 0 0 0 0 0
 0 0 0 0 0
 0 0 0 0 0
 0 0 0 0 0
 0 0 0 0 0
 0 0 0 0 0
 0 0 0 0 0
 0 0 0 0 0
 0 0 0 0 0
 0 0 0 0 0
 0 0 0 0 0
 0 0 0 0 0
 0.505614 0.472636 0.0217494 0 0
 0 0 0 0 0
 0.443492 0.261883 0.143347 0.151278 0
 0.227955 0.32914 0.350689 0.0885471 0.00366901
 0.970185 0.0296113 0.000203453 0 0
 0.997202 0.00247181 0.000326279 0 0
 0.445219 0.490057 0.0546422 0.010081 0
 0.90214 0.0892962 0.00764917 0.000914606 0
 0 0 0 0 0
 0.581667 0.319106 0.0959925 0.00289975 0.000334073
 0.762889 0.0836404 0.116647 0.0363945 0.000428098
 0.88444 0.0763242 0.0277011 0.0115352 0
 0.521256 0.241999 0.230069 0.00667565 0
 0.616807 0.101726 0.260614 0.0208532 0
 0.833518 0.0704572 0.0857862 0.0102388 0
 0.697417 0.212968 0.0787535 0.0105354 0.000325836
ppred_PELACES
 0.473329 0.104718 0.39985 0.0221019 7.10911e-07
 0.454079 0.259273 0.0570116 0.217608 0.0120285
 0.606454 0.179626 0.101629 0.0223342 0.0899566
 0.775182 0.136905 0.0401404 0.0226963 0.0250764
 0.685381 0.244531 0.0426941 0.0125084 0.0148861
 0.770356 0.157685 0.0559336 0.00976229 0.00626381
 0.532293 0.361318 0.0730692 0.0258996 0.00742046
 0.499913 0.268205 0.17918 0.0361968 0.0165051
 0.576157 0.212469 0.113381 0.0757217 0.0222716
 0.724363 0.159716 0.0581352 0.0309972 0.0267893
 0.828356 0.124784 0.027163 0.00987865 0.00981896
 0.765544 0.194468 0.029074 0.00632601 0.00458729
 0.714585 0.219428 0.0547441 0.00817503 0.00306841
 0.673335 0.234766 0.0706724 0.0176098 0.0036165
 0.764849 0.159683 0.0542625 0.0163075 0.00489749
 0.94038 0.0457974 0.00939026 0.00318722 0.00124544
 0.444039 0.523273 0.0251152 0.00514471 0.00242843
 0.908412 0.0408968 0.0477126 0.00228856 0.00069006
 0.639498 0.327839 0.0145907 0.0170101 0.00106187
 0.641559 0.230419 0.116433 0.00517711 0.006412
 0.77275 0.146461 0.051949 0.0262291 0.00261059
 0.779969 0.170457 0.0319583 0.0113276 0.00628835
 0.370377 0.492345 0.106367 0.0199274 0.0109839
 0.771016 0.085199 0.112447 0.024282 0.00705638
 0.669398 0.255298 0.0280263 0.0369739 0.0103042
 0.490127 0.342025 0.129628 0.0142247 0.0239954
 0.76343 0.116288 0.0806952 0.0305728 0.00901402
 0.73236 0.204642 0.0309737 0.0214846 0.0105395
 0.422428 0.423622 0.117723 0.0178117 0.0184154
 0.545053 0.192799 0.192292 0.0534187 0.0164383
 0.823073 0.0967433 0.033989 0.033885 0.0123097
 0.534879 0.383276 0.0447615 0.0157195 0.021364
pobs_pel_tallas
 0 0 0 0 0 0 0 0 0 0 0 0 0 0 0 0 0 0 0 0 0 0 0 0 0 0
 0 0 0 0 0 0 0 0 0 0 0 0 0 0 0 0 0 0 0 0 0 0 0 0 0 0
 0 0 0 0 0 0 0 0 0 0 0 0 0 0 0 0 0 0 0 0 0 0 0 0 0 0
 0 0 0 0 0 0 0 0 0 0 0 0 0 0 0 0 0 0 0 0 0 0 0 0 0 0
 0 0 0 0 0 0 0 0 0 0 0 0 0 0 0 0 0 0 0 0 0 0 0 0 0 0
 0 0 0 0 0 0 0 0 0 0 0 0 0 0 0 0 0 0 0 0 0 0 0 0 0 0
 0 0 0 0 0 0 0 0 0 0 0 0 0 0 0 0 0 0 0 0 0 0 0 0 0 0
 0 0 0 0 0 0 0 0 0 0 0 0 0 0 0 0 0 0 0 0 0 0 0 0 0 0
 0 0 0 0 0 0 0 0 0 0 0 0 0 0 0 0 0 0 0 0 0 0 0 0 0 0
 0 0 0 0 0 0 0 0 0 0 0 0 0 0 0 0 0 0 0 0 0 0 0 0 0 0
 0 0 0 0 0 0 0 0 0 0 0 0 0 0 0 0 0 0 0 0 0 0 0 0 0 0
 0 0 0 0 0 0 0 0 0 0 0 0 0 0 0 0 0 0 0 0 0 0 0 0 0 0
 0.00862536 0 0 0.000197151 0.00414017 0.0128641 0.00837892 0.0270097 0.101434 0.158115 0.152841 0.127902 0.109271 0.109419 0.0830992 0.0579132 0.0238553 0.00714673 0.00463305 0.00128148 0.00103504 0.000492878 0.000147863 0.000147863 4.92878e-05 0
 0 0 0 0 0 0 0 0 0 0 0 0 0 0 0 0 0 0 0 0 0 0 0 0 0 0
 0 0 0 0 0 0 0 0.0054083 0.00873648 0.0413646 0.0450493 0.0745869 0.0622846 0.0627006 0.0613931 0.0827291 0.12552 0.122667 0.0946155 0.0697135 0.0546179 0.0294188 0.0215738 0.0213955 0.0102223 0.00600262
 0 0 0 0 0.00359764 0.0251062 0.0480494 0.140153 0.205849 0.193036 0.1447 0.116669 0.0760912 0.0342217 0.00950174 0.001854 0.000860785 0 0 0 0.000165536 0 0.000143464 0 0 0
 0 0 0 0 0 0 0 0.000145254 0.000435761 0.0275982 0.070085 0.0708112 0.156366 0.174668 0.174014 0.160142 0.0824315 0.0480064 0.0283245 0.00493863 0.00203355 0 0 0 0 0
 0 0 0 0 0 0 0 0 0 0 0 0 0 0 0 0 0 0 0 0 0 0 0 0 0 0
 0 0 1.00437e-05 0.000401748 0.00122533 0.00171747 0.00176769 0.0269171 0.070346 0.194647 0.189555 0.159765 0.064822 0.0314167 0.0384472 0.0292271 0.0345202 0.0313363 0.0194345 0.0106764 0.0143323 0.0359363 0.0279516 0.0138201 0.00172751 0
 0 0.0021121 0.0136068 0.0755702 0.200478 0.177729 0.0527432 0.0373336 0.0318909 0.0142505 0.0149659 0.0166563 0.0217959 0.0798694 0.0677717 0.0528807 0.04013 0.0224614 0.0357745 0.0225083 0.00881397 0.00855152 0.00135912 0.000746735 0 0
 0 0 0 0 5.4009e-05 0.00500934 0.000945158 0.0243581 0.138947 0.33067 0.221406 0.137944 0.0707744 0.0437923 0.0131692 0.00525238 0.0047753 0.00276346 9.45158e-05 9.00151e-06 2.25038e-05 9.00151e-06 4.50075e-06 0 0 0
 0.000866109 0.00284123 0.00948549 0.0512746 0.133035 0.25785 0.225252 0.132002 0.0553304 0.0519788 0.0540692 0.017754 0.00435017 0.00159236 0.00146478 0.000404838 0.000125132 0.000115318 0.000107957 0.000100596 0 0 0 0 0 0
 0 0 0 0 0.00144013 0.00171154 0.00461396 0.0210425 0.0478622 0.0707936 0.0888783 0.103762 0.0637923 0.0337046 0.0602308 0.124433 0.169614 0.0934646 0.0462172 0.0250306 0.0313229 0.00938855 0.002487 0.000210481 0 0
 0 0.00764035 0.051015 0.0998891 0.058973 0.0496711 0.0374665 0.0718981 0.12319 0.153886 0.159021 0.0857701 0.0377988 0.023471 0.0147837 0.00900784 0.00315554 0.000888139 0.00291439 0.00214683 0.00393193 0.00274676 0.000635225 9.99891e-05 0 0
 0 0 0 0 0 0 0 0 0 0 0 0 0 0 0 0 0 0 0 0 0 0 0 0 0 0
 0 0 0 0 0 0 0 0 0 0 0 0 0 0 0 0 0 0 0 0 0 0 0 0 0 0
 0 0 0 0 0 0 0 0 0 0 0 0 0 0 0 0 0 0 0 0 0 0 0 0 0 0
 0 0 0 0 0 0 0 0 0 0 0 0 0 0 0 0 0 0 0 0 0 0 0 0 0 0
 0 0 0 0 0 0 0 0 0 0 0 0 0 0 0 0 0 0 0 0 0 0 0 0 0 0
 0 0 0 0 0 0 0 0 0 0 0 0 0 0 0 0 0 0 0 0 0 0 0 0 0 0
 0 0 0 0 0 0 0 0 0 0 0 0 0 0 0 0 0 0 0 0 0 0 0 0 0 0
 0 0 0 0 0 0 0 0 0 0 0 0 0 0 0 0 0 0 0 0 0 0 0 0 0 0
ppred_pel_tallas
 1.13783e-16 3.89875e-05 0.000378973 0.00251841 0.0114483 0.03562 0.0758927 0.11077 0.11078 0.0759452 0.0357982 0.0119705 0.00385782 0.00339804 0.00605083 0.010665 0.0170394 0.0249153 0.0339214 0.0436745 0.0536335 0.0627472 0.0693303 0.0715346 0.0682515 0.0598191
 1.25571e-16 3.7402e-05 0.00036356 0.00241599 0.0109827 0.0341715 0.072807 0.106269 0.106294 0.0729297 0.0345838 0.0121752 0.00541572 0.00693438 0.0125863 0.0209436 0.0306597 0.039684 0.0460541 0.0491256 0.0500483 0.0509466 0.0533888 0.0573171 0.0611382 0.0627272
 1.20442e-16 4.99528e-05 0.000485559 0.00322671 0.0146682 0.0456382 0.0972377 0.141925 0.141942 0.0973231 0.0459253 0.0154991 0.00531958 0.00507866 0.00884608 0.0147411 0.0217024 0.0283191 0.0332193 0.035875 0.0369293 0.0376829 0.0391366 0.0413445 0.0434794 0.044405
 1.07714e-16 6.38508e-05 0.000620652 0.00412445 0.0187492 0.0583357 0.124291 0.181409 0.181422 0.124356 0.0585531 0.0193777 0.00570443 0.00407749 0.00665236 0.0109598 0.0159358 0.0203785 0.0231235 0.0236787 0.022523 0.0207559 0.019374 0.0187389 0.0185569 0.0182385
 1.05069e-16 5.6454e-05 0.000548753 0.00364666 0.0165772 0.0515779 0.109893 0.160397 0.160421 0.110008 0.0519649 0.0176953 0.00645414 0.00668048 0.0117107 0.0192949 0.0278485 0.0351499 0.038978 0.0383243 0.0339922 0.0280344 0.0224953 0.018437 0.0158158 0.0139985
 1.03694e-16 6.34532e-05 0.000616788 0.00409877 0.0186324 0.0579725 0.123517 0.18028 0.180295 0.123592 0.058223 0.0193566 0.00591926 0.00459972 0.00765359 0.0126201 0.0183318 0.0233846 0.0263837 0.026677 0.0247101 0.0216578 0.0186468 0.016197 0.014214 0.012357
 1.06055e-16 4.38444e-05 0.000426183 0.00283214 0.0128745 0.0400575 0.0853481 0.124575 0.12461 0.0855185 0.0406297 0.0145277 0.00698392 0.00949622 0.0172893 0.0285658 0.0412705 0.052165 0.0579737 0.05719 0.0509533 0.0422202 0.0339273 0.0275894 0.0231541 0.0197775
 1.11663e-16 4.11772e-05 0.000400257 0.00265985 0.0120913 0.0376207 0.0801559 0.116995 0.117021 0.0802834 0.0380497 0.0133332 0.0057884 0.00726717 0.0131923 0.0220317 0.0324066 0.042166 0.0491114 0.0521944 0.0520224 0.0501828 0.047987 0.0457019 0.0427604 0.0385352
 1.1469e-16 4.74574e-05 0.000461302 0.00306552 0.0139354 0.0433584 0.0923803 0.134836 0.134857 0.0924812 0.0436976 0.0149175 0.00553861 0.00588695 0.0104319 0.0173848 0.0255508 0.0332342 0.0387535 0.0413967 0.0418119 0.0414206 0.0413296 0.0416294 0.041532 0.0400614
 1.09361e-16 5.96648e-05 0.000579963 0.00385406 0.01752 0.0545113 0.116143 0.169517 0.169532 0.116218 0.0547654 0.0182546 0.0057016 0.00462518 0.00777829 0.0128613 0.0187547 0.024092 0.0275366 0.0285191 0.027573 0.0259199 0.0246363 0.0240608 0.0238027 0.0231829
 1.03469e-16 6.82306e-05 0.000663225 0.00440737 0.0200353 0.0623372 0.132816 0.193852 0.193864 0.132875 0.0625349 0.0206066 0.00584239 0.0037991 0.00603348 0.00989248 0.0143064 0.0181268 0.0202359 0.0201319 0.0182233 0.015535 0.0130656 0.0112997 0.01016 0.00928752
 1.023e-16 6.30569e-05 0.000612936 0.00407317 0.0185161 0.0576105 0.122746 0.179155 0.179174 0.122837 0.057918 0.0194045 0.00630342 0.00548208 0.00931197 0.0152988 0.022042 0.0277392 0.0305966 0.0297879 0.0259393 0.0206943 0.0157206 0.0119335 0.00938525 0.00765466
 1.02976e-16 5.88595e-05 0.000572135 0.00380204 0.0172835 0.0537756 0.114575 0.167231 0.167252 0.114679 0.0541233 0.0182885 0.00632632 0.00608855 0.0105527 0.0173974 0.0251598 0.0318547 0.0354896 0.035131 0.0314305 0.0261283 0.0209587 0.0168272 0.0137408 0.011274
 1.04478e-16 5.54618e-05 0.000539108 0.00358257 0.0162858 0.0506714 0.107962 0.157578 0.157601 0.108073 0.0510439 0.0173626 0.00628846 0.00645606 0.0113222 0.0187069 0.0271227 0.0344854 0.0386986 0.0387839 0.0354253 0.0304252 0.0255363 0.021607 0.0185439 0.0158447
 1.04072e-16 6.29996e-05 0.000612379 0.00406947 0.0184992 0.0575581 0.122634 0.178991 0.179007 0.12271 0.0578117 0.0192325 0.00591271 0.00464494 0.00774744 0.0127764 0.0185591 0.0236772 0.0267244 0.0270504 0.025119 0.0221297 0.0192228 0.0169076 0.0150559 0.0132837
 1.00814e-16 7.74578e-05 0.000752918 0.0050034 0.0227447 0.0707674 0.150778 0.220065 0.22007 0.150799 0.0708399 0.0229543 0.0055297 0.00190271 0.00226375 0.0036268 0.00523353 0.00661645 0.00735653 0.00726312 0.00648089 0.00538454 0.00434563 0.00355503 0.00300449 0.0025853
 1.01786e-16 3.6575e-05 0.000355522 0.00236257 0.0107399 0.0334162 0.0711986 0.103927 0.103977 0.0714446 0.034242 0.0131241 0.00834311 0.0133981 0.0247684 0.0407886 0.0585175 0.0730893 0.0795692 0.0756821 0.0631939 0.046775 0.031294 0.0196207 0.012189 0.00794656
 1.01734e-16 7.48247e-05 0.000727323 0.00483332 0.0219716 0.0683617 0.145652 0.212584 0.212588 0.145672 0.0684277 0.0221631 0.00531723 0.001794 0.0021307 0.0034822 0.00519026 0.00690272 0.00830106 0.00921572 0.00968152 0.00983437 0.00974799 0.0093673 0.00858832 0.00739152
 1.02391e-16 5.26747e-05 0.000512017 0.00340253 0.0154674 0.0481251 0.102537 0.149662 0.149694 0.102691 0.0486425 0.0169614 0.00715029 0.00868607 0.0155553 0.0255774 0.0367124 0.0459038 0.0500811 0.0478469 0.0403319 0.0304678 0.0212774 0.0144906 0.0102814 0.00789075
 1.05024e-16 5.28444e-05 0.000513667 0.0034135 0.0155173 0.0482801 0.102867 0.150142 0.150164 0.102976 0.0486472 0.0165791 0.00608508 0.00636616 0.0112274 0.0186323 0.0271943 0.0349411 0.0398667 0.0409951 0.0388743 0.0350409 0.0309354 0.0271732 0.0236114 0.0199047
 1.04609e-16 6.36505e-05 0.000618705 0.00411151 0.0186904 0.0581527 0.123901 0.18084 0.180854 0.12397 0.0583855 0.0193634 0.00580384 0.00432247 0.00712562 0.0117531 0.0170998 0.0218769 0.0248152 0.0253381 0.0238795 0.021526 0.0192804 0.0175408 0.0161109 0.0145759
 1.03167e-16 6.42451e-05 0.000624485 0.00414992 0.018865 0.058696 0.125059 0.18253 0.182547 0.125139 0.0589658 0.0196446 0.00610776 0.00490106 0.00819402 0.0134655 0.0194414 0.0245562 0.0272614 0.0268503 0.0238719 0.0197388 0.0158549 0.012946 0.0109826 0.00954418
 1.07053e-16 3.05075e-05 0.000296544 0.00197064 0.00895828 0.0278728 0.0593877 0.086688 0.0867355 0.0596199 0.0286526 0.0112114 0.00762906 0.0126585 0.023536 0.0389347 0.0562551 0.0711006 0.0789924 0.0778478 0.0691801 0.0569845 0.0452568 0.0361037 0.0295457 0.024551
 1.06897e-16 6.35076e-05 0.000617316 0.00410228 0.0186484 0.0580221 0.123623 0.180433 0.180441 0.123664 0.0581603 0.0190495 0.00511718 0.00285931 0.00439931 0.00737637 0.0110975 0.0149581 0.0183651 0.0210206 0.0230124 0.0245697 0.0257099 0.0261171 0.0253567 0.0232178
 1.06326e-16 5.51375e-05 0.000535956 0.00356162 0.0161906 0.0503751 0.10733 0.156657 0.156682 0.107451 0.0507788 0.0173567 0.00648876 0.00692668 0.0121951 0.0200835 0.0289546 0.0364886 0.0403779 0.0396074 0.0350808 0.0290165 0.0235971 0.0199126 0.0178144 0.0164822
 1.09316e-16 4.03712e-05 0.000392422 0.00260779 0.0118546 0.0368844 0.0785872 0.114707 0.11474 0.078749 0.0374279 0.0134264 0.00655938 0.00903984 0.0165252 0.0274177 0.0398716 0.050936 0.0576083 0.0584837 0.0545239 0.048254 0.0420803 0.0370879 0.0330358 0.0291584
 1.0695e-16 6.28828e-05 0.000611243 0.00406192 0.0184649 0.0574513 0.122406 0.178658 0.17867 0.122462 0.0576375 0.0190042 0.00542095 0.00359619 0.00578564 0.00960721 0.0141686 0.0185283 0.0217654 0.0234614 0.0239013 0.0237629 0.0235568 0.0232933 0.0225945 0.0210675
 1.04885e-16 6.03236e-05 0.000586367 0.00389661 0.0177134 0.0551132 0.117425 0.17139 0.171409 0.117522 0.055437 0.0186489 0.00624536 0.00571582 0.0098087 0.0161389 0.0232901 0.0293966 0.032609 0.0321022 0.0285727 0.0237597 0.0193774 0.0162875 0.0143954 0.0130984
 1.08409e-16 3.47949e-05 0.000338219 0.00224758 0.0102172 0.0317898 0.067733 0.0988669 0.0989078 0.067933 0.0324616 0.0121589 0.00712607 0.0110031 0.0203337 0.0336768 0.0487816 0.0619161 0.0692808 0.0691073 0.0626597 0.0532601 0.0441717 0.0370225 0.0316983 0.0272735
 1.13738e-16 4.48953e-05 0.000436398 0.00290002 0.0131831 0.0410176 0.087393 0.127557 0.127575 0.0874853 0.0413282 0.0140838 0.00517438 0.00544604 0.0096908 0.0162957 0.0242833 0.0322505 0.0387681 0.0431554 0.0457559 0.0474018 0.0485466 0.0488457 0.0474882 0.0438933
 1.06488e-16 6.77955e-05 0.000658996 0.00437926 0.0199075 0.0619396 0.131969 0.192615 0.192624 0.132015 0.0620936 0.0203527 0.00549911 0.00311165 0.00475001 0.00781088 0.0114047 0.014692 0.0168812 0.0176501 0.0173399 0.0166904 0.0163233 0.0163797 0.0165376 0.0163065
 1.06582e-16 4.40574e-05 0.000428253 0.0028459 0.0129371 0.0402522 0.0857629 0.125181 0.125218 0.0859433 0.040858 0.0146869 0.00723797 0.010015 0.018248 0.0300912 0.043331 0.0544737 0.0599975 0.0583077 0.0507042 0.040512 0.0310917 0.0242652 0.0200641 0.0175029
pSPR Fmed_Fpbrs
0.547202   0.6 0.325
Fs Fmed_Fpbrs
0.341307   0.284396 0.696256
SSBpbr Bo_Bmed_Bpbrs
2.81963e+06  1.40192e+06  1.55079e+06 775397
Ro
203757
SPR SPRFo_SPRFmed_SPRFpbrs
1.46667e+06 802564 476667
Fref
0.284396
Nvult_r0
 107368 78543.2 9185.58 3226.07 4384.48
CTP_r0
 5794.31 5294.97 627.472 220.529 299.727
YTP_r0
218838
Np
 248726 73351 15894.2 11314.5 1686.51
Nvult_p0
 175375 52960.3 11493.4 8182.39 1219.65
CTP_p0
 31754.2 9034.72 6538.96 764.038 360.052
 31754.2 11590.7 2543.35 1811.72 270.059
YTP_p0
 591097 569165
CBA_c0
330515
log_Ro
12.0447
likeval ReclasPelacesDesembMPH_pf_preclas_ppelaces_ptallas_desvR_qrecl_qpela
 15.9274 17.4917 0.0746726 0.00112554 230.424 129.151 111.8 0 22.3489 4.23955e-06 7.91961e-07 0.378216 8.2863e-16 0 0
q_reclas_q_pelaces
0.747374 0.881744
M
1
N
 216368 48769.1 186453 10307 0.331526
 123902 73180.3 16128.5 61568.4 3403.29
 127843 39132.9 22190.1 4877.09 19643.9
 218284 40544.4 11928.2 6745.7 7453.16
 176311 63974.9 11182.5 3276.42 3899.25
 283667 60109.3 21371.9 3730.58 2393.68
 122139 89273 18144.2 6433 1843.14
 59311 32187.7 21520.3 4347.58 1982.42
 53735.9 20719.4 11090 7407.69 2178.8
 69213.3 16168.8 5908.34 3150.94 2723.23
 128352 19621.7 4275.52 1555.01 1545.62
 162624 44184.9 6635.99 1444.23 1047.29
 135080 44175.5 11068.2 1653.21 620.523
 96806.5 37407.7 11339.5 2826.59 580.503
 100174 22401.1 7647.65 2298.92 690.424
 523285 27036.3 5565.72 1889.51 738.354
 120656 147464 7095.2 1453.6 686.141
 805207 37660.3 44050.3 2113.19 637.185
 460752 249400 11140.6 12990.4 810.948
 351813 132655 67252.8 2990.88 3704.32
 528236 103931 36957.1 18662.2 1857.46
 716600 164186 30881.2 10947.7 6077.51
 155979 213031 46107.9 8638.93 4761.77
 448707 50791 67143.8 14500.4 4213.87
 379027 148094 16284.2 21485 5987.65
 175731 125027 47447.7 5207.02 8783.66
 379609 59244 41178.6 15602.6 4600.26
 438781 125170 18971.6 13160.5 6456.04
 143923 147048 40915.8 6191.04 6400.91
 134318 48673.2 48624.7 13509.1 4157.13
 366898 44312.9 15597.2 15551 5649.36
 164544 119407 13957.1 4901.74 6661.85
pred_Ctot
 11102 3141.92 12175.9 673.557 0.0216659
 11218.4 8259.15 1844.18 7044.79 389.426
 11281.3 4306.23 2473.98 544.125 2191.7
 28579.3 6566.15 1956.14 1106.98 1223.12
 8216.17 3746.39 663.819 194.636 231.643
 26247.9 6930.31 2496.38 436.058 279.801
 22499.9 20130.2 4140.09 1468.78 420.839
 1897.85 1297.72 879.675 177.844 81.0968
 6287.26 3006.68 1629.9 1089.45 320.447
 10250.5 2952.13 1092.13 582.817 503.721
 5239.95 1007.7 222.598 81.0176 80.5314
 27563.1 9193.74 1397.5 304.34 220.701
 21603.1 8689.64 2203.84 329.39 123.639
 23568.3 11013.3 3375.57 841.913 172.911
 17295.7 4745.22 1639.55 493.168 148.116
 79091.1 5034.8 1049.27 356.449 139.293
 11714.3 17824 868.796 178.114 84.0777
 81585.7 4746.74 5624.33 269.996 81.4142
 64587.9 43167.2 1952.36 2278.03 142.215
 44596.5 20816.6 10687.2 475.602 589.073
 52508 12855.9 4631.03 2340.13 232.924
 88453.5 25104.4 4781.85 1696.36 941.745
 11437.6 19534.1 4284.39 803.303 442.796
 29429.9 4171.72 5589.05 1207.87 351.024
 24980.1 12221.9 1361.98 1798.24 501.17
 9351.83 8351.08 3212.36 352.784 595.13
 25105.2 4906.04 3455.88 1310.36 386.361
 24881.5 8903.06 1367.72 949.454 465.785
 7392.78 9483.66 2674.77 405.016 418.761
 8841.24 4011.94 4061.85 1129.28 347.523
 27017.2 4080.2 1455.32 1452.03 527.513
 5794.31 5294.97 627.472 220.529 299.727
F
 0.0840519 0.106511 0.10803 0.108111 0.108115
 0.152527 0.193282 0.196039 0.196186 0.196194
 0.148404 0.188058 0.19074 0.190884 0.190891
 0.227307 0.288044 0.292152 0.292372 0.292383
 0.0760857 0.0964157 0.097791 0.0978644 0.0978683
 0.156102 0.197812 0.200634 0.200785 0.200792
 0.333574 0.422704 0.428733 0.429056 0.429073
 0.0517215 0.0655415 0.0664764 0.0665263 0.0665289
 0.201 0.254707 0.25834 0.258535 0.258545
 0.260555 0.330176 0.334885 0.335137 0.33515
 0.06639 0.0841294 0.0853294 0.0853935 0.0853969
 0.303272 0.384306 0.389787 0.39008 0.390096
 0.283992 0.359874 0.365007 0.365281 0.365296
 0.463603 0.587477 0.595857 0.596305 0.596328
 0.309726 0.392485 0.398083 0.398382 0.398398
 0.266542 0.337762 0.34258 0.342838 0.342851
 0.164339 0.20825 0.211221 0.211379 0.211388
 0.172041 0.218011 0.22112 0.221287 0.221295
 0.245107 0.3106 0.31503 0.315267 0.315279
 0.219377 0.277995 0.28196 0.282172 0.282183
 0.168542 0.213577 0.216623 0.216786 0.216795
 0.213081 0.270017 0.273868 0.274074 0.274085
 0.122001 0.1546 0.156805 0.156923 0.156929
 0.108524 0.137521 0.139483 0.139588 0.139593
 0.109074 0.138219 0.140191 0.140296 0.140301
 0.08729 0.110614 0.112192 0.112276 0.11228
 0.10947 0.138721 0.140699 0.140805 0.140811
 0.0932408 0.118155 0.11984 0.11993 0.119935
 0.0841461 0.10663 0.108151 0.108232 0.108236
 0.108931 0.138038 0.140007 0.140112 0.140117
 0.122542 0.155285 0.1575 0.157618 0.157625
 0.0570454 0.0722879 0.073319 0.0733741 0.073377
YTP_r0W_actual
 49831 131315 17506.5 8225.72 11959.1
YTP_p0W_proyectada
 239427 157656 157393 23929.7 12691.8
 239427 202257 61218.4 56742.9 9519.58
CTP_r0_actual
 5794.31 5294.97 627.472 220.529 299.727
CTP_p0_proyectada
 31754.2 9034.72 6538.96 764.038 360.052
 31754.2 11590.7 2543.35 1811.72 270.059
Wmedp
 7.54 17.45 24.07 31.32 35.25
Frms_r0
 0.0570454 0.0722879 0.073319 0.0733741 0.073377
Zrms_r0
 1.05705 1.07229 1.07332 1.07337 1.07338
nmprior
 7.27 8.72 9 0
nm_flota  nm_reclas  nm_pelaces    nm_pelaL
inf 11.7916 19.1401 62.3335
cv_recla  cv_pelaces  cv_mph
0.353057 0.458148 0.913092
 ------------------------------------------------
Talla a la edad & desviaci?n 
 8 13.2811 15.8009 17.003 17.5766
 0.8 1.32811 1.58009 1.7003 1.75766
