years
 1991 1992 1993 1994 1995 1996 1997 1998 1999 2000 2001 2002 2003 2004 2005 2006 2007 2008 2009 2010 2011 2012 2013 2014 2015 2016 2017 2018 2019 2020 2021 2022
reclasobs
 0 0 0 0 0 0 0 0 0 252601 567819 844713 477998 351125 339783 2.1784e+06 2.13404e+06 4.81314e+06 1.55562e+06 2.62356e+06 3.21686e+06 3.843e+06 1.13348e+06 3.07943e+06 1.97215e+06 2.03268e+06 2.025e+06 2.42433e+06 2.27542e+06 1.05018e+06 2.36338e+06 3.18982e+06
reclaspred
 5.88256e+06 2.1316e+06 1.05043e+06 761547 344147 2.85193e+06 1.54097e+06 851125 538716 253932 451341 791326 739137 540744 436736 1.65952e+06 998287 4.00267e+06 2.92026e+06 2.05539e+06 3.11694e+06 2.98772e+06 1.84302e+06 3.12643e+06 2.35256e+06 1.81375e+06 2.25579e+06 3.06285e+06 2.4707e+06 1.20064e+06 1.86673e+06 1.74872e+06
pelacesobs
 0 0 0 0 0 0 0 0 0 0 0 0 0 0 0 552880 188675 0 991730 2.46772e+06 1.41603e+06 1.21717e+06 2.29649e+06 1.80582e+06 0 1.4828e+06 1.56532e+06 1.57751e+06 1.42118e+06 867257 1.10002e+06 1.06204e+06
pelacespred
 3.81143e+06 1.29738e+06 552025 295433 155422 1.76127e+06 765216 572002 277467 102272 266351 360860 372614 257389 212624 783166 443998 2.40661e+06 1.62061e+06 988344 1.63097e+06 1.54733e+06 997138 2.02432e+06 1.40972e+06 1.07821e+06 1.57021e+06 1.9554e+06 1.46611e+06 726297 962732 999115
mphobs
 0 0 0 0 0 0 0 0 0 0 0 498337 0 5186 125008 0 168611 109162 213762 579715 649985 157893 87575 83554 210694 70296 0 107559 103333 445601 22526 0
mphpred
 846759 394812 105931 84573 41723.1 24638.3 280171 96359 56780 25942.9 11079 46484.5 53265.5 37086.1 20008.8 23257.2 145059 63170.6 349305 170747 188492 206997 248140 132631 261019 202670 130702 170883 333742 168532 74286.8 203149
desembarqueobs
 494567 514787 250237 358949 120608 361735 552515 73892 212993 205616 52469 317467 293654 387597 252695 516296 358380 742168 942051 627588 828172 859565 418607 520667 417249 300574 415391 372974 316634 284311 391294 218835
desembarquepred
 494514 514603 249936 358779 120568 361601 552058 73881.8 212880 205492 52461.8 317280 293430 387107 252473 515901 358208 741617 940798 626690 827839 858816 418329 520455 416950 300392 415148 372749 316402 284019 390998 218802
Reclutas
 53164.7 41607.6 137112 58245.2 25008.5 277333 37833.5 11647.9 26650.5 36682.3 45442.1 104644 81055.5 67890.5 45590.5 258099 26090.7 444573 210283 211757 216613 401044 38951.9 172695 146944 47268 135293 175474 41030.1 38073.7 132265 24514.5
log_desv_Rt
 -0.388024 -0.633136 0.559379 -0.296757 -1.1422 1.2638 -0.728224 -1.9063 -1.07861 -0.759125 -0.54498 0.289145 0.0337155 -0.143522 -0.541719 1.19192 -1.09984 1.73569 0.987036 0.99402 1.01669 1.63265 -0.699092 0.79011 0.62863 -0.505585 0.54602 0.806071 -0.647113 -0.721895 0.523388 -1.16216
SSB
 1.48107e+06 690567 185284 147927 72977.9 43095 490047 168542 99314 45376.8 19378.3 81306 93166.7 64867.4 34997.5 40679.3 253722 110492 610969 298654 329692 362059 434022 231985 456549 354490 228610 298892 583748 294779 129935 355328
BT
 1.95821e+06 1.05312e+06 469654 402207 166314 1.27498e+06 792710 316946 337057 242976 183477 443290 451994 536085 361025 831481 467085 1.96798e+06 1.63402e+06 988850 1.5122e+06 1.5037e+06 777530 1.54484e+06 1.00577e+06 742102 1.23333e+06 1.3078e+06 861342 598718 807861 595702
Ftot
 0.325595 0.879998 0.884168 1.55396 1.21803 0.499214 1.20391 0.335627 1.38241 2.41888 0.456325 1.40375 1.38449 2.2473 1.92711 1.15182 1.21496 0.715085 1.13154 1.10292 0.971809 1.04931 0.815065 0.64146 0.660839 0.616878 0.701776 0.472588 0.476393 0.865009 0.796901 0.466392
BD_Bspro_t
 0.949436 0.637054 0.298723 0.267324 0.130986 0.104331 0.471579 0.211664 0.182905 0.113932 0.0696913 0.303289 0.219338 0.141511 0.0785579 0.0928581 0.274321 0.14167 0.393441 0.225134 0.206889 0.222116 0.267504 0.184121 0.336983 0.334568 0.294449 0.385251 0.522176 0.364879 0.239043 0.403674
BD_Bspro
 2.62553 1.22419 0.328458 0.262234 0.12937 0.0763956 0.86872 0.298778 0.176057 0.0804407 0.0343524 0.144133 0.165159 0.114992 0.0620409 0.0721132 0.44978 0.195872 1.08308 0.529432 0.584454 0.641832 0.769403 0.411245 0.809337 0.628413 0.405263 0.529854 1.03483 0.522562 0.230339 0.6299
BD_Bo
 2.67492 1.24722 0.334637 0.267167 0.131804 0.0778328 0.885063 0.304399 0.179369 0.0819541 0.0349987 0.146845 0.168266 0.117156 0.0632081 0.0734699 0.458242 0.199557 1.10346 0.539392 0.59545 0.653907 0.783878 0.418982 0.824563 0.640236 0.412888 0.539822 1.05429 0.532394 0.234673 0.64175
BD_Brms
 4.8635 2.26767 0.608431 0.485759 0.239643 0.141514 1.60921 0.553454 0.326125 0.149007 0.063634 0.266991 0.305939 0.21301 0.114924 0.133582 0.833167 0.36283 2.00629 0.980713 1.08264 1.18892 1.42523 0.761786 1.49921 1.16407 0.750705 0.981495 1.9169 0.967988 0.426678 1.16682
Sel_flota
 0.697161 0.977648 0.998798 0.999937 0.999997
 0.697161 0.977648 0.998798 0.999937 0.999997
 0.697161 0.977648 0.998798 0.999937 0.999997
 0.697161 0.977648 0.998798 0.999937 0.999997
 0.697161 0.977648 0.998798 0.999937 0.999997
 0.697161 0.977648 0.998798 0.999937 0.999997
 0.697161 0.977648 0.998798 0.999937 0.999997
 0.697161 0.977648 0.998798 0.999937 0.999997
 0.697161 0.977648 0.998798 0.999937 0.999997
 0.697161 0.977648 0.998798 0.999937 0.999997
 0.697161 0.977648 0.998798 0.999937 0.999997
 0.697161 0.977648 0.998798 0.999937 0.999997
 0.697161 0.977648 0.998798 0.999937 0.999997
 0.697161 0.977648 0.998798 0.999937 0.999997
 0.697161 0.977648 0.998798 0.999937 0.999997
 0.697161 0.977648 0.998798 0.999937 0.999997
 0.697161 0.977648 0.998798 0.999937 0.999997
 0.697161 0.977648 0.998798 0.999937 0.999997
 0.697161 0.977648 0.998798 0.999937 0.999997
 0.697161 0.977648 0.998798 0.999937 0.999997
 0.697161 0.977648 0.998798 0.999937 0.999997
 0.697161 0.977648 0.998798 0.999937 0.999997
 0.697161 0.977648 0.998798 0.999937 0.999997
 0.697161 0.977648 0.998798 0.999937 0.999997
 0.697161 0.977648 0.998798 0.999937 0.999997
 0.697161 0.977648 0.998798 0.999937 0.999997
 0.697161 0.977648 0.998798 0.999937 0.999997
 0.697161 0.977648 0.998798 0.999937 0.999997
 0.697161 0.977648 0.998798 0.999937 0.999997
 0.697161 0.977648 0.998798 0.999937 0.999997
 0.697161 0.977648 0.998798 0.999937 0.999997
 0.697161 0.977648 0.998798 0.999937 0.999997
Sel_reclas
 0.700336 0.92164 0.983386 0.996654 0.999333
 0.700336 0.92164 0.983386 0.996654 0.999333
 0.700336 0.92164 0.983386 0.996654 0.999333
 0.700336 0.92164 0.983386 0.996654 0.999333
 0.700336 0.92164 0.983386 0.996654 0.999333
 0.700336 0.92164 0.983386 0.996654 0.999333
 0.700336 0.92164 0.983386 0.996654 0.999333
 0.700336 0.92164 0.983386 0.996654 0.999333
 0.700336 0.92164 0.983386 0.996654 0.999333
 0.700336 0.92164 0.983386 0.996654 0.999333
 0.700336 0.92164 0.983386 0.996654 0.999333
 0.700336 0.92164 0.983386 0.996654 0.999333
 0.700336 0.92164 0.983386 0.996654 0.999333
 0.700336 0.92164 0.983386 0.996654 0.999333
 0.700336 0.92164 0.983386 0.996654 0.999333
 0.700336 0.92164 0.983386 0.996654 0.999333
 0.700336 0.92164 0.983386 0.996654 0.999333
 0.700336 0.92164 0.983386 0.996654 0.999333
 0.700336 0.92164 0.983386 0.996654 0.999333
 0.700336 0.92164 0.983386 0.996654 0.999333
 0.700336 0.92164 0.983386 0.996654 0.999333
 0.700336 0.92164 0.983386 0.996654 0.999333
 0.700336 0.92164 0.983386 0.996654 0.999333
 0.700336 0.92164 0.983386 0.996654 0.999333
 0.700336 0.92164 0.983386 0.996654 0.999333
 0.700336 0.92164 0.983386 0.996654 0.999333
 0.700336 0.92164 0.983386 0.996654 0.999333
 0.700336 0.92164 0.983386 0.996654 0.999333
 0.700336 0.92164 0.983386 0.996654 0.999333
 0.700336 0.92164 0.983386 0.996654 0.999333
 0.700336 0.92164 0.983386 0.996654 0.999333
 0.700336 0.92164 0.983386 0.996654 0.999333
Sel_pelaces
 0.704919 1 1 1 1
 0.704919 1 1 1 1
 0.704919 1 1 1 1
 0.704919 1 1 1 1
 0.704919 1 1 1 1
 0.704919 1 1 1 1
 0.704919 1 1 1 1
 0.704919 1 1 1 1
 0.704919 1 1 1 1
 0.704919 1 1 1 1
 0.704919 1 1 1 1
 0.704919 1 1 1 1
 0.704919 1 1 1 1
 0.704919 1 1 1 1
 0.704919 1 1 1 1
 0.704919 1 1 1 1
 0.704919 1 1 1 1
 0.704919 1 1 1 1
 0.704919 1 1 1 1
 0.704919 1 1 1 1
 0.704919 1 1 1 1
 0.704919 1 1 1 1
 0.704919 1 1 1 1
 0.704919 1 1 1 1
 0.704919 1 1 1 1
 0.704919 1 1 1 1
 0.704919 1 1 1 1
 0.704919 1 1 1 1
 0.704919 1 1 1 1
 0.704919 1 1 1 1
 0.704919 1 1 1 1
 0.704919 1 1 1 1
pf_obs 
 0.8446 0.082 0.0669 0.0065 0
 0.8095 0.147 0.0364 0.0071 0
 0.9664 0.0169 0.016 0.0007 0
 0.9276 0.0648 0.0075 0.0001 0
 0.7033 0.2144 0.0806 0.0017 0
 0.9318 0.0425 0.0243 0.0014 0
 0.5671 0.3108 0.0964 0.0239 0.0018
 0.0768 0.2599 0.5324 0.112 0.0189
 0.490249 0.384438 0.106611 0.0170017 0.00170017
 0.7925 0.1577 0.0466 0.003 0.0002
 0.840416 0.127587 0.0312969 0.00059994 9.999e-05
 0.8084 0.0986 0.0794 0.0134 0.0002
 0.7335 0.1905 0.0724 0.0035 0.0001
 0.4001 0.4547 0.1325 0.0127 0
 0.49795 0.308269 0.164784 0.0264974 0.00249975
 0.9179 0.0499 0.0305 0.0017 0
 0.2467 0.6533 0.0926 0.0074 0
 0.9418 0.0223 0.034 0.0019 0
 0.707729 0.231977 0.0356964 0.0245975 0
 0.517169 0.277429 0.184464 0.0207286 0.00020938
 0.811772 0.124168 0.05621 0.00726502 0.000585176
 0.764997 0.148141 0.077277 0.00933861 0.000247198
 0.163321 0.427699 0.378323 0.0303852 0.000271297
 0.753843 0.0900009 0.118128 0.0371064 0.000921714
 0.721811 0.176058 0.0630433 0.0369309 0.00215725
 0.143369 0.312575 0.442814 0.0836902 0.0175525
 0.692698 0.0596174 0.167031 0.0765114 0.00414204
 0.394062 0.376323 0.152708 0.0712218 0.00568511
 0.125707 0.32114 0.495352 0.0537591 0.00404204
 0.23352 0.215282 0.420074 0.123614 0.00750983
 0.796117 0.104755 0.0508955 0.0450114 0.00322123
 0.162477 0.292055 0.404252 0.121198 0.0200186
pf_pred 
 0.28594 0.199485 0.455701 0.0588734 9.82162e-07
 0.437146 0.210009 0.100355 0.223636 0.0288545
 0.87882 0.0680992 0.0202281 0.00935558 0.0234969
 0.618398 0.352147 0.0167987 0.00482829 0.00782731
 0.675004 0.244212 0.0747993 0.00341649 0.00256768
 0.976499 0.018411 0.00386044 0.00113861 9.09036e-05
 0.292755 0.696204 0.00870101 0.00177537 0.000564612
 0.373511 0.260487 0.360497 0.00433977 0.00116474
 0.749851 0.117599 0.0559227 0.0754764 0.00115091
 0.877447 0.103761 0.00903198 0.00412299 0.0056371
 0.927725 0.0680789 0.00358464 0.000294352 0.000317056
 0.869222 0.124324 0.00608833 0.000312123 5.31586e-05
 0.807566 0.177637 0.0140949 0.000662506 3.96604e-05
 0.818679 0.160197 0.01956 0.00148984 7.40563e-05
 0.869687 0.118341 0.010644 0.00122929 9.79926e-05
 0.977674 0.020788 0.00140295 0.000120057 1.49308e-05
 0.326631 0.664517 0.00826279 0.000537418 5.16059e-05
 0.974262 0.0117355 0.0138252 0.000165533 1.17763e-05
 0.623751 0.37012 0.00284077 0.0032467 4.15716e-05
 0.779443 0.162869 0.0567824 0.000420162 0.000485397
 0.801747 0.170059 0.0210148 0.00706676 0.000112476
 0.872113 0.111273 0.01432 0.00171024 0.000583199
 0.281223 0.66104 0.0504648 0.00626968 0.00100221
 0.862007 0.0531006 0.0782705 0.00578934 0.000832814
 0.715077 0.258579 0.0103202 0.0147759 0.00124817
 0.456461 0.43255 0.101006 0.00391464 0.00606864
 0.838322 0.0913278 0.0563124 0.0127769 0.00126085
 0.793687 0.183861 0.0128489 0.00768929 0.00191373
 0.361224 0.544369 0.0843798 0.00574171 0.00428507
 0.557343 0.203549 0.204574 0.0308702 0.00366291
 0.900013 0.0673667 0.0152648 0.0148524 0.00250278
 0.381221 0.578692 0.0272907 0.00599343 0.00680271
pobs_RECLAS
 0 0 0 0 0
 0 0 0 0 0
 0 0 0 0 0
 0 0 0 0 0
 0 0 0 0 0
 0 0 0 0 0
 0 0 0 0 0
 0 0 0 0 0
 0 0 0 0 0
 0 0 0 0 0
 0.991045 0.00858322 0.000360255 1.14367e-05 0
 0.934742 0.0480273 0.0164251 0.00080598 0
 0.827803 0.169806 0.00239088 0 0
 0.941827 0.0461693 0.0120037 0 0
 0.791401 0.0380133 0.147996 0.0225897 0
 0.846168 0.0940531 0.0597789 0 0
 0.134021 0.677848 0.182769 0.00536245 0
 0.80878 0.0450904 0.141981 0.00414843 0
 0.846168 0.0940531 0.0597789 0 0
 0.905697 0.0802665 0.012482 0.00150086 5.37128e-05
 0.989698 0.0102097 9.19794e-05 0 0
 0.975433 0.0193895 0.00387452 0.00125025 5.28907e-05
 0.303575 0.632131 0.0575291 0.00676475 0
 0.966965 0.00978017 0.0227588 0.000495775 0
 0.843318 0.132988 0.00938335 0.0141283 0.000182051
 0.564624 0.303363 0.111486 0.0197234 0.00080311
 0.826376 0.0876187 0.0782897 0.00655872 0.00115652
 0.89761 0.0855135 0.0140674 0.00269457 0.000114338
 0.34875 0.467042 0.161289 0.0227151 0.000203297
 0.318654 0.224769 0.449479 0.00709798 0
 0.937255 0.0296025 0.0250945 0.00804832 0
 0.456809 0.399803 0.12412 0.0192676 0
ppred_RECLAS
 0.294382 0.190921 0.455168 0.0595277 9.95686e-07
 0.453497 0.197609 0.0983525 0.221844 0.0286983
 0.886672 0.0623058 0.0192757 0.00902374 0.0227229
 0.650195 0.321714 0.0159278 0.00463285 0.0075301
 0.6981 0.224577 0.0715251 0.00330646 0.00249149
 0.978044 0.01703 0.00372469 0.00111205 8.90162e-05
 0.317313 0.671581 0.00872824 0.00180248 0.000574733
 0.384823 0.249402 0.360205 0.00438958 0.0011812
 0.768882 0.106058 0.0523962 0.0715689 0.00109418
 0.898029 0.0858255 0.00770728 0.00355932 0.00487905
 0.932608 0.0633127 0.00347778 0.000289083 0.000312198
 0.883085 0.110929 0.00564294 0.000292773 4.99934e-05
 0.826316 0.159844 0.0131762 0.000626785 3.762e-05
 0.845632 0.135848 0.0171342 0.00132039 6.58039e-05
 0.887402 0.10191 0.0094901 0.00110903 8.86362e-05
 0.979962 0.0186048 0.00130607 0.00011312 1.41049e-05
 0.352805 0.638346 0.00825365 0.000543319 5.2309e-05
 0.975875 0.010752 0.0132018 0.000160002 1.14126e-05
 0.649485 0.344541 0.002751 0.00318222 4.08526e-05
 0.796108 0.148978 0.0540403 0.000404722 0.000468784
 0.816617 0.156318 0.0201107 0.00684502 0.000109232
 0.883022 0.101222 0.013557 0.00163877 0.000560292
 0.299911 0.641612 0.0510307 0.00641736 0.0010285
 0.868907 0.0491283 0.0754971 0.00565256 0.000815271
 0.731479 0.242563 0.0100922 0.0146263 0.00123878
 0.475289 0.413852 0.100761 0.00395299 0.00614417
 0.847482 0.0845022 0.0543085 0.0124729 0.00123408
 0.805411 0.172495 0.012575 0.00761773 0.0019009
 0.378011 0.526589 0.0851465 0.00586499 0.00438857
 0.575408 0.190761 0.1997 0.030502 0.0036287
 0.906767 0.0618299 0.0145974 0.0143764 0.00242892
 0.399097 0.560241 0.0275617 0.00612725 0.00697284
pobs_PELACES
 0 0 0 0 0
 0 0 0 0 0
 0 0 0 0 0
 0 0 0 0 0
 0 0 0 0 0
 0 0 0 0 0
 0 0 0 0 0
 0 0 0 0 0
 0 0 0 0 0
 0 0 0 0 0
 0 0 0 0 0
 0 0 0 0 0
 0 0 0 0 0
 0 0 0 0 0
 0 0 0 0 0
 0 0 0 0 0
 0.505614 0.472636 0.0217494 0 0
 0 0 0 0 0
 0.443492 0.261883 0.143347 0.151278 0
 0.227955 0.32914 0.350689 0.0885471 0.00366901
 0.970185 0.0296113 0.000203453 0 0
 0.997202 0.00247181 0.000326279 0 0
 0.445219 0.490057 0.0546422 0.010081 0
 0.90214 0.0892962 0.00764917 0.000914606 0
 0 0 0 0 0
 0.581667 0.319106 0.0959925 0.00289975 0.000334073
 0.762889 0.0836404 0.116647 0.0363945 0.000428098
 0.88444 0.0763242 0.0277011 0.0115352 0
 0.521256 0.241999 0.230069 0.00667565 0
 0.616807 0.101726 0.260614 0.0208532 0
 0.833518 0.0704572 0.0857862 0.0102388 0
 0.697417 0.212968 0.0787535 0.0105354 0.000325836
ppred_PELACES
 0.295355 0.200358 0.446656 0.0576298 9.61351e-07
 0.467746 0.202522 0.0938906 0.208891 0.0269498
 0.890854 0.0621779 0.0179174 0.00827344 0.0207773
 0.667085 0.308139 0.0141435 0.00405674 0.00657583
 0.709814 0.219905 0.0650839 0.00296728 0.00222986
 0.977758 0.0175236 0.00357952 0.00105428 8.41651e-05
 0.325504 0.664318 0.00802402 0.00163425 0.000519683
 0.383762 0.259905 0.350981 0.00421971 0.00113244
 0.785621 0.102786 0.0471341 0.0634912 0.000968052
 0.91198 0.0751071 0.00621543 0.00282958 0.00386815
 0.93078 0.0652982 0.00335093 0.000274784 0.000295957
 0.888999 0.105711 0.00499072 0.000255352 4.34854e-05
 0.834602 0.153102 0.0117143 0.000549537 3.28943e-05
 0.863318 0.121425 0.0141301 0.00107349 5.33533e-05
 0.89799 0.0930054 0.00800859 0.000922769 7.35494e-05
 0.980669 0.0180403 0.00117742 0.000100576 1.25069e-05
 0.361612 0.630276 0.00757313 0.00049166 4.72074e-05
 0.976555 0.0108555 0.0124299 0.0001486 1.05708e-05
 0.656503 0.338086 0.00251007 0.00286365 3.66635e-05
 0.803488 0.146353 0.049373 0.000364694 0.000421278
 0.820423 0.154727 0.0185301 0.00622081 9.90028e-05
 0.886259 0.099378 0.0123832 0.00147638 0.000503407
 0.301217 0.644169 0.0477448 0.00592239 0.000946616
 0.872035 0.0500856 0.0718131 0.00530387 0.000762919
 0.730173 0.245522 0.00952987 0.013624 0.00115078
 0.47442 0.42059 0.0955596 0.00369816 0.00573259
 0.85025 0.0856405 0.0513321 0.0116293 0.00114751
 0.801753 0.177177 0.0120655 0.00721048 0.00179444
 0.373181 0.536219 0.0809898 0.00550342 0.00410694
 0.586239 0.193385 0.188593 0.0284128 0.00337104
 0.908798 0.0620499 0.0136534 0.0132637 0.00223489
 0.392607 0.568999 0.0261497 0.00573494 0.00650885
pobs_pel_tallas
 0 0 0 0 0 0 0 0 0 0 0 0 0 0 0 0 0 0 0 0 0 0 0 0 0 0
 0 0 0 0 0 0 0 0 0 0 0 0 0 0 0 0 0 0 0 0 0 0 0 0 0 0
 0 0 0 0 0 0 0 0 0 0 0 0 0 0 0 0 0 0 0 0 0 0 0 0 0 0
 0 0 0 0 0 0 0 0 0 0 0 0 0 0 0 0 0 0 0 0 0 0 0 0 0 0
 0 0 0 0 0 0 0 0 0 0 0 0 0 0 0 0 0 0 0 0 0 0 0 0 0 0
 0 0 0 0 0 0 0 0 0 0 0 0 0 0 0 0 0 0 0 0 0 0 0 0 0 0
 0 0 0 0 0 0 0 0 0 0 0 0 0 0 0 0 0 0 0 0 0 0 0 0 0 0
 0 0 0 0 0 0 0 0 0 0 0 0 0 0 0 0 0 0 0 0 0 0 0 0 0 0
 0 0 0 0 0 0 0 0 0 0 0 0 0 0 0 0 0 0 0 0 0 0 0 0 0 0
 0 0 0 0 0 0 0 0 0 0 0 0 0 0 0 0 0 0 0 0 0 0 0 0 0 0
 0 0 0 0 0 0 0 0 0 0 0 0 0 0 0 0 0 0 0 0 0 0 0 0 0 0
 0 0 0 0 0 0 0 0 0 0 0 0 0 0 0 0 0 0 0 0 0 0 0 0 0 0
 0.00862536 0 0 0.000197151 0.00414017 0.0128641 0.00837892 0.0270097 0.101434 0.158115 0.152841 0.127902 0.109271 0.109419 0.0830992 0.0579132 0.0238553 0.00714673 0.00463305 0.00128148 0.00103504 0.000492878 0.000147863 0.000147863 4.92878e-05 0
 0 0 0 0 0 0 0 0 0 0 0 0 0 0 0 0 0 0 0 0 0 0 0 0 0 0
 0 0 0 0 0 0 0 0.0054083 0.00873648 0.0413646 0.0450493 0.0745869 0.0622846 0.0627006 0.0613931 0.0827291 0.12552 0.122667 0.0946155 0.0697135 0.0546179 0.0294188 0.0215738 0.0213955 0.0102223 0.00600262
 0 0 0 0 0.00359764 0.0251062 0.0480494 0.140153 0.205849 0.193036 0.1447 0.116669 0.0760912 0.0342217 0.00950174 0.001854 0.000860785 0 0 0 0.000165536 0 0.000143464 0 0 0
 0 0 0 0 0 0 0 0.000145254 0.000435761 0.0275982 0.070085 0.0708112 0.156366 0.174668 0.174014 0.160142 0.0824315 0.0480064 0.0283245 0.00493863 0.00203355 0 0 0 0 0
 0 0 0 0 0 0 0 0 0 0 0 0 0 0 0 0 0 0 0 0 0 0 0 0 0 0
 0 0 1.00437e-05 0.000401748 0.00122533 0.00171747 0.00176769 0.0269171 0.070346 0.194647 0.189555 0.159765 0.064822 0.0314167 0.0384472 0.0292271 0.0345202 0.0313363 0.0194345 0.0106764 0.0143323 0.0359363 0.0279516 0.0138201 0.00172751 0
 0 0.0021121 0.0136068 0.0755702 0.200478 0.177729 0.0527432 0.0373336 0.0318909 0.0142505 0.0149659 0.0166563 0.0217959 0.0798694 0.0677717 0.0528807 0.04013 0.0224614 0.0357745 0.0225083 0.00881397 0.00855152 0.00135912 0.000746735 0 0
 0 0 0 0 5.4009e-05 0.00500934 0.000945158 0.0243581 0.138947 0.33067 0.221406 0.137944 0.0707744 0.0437923 0.0131692 0.00525238 0.0047753 0.00276346 9.45158e-05 9.00151e-06 2.25038e-05 9.00151e-06 4.50075e-06 0 0 0
 0.000866109 0.00284123 0.00948549 0.0512746 0.133035 0.25785 0.225252 0.132002 0.0553304 0.0519788 0.0540692 0.017754 0.00435017 0.00159236 0.00146478 0.000404838 0.000125132 0.000115318 0.000107957 0.000100596 0 0 0 0 0 0
 0 0 0 0 0.00144013 0.00171154 0.00461396 0.0210425 0.0478622 0.0707936 0.0888783 0.103762 0.0637923 0.0337046 0.0602308 0.124433 0.169614 0.0934646 0.0462172 0.0250306 0.0313229 0.00938855 0.002487 0.000210481 0 0
 0 0.00764035 0.051015 0.0998891 0.058973 0.0496711 0.0374665 0.0718981 0.12319 0.153886 0.159021 0.0857701 0.0377988 0.023471 0.0147837 0.00900784 0.00315554 0.000888139 0.00291439 0.00214683 0.00393193 0.00274676 0.000635225 9.99891e-05 0 0
 0 0 0 0 0 0 0 0 0 0 0 0 0 0 0 0 0 0 0 0 0 0 0 0 0 0
 0 0 0 0 0 0 0 0 0 0 0 0 0 0 0 0 0 0 0 0 0 0 0 0 0 0
 0 0 0 0 0 0 0 0 0 0 0 0 0 0 0 0 0 0 0 0 0 0 0 0 0 0
 0 0 0 0 0 0 0 0 0 0 0 0 0 0 0 0 0 0 0 0 0 0 0 0 0 0
 0 0 0 0 0 0 0 0 0 0 0 0 0 0 0 0 0 0 0 0 0 0 0 0 0 0
 0 0 0 0 0 0 0 0 0 0 0 0 0 0 0 0 0 0 0 0 0 0 0 0 0 0
 0 0 0 0 0 0 0 0 0 0 0 0 0 0 0 0 0 0 0 0 0 0 0 0 0 0
 0 0 0 0 0 0 0 0 0 0 0 0 0 0 0 0 0 0 0 0 0 0 0 0 0 0
ppred_pel_tallas
 1.18721e-16 2.43281e-05 0.000236478 0.00157148 0.00714372 0.0222269 0.0473574 0.0691237 0.0691437 0.0474553 0.0225575 0.00810731 0.0040222 0.00569221 0.0106956 0.0184516 0.0284596 0.0397103 0.051057 0.0617764 0.0716061 0.0801381 0.0862096 0.088061 0.0842942 0.0748781
 1.28271e-16 3.85277e-05 0.000374503 0.0024887 0.0113133 0.0352 0.074998 0.109466 0.109486 0.0750943 0.035524 0.0122517 0.004854 0.0055715 0.010011 0.0167698 0.0248466 0.0327911 0.0392445 0.0438291 0.0474345 0.0515068 0.056845 0.062847 0.0677314 0.0694836
 1.04879e-16 7.33785e-05 0.000713265 0.0047399 0.0215469 0.0670404 0.142837 0.208476 0.208482 0.142866 0.0671391 0.0218324 0.00545768 0.00228395 0.00306781 0.0049868 0.00725358 0.00929352 0.0105866 0.0109263 0.0105507 0.00997808 0.00966775 0.00976821 0.0101015 0.0103313
 1.02007e-16 5.4947e-05 0.000534104 0.00354931 0.0161347 0.0502011 0.10696 0.156117 0.156147 0.107105 0.0506874 0.0175386 0.00707121 0.00821495 0.0146203 0.0240262 0.034472 0.0430713 0.0469257 0.0447093 0.0374779 0.0279946 0.0191277 0.0125495 0.00847617 0.00623378
 1.0261e-16 5.84665e-05 0.000568315 0.00377665 0.0171681 0.0534165 0.11381 0.166114 0.166135 0.113914 0.0537653 0.0181762 0.00630954 0.00610554 0.0105977 0.017487 0.0253219 0.0321238 0.0358999 0.0357023 0.0321494 0.0269319 0.0217336 0.0174339 0.0140575 0.0112423
 1.00228e-16 8.05367e-05 0.000782845 0.00520228 0.0236488 0.0735802 0.156771 0.228812 0.228813 0.156779 0.073608 0.023729 0.00540362 0.00122267 0.000916728 0.00139038 0.00200047 0.00252678 0.00280492 0.00276053 0.00244776 0.00200929 0.00158785 0.00125866 0.00102237 0.000842072
 1.00654e-16 2.68114e-05 0.000260617 0.00173189 0.00787298 0.0244961 0.0521939 0.0761919 0.0762558 0.052506 0.0255436 0.0108969 0.00931537 0.0167925 0.0313566 0.0516197 0.0739428 0.0921118 0.0998145 0.0941448 0.0773863 0.0555832 0.0350865 0.0197139 0.0101326 0.00502304
 1.1081e-16 3.161e-05 0.00030726 0.00204185 0.00928199 0.0288799 0.0615325 0.0898139 0.0898394 0.0616575 0.0293009 0.0105043 0.00513307 0.00713142 0.0132137 0.0223706 0.0335555 0.0449544 0.0546152 0.0614361 0.0655011 0.067427 0.0673934 0.0648383 0.0590738 0.0501655
 1.07918e-16 6.47106e-05 0.00062901 0.00417999 0.0190016 0.0591212 0.125964 0.183851 0.183861 0.126013 0.0592853 0.0194765 0.00537561 0.00325186 0.00508455 0.00840743 0.0123574 0.0160919 0.0188171 0.0202225 0.0206593 0.0208379 0.0212763 0.0219456 0.0223457 0.0218794
 1.01138e-16 7.51186e-05 0.000730179 0.0048523 0.0220579 0.0686302 0.146224 0.21342 0.213427 0.146259 0.0687488 0.0224005 0.00571202 0.00260608 0.00363526 0.00588454 0.00845534 0.0106046 0.0116334 0.0112277 0.00964687 0.00755484 0.00562766 0.00423962 0.00340763 0.00293871
 1.00192e-16 7.66671e-05 0.000745232 0.00495233 0.0225126 0.070045 0.149238 0.217819 0.217826 0.149269 0.070148 0.0228101 0.00569867 0.0023729 0.00316318 0.00509558 0.0073036 0.00912231 0.00993117 0.00944528 0.00788386 0.00582862 0.00388657 0.00241662 0.00147517 0.000934046
 1.00205e-16 7.32257e-05 0.00071178 0.00473003 0.021502 0.0669008 0.14254 0.208043 0.208053 0.142589 0.0670676 0.0219836 0.00593809 0.00334625 0.00506848 0.00824203 0.0118156 0.0147519 0.0160478 0.0152407 0.0126851 0.00932422 0.00614403 0.00373052 0.00218038 0.00129059
 1.00438e-16 6.87451e-05 0.000668226 0.0044406 0.0201863 0.0628073 0.133818 0.195314 0.195329 0.13389 0.063049 0.0208843 0.00619185 0.00448835 0.00731538 0.0119625 0.0171726 0.0214813 0.0234449 0.0223942 0.0188325 0.0141029 0.00960362 0.00615605 0.00388731 0.00251026
 1.00556e-16 7.11104e-05 0.000691218 0.00459339 0.0208809 0.0649682 0.138422 0.202034 0.202045 0.138479 0.0651601 0.021435 0.00598409 0.00372609 0.00583177 0.00952016 0.0136869 0.0171672 0.0188232 0.018126 0.0154644 0.0118794 0.00844634 0.00578482 0.00397792 0.00280153
 1.0036e-16 7.39662e-05 0.000718978 0.00477786 0.0217195 0.0675774 0.143981 0.210147 0.210156 0.144025 0.0677243 0.0221436 0.00584208 0.00304069 0.00447897 0.00727603 0.0104468 0.0130787 0.014295 0.0136906 0.0115702 0.00874546 0.00605825 0.00399898 0.00263772 0.0017968
 1.00051e-16 8.07764e-05 0.000785176 0.00521777 0.0237192 0.0737993 0.157237 0.229493 0.229494 0.157246 0.0738278 0.0238014 0.00542405 0.00123511 0.000934156 0.0014135 0.00202124 0.00252645 0.0027544 0.00262611 0.00220141 0.00163962 0.00110671 0.000700469 0.000436061 0.000278954
 1.00437e-16 2.97856e-05 0.000289527 0.00192401 0.00874632 0.0272134 0.0579832 0.0846409 0.0847015 0.0582793 0.0282072 0.0116152 0.00911874 0.0159739 0.0297529 0.0489718 0.0701466 0.0873762 0.0946691 0.0892645 0.0733263 0.0525885 0.0330794 0.0184285 0.00927994 0.00439343
 1.00379e-16 8.04376e-05 0.000781882 0.00519588 0.0236197 0.0734897 0.156578 0.22853 0.228531 0.156583 0.0735072 0.0236705 0.00532419 0.00106462 0.000625072 0.000925937 0.00137201 0.0018202 0.0021808 0.00240724 0.00250813 0.00252037 0.00246626 0.00233562 0.00210604 0.00177683
 1.00453e-16 5.40754e-05 0.000525632 0.00349301 0.0158787 0.0494048 0.105263 0.153642 0.153674 0.105422 0.0499379 0.0174175 0.00735202 0.00893802 0.0159958 0.0262673 0.0376195 0.0468572 0.0507667 0.0478725 0.0393432 0.0282626 0.0178679 0.0101008 0.0052911 0.00275155
 1.01571e-16 6.61823e-05 0.000643315 0.00427506 0.0194338 0.0604658 0.128829 0.188033 0.188047 0.128899 0.0606982 0.0201053 0.00596271 0.00433404 0.00709456 0.011673 0.0169216 0.0215093 0.0241123 0.0240945 0.0218477 0.0184647 0.0150303 0.0121064 0.00971262 0.00763986
 1.01215e-16 6.75772e-05 0.000656874 0.00436516 0.0198434 0.0617402 0.131545 0.191996 0.192011 0.131618 0.0619848 0.0205497 0.00613791 0.00452601 0.00741342 0.0121428 0.0174711 0.0219399 0.0241106 0.0233196 0.0200691 0.0156835 0.0115171 0.00832951 0.00618844 0.00477316
 1.00617e-16 7.3e-05 0.000709586 0.00471545 0.0214358 0.0666946 0.1421 0.207402 0.207411 0.142147 0.0668517 0.0218894 0.00585401 0.0031945 0.00479056 0.00779953 0.011217 0.0140806 0.0154613 0.0149284 0.0128005 0.00992625 0.00717881 0.00505579 0.00361554 0.00266762
 1.02297e-16 2.4811e-05 0.000241171 0.00160267 0.00728555 0.0226684 0.0482997 0.0705078 0.0705698 0.0486027 0.0236855 0.0102223 0.0089708 0.0163138 0.0305139 0.0503122 0.0722516 0.0903861 0.0986622 0.0942752 0.0793536 0.0595585 0.0407733 0.026441 0.0170679 0.0114093
 1.02747e-16 7.18283e-05 0.000698197 0.00463977 0.0210917 0.0656241 0.139819 0.204071 0.204076 0.139843 0.0657055 0.0213279 0.0052374 0.00201889 0.00262702 0.0043515 0.00654538 0.00882058 0.0108124 0.0123192 0.0133563 0.0140227 0.0143139 0.0140709 0.0131128 0.0114215
 1.01899e-16 6.01435e-05 0.000584616 0.00388498 0.0176606 0.0549487 0.117075 0.170879 0.170903 0.11719 0.0553362 0.0187793 0.00669132 0.00670513 0.0116674 0.0191502 0.0274813 0.034354 0.0374678 0.0357788 0.0301392 0.0227525 0.0158893 0.0108474 0.00775192 0.00602213
 1.04207e-16 3.90774e-05 0.000379847 0.00252422 0.0114747 0.0357024 0.0760693 0.111034 0.111074 0.0762676 0.0363686 0.0133996 0.0073582 0.0109405 0.0201189 0.0332584 0.0480425 0.0606921 0.0673562 0.0662194 0.0585327 0.0476776 0.0370709 0.0285694 0.0223024 0.0175273
 1.02864e-16 7.0034e-05 0.000680756 0.00452386 0.0205648 0.0639848 0.136327 0.198975 0.198983 0.136367 0.0641216 0.0209606 0.00552052 0.00286674 0.00425178 0.0069971 0.0102573 0.0132851 0.0153596 0.0161364 0.0158129 0.0149182 0.0139097 0.0129193 0.0118075 0.0103997
 1.01421e-16 6.60393e-05 0.000641926 0.00426582 0.0193918 0.0603353 0.128551 0.187628 0.187645 0.128635 0.060615 0.0201996 0.00629263 0.00506341 0.00845435 0.0138492 0.0198906 0.0249028 0.0272287 0.0261119 0.0221533 0.0169185 0.0120185 0.008371 0.00606603 0.00470465
 1.03722e-16 3.07385e-05 0.000298789 0.00198556 0.00902611 0.0280838 0.0598375 0.0873454 0.0873971 0.0600901 0.0289319 0.0114755 0.00813386 0.0137208 0.0255218 0.0421438 0.0607032 0.0763211 0.0840252 0.0814924 0.0704068 0.0552795 0.040734 0.0293819 0.0215104 0.0161228
 1.08912e-16 4.82878e-05 0.000469374 0.00311916 0.0141792 0.044117 0.0939966 0.137195 0.137214 0.0940891 0.0444282 0.0150813 0.00539585 0.00548049 0.00968571 0.0162502 0.0241369 0.0318811 0.0379737 0.0416486 0.0431868 0.0434184 0.0428914 0.0414645 0.0386101 0.0340396
 1.02119e-16 7.48565e-05 0.000727632 0.00483537 0.0219809 0.0683908 0.145714 0.212675 0.212681 0.145743 0.0684891 0.0222652 0.00554963 0.00228905 0.00304688 0.00493659 0.00714805 0.00908594 0.0102033 0.0102622 0.00947244 0.00833861 0.00733516 0.00666422 0.0062412 0.00584962
 1.02577e-16 3.23386e-05 0.000314343 0.00208892 0.00949598 0.0295458 0.0629525 0.0918925 0.0919472 0.06322 0.0304437 0.0120884 0.00859189 0.0144961 0.0269243 0.0443505 0.0636287 0.079476 0.0865318 0.0823313 0.0688074 0.0510514 0.0343645 0.0218615 0.0139911 0.00957177
pSPR Fmed_Fpbrs
0.563181   0.6 0.325
Fs Fmed_Fpbrs
0.341307   0.299864 0.74215
SSBpbr Bo_Bmed_Bpbrs
553686  284141  304527 152264
Ro
78368.3
SPR SPRFo_SPRFmed_SPRFpbrs
564103 317692 183333
Fref
0.299864
Nvult_r0
 17999.4 21407.5 994.881 218.32 247.79
CTP_r0
 4416.5 6704.23 316.167 69.4347 78.8103
YTP_r0
218802
Np
 74982.7 22380.8 1787.74 1774.94 103.596
Nvult_p0
 52601.9 16239.5 1300.28 1291.14 75.359
CTP_p0
 9095.22 1071.69 1091.21 50.1155 13.5267
 9095.22 3681.51 299.683 297.837 17.3844
YTP_p0
 115591 149975
CBA_c0
187839
log_Ro
11.0892
likeval ReclasPelacesDesembMPH_pf_preclas_ppelaces_ptallas_desvR_qrecl_qpela
 13.838 16.2236 0.0860998 0.00114703 256.598 126.979 123.001 0 37.548 0.000104305 0.000158531 0.0164582 6.8401e-16 0 0
q_reclas_q_pelaces
4.23902 5.93354
M
1
N
 53164.7 27424.8 61488.4 7935.98 0.132386
 41607.6 15586.5 7338.47 16340.5 2108.23
 137112 8287.78 2425.59 1120.97 2815.24
 58245.2 27231.9 1284.51 368.973 598.138
 25008.5 7252.16 2192.76 100.087 75.2181
 277333 3935.56 810.985 238.973 19.0781
 37833.5 72037.4 888.694 181.206 57.626
 11647.9 6012.73 8167.72 98.2283 26.3618
 26650.5 3391.04 1593.22 2148.92 32.7669
 36682.3 3739.85 322.913 147.343 201.448
 45442.1 2499.13 129.28 10.6058 11.4233
 104644 12161.9 588.497 30.1506 5.13489
 81055.5 14467.8 1134.21 53.2774 3.1893
 67890.5 11358 1374.9 104.676 5.20305
 45590.5 5213.06 464.336 53.5994 4.27256
 258099 4376.24 291.454 24.9235 3.09947
 26090.7 42535.5 522.106 33.935 3.25851
 444573 4114.67 4770.92 57.0754 4.06026
 210283 99343.5 752.357 859.257 11.0017
 211757 35148.7 12089.5 89.3919 103.267
 216613 36108.4 4398.75 1478.07 23.5243
 401044 40471.8 5136.84 613.042 209.042
 38951.9 70989.8 5337.47 662.584 105.91
 172695 8118.09 11771.6 869.938 125.137
 146944 40622.7 1595.16 2281.88 192.75
 47268 34101.4 7832.33 303.288 470.148
 135293 11311 6863.72 1556.01 153.543
 175474 30514.1 2095.27 1252.72 311.765
 41030.1 46433.5 7072.14 480.783 358.794
 38073.7 10828.5 10721.8 1616.63 191.813
 132265 7663.53 1710.03 1662.47 280.132
 24514.5 27917.1 1293.54 283.814 322.121
pred_Ctot
 6951.92 4849.98 11079.2 1431.36 0.0238788
 12669.2 6086.38 2908.45 6481.31 836.247
 41902.1 3246.97 964.476 446.074 1120.33
 26516.7 15100 720.325 207.035 335.633
 9677.01 3501.08 1072.34 48.9795 36.8108
 53002.7 999.317 209.538 61.8016 4.93409
 14520.4 34531.2 431.564 88.0572 28.0044
 1565.64 1091.88 1511.09 18.191 4.88221
 11243.9 1763.38 838.554 1131.76 17.2577
 21458.4 2537.54 220.882 100.83 137.858
 8032.2 589.424 31.0356 2.54848 2.74505
 44601.3 6379.3 312.403 16.0156 2.72766
 34231.9 7529.84 597.469 28.0829 1.68116
 38258.3 7486.28 914.071 69.6227 3.46078
 23627.7 3215.11 289.176 33.3974 2.66227
 96005.6 2041.34 137.767 11.7893 1.46617
 10077.9 20503.2 254.942 16.5816 1.59226
 114851 1383.44 1629.78 19.5138 1.38824
 77232 45827.8 351.741 402.003 5.14735
 76351.1 15954 5562.18 41.1574 47.5476
 71139.4 15089.4 1864.65 627.037 9.98004
 139441 17791.3 2289.61 273.447 93.2468
 11172.3 26261.5 2004.84 249.079 39.8153
 40811.9 2514.06 3705.74 274.097 39.4297
 35590.7 12870 513.656 735.421 62.1237
 10813.4 10246.9 2392.79 92.7363 143.764
 34422 3749.97 2312.22 524.626 51.7712
 31978.9 7408.05 517.702 309.813 77.1073
 7529.81 11347.5 1758.92 119.687 89.3234
 11440 4178.03 4199.08 633.639 75.1845
 37267.7 2789.51 632.082 615.006 103.635
 4416.5 6704.23 316.167 69.4347 78.8103
F
 0.226992 0.318317 0.325203 0.325574 0.325593
 0.6135 0.860328 0.87894 0.879942 0.879995
 0.616408 0.864406 0.883106 0.884112 0.884165
 1.08336 1.51923 1.5521 1.55386 1.55396
 0.849163 1.1908 1.21657 1.21795 1.21803
 0.348032 0.488055 0.498614 0.499182 0.499212
 0.839316 1.177 1.20246 1.20383 1.2039
 0.233986 0.328125 0.335223 0.335606 0.335626
 0.963762 1.35151 1.38075 1.38232 1.3824
 1.68635 2.36482 2.41598 2.41873 2.41888
 0.318132 0.446125 0.455776 0.456296 0.456323
 0.978638 1.37237 1.40206 1.40366 1.40374
 0.965212 1.35354 1.38283 1.3844 1.38448
 1.56673 2.19707 2.2446 2.24716 2.24729
 1.34351 1.88404 1.9248 1.92699 1.92711
 0.803004 1.12607 1.15044 1.15175 1.15182
 0.847021 1.1878 1.2135 1.21488 1.21495
 0.49853 0.699102 0.714226 0.71504 0.715083
 0.788867 1.10625 1.13018 1.13147 1.13154
 0.768914 1.07827 1.1016 1.10285 1.10292
 0.677507 0.950088 0.970641 0.971747 0.971806
 0.731535 1.02585 1.04805 1.04924 1.0493
 0.568231 0.796847 0.814085 0.815013 0.815062
 0.447201 0.627123 0.640689 0.64142 0.641458
 0.460711 0.646068 0.660045 0.660797 0.660837
 0.430063 0.603089 0.616136 0.616839 0.616876
 0.489251 0.686091 0.700933 0.701732 0.701774
 0.32947 0.462025 0.47202 0.472558 0.472586
 0.332123 0.465745 0.475821 0.476363 0.476391
 0.603051 0.845675 0.863969 0.864954 0.865006
 0.555568 0.779089 0.795943 0.796851 0.796898
 0.32515 0.455968 0.465832 0.466363 0.466391
YTP_r0W_actual
 37981.9 166265 8821.05 2589.92 3144.53
YTP_p0W_proyectada
 68578 18700.9 26265.5 1569.62 476.815
 68578 64242.4 7213.36 9328.25 612.802
CTP_r0_actual
 4416.5 6704.23 316.167 69.4347 78.8103
CTP_p0_proyectada
 9095.22 1071.69 1091.21 50.1155 13.5267
 9095.22 3681.51 299.683 297.837 17.3844
Wmedp
 7.54 17.45 24.07 31.32 35.25
Frms_r0
 0.32515 0.455968 0.465832 0.466363 0.466391
Zrms_r0
 1.32515 1.45597 1.46583 1.46636 1.46639
nmprior
 7.27 8.72 9 0
nm_flota  nm_reclas  nm_pelaces    nm_pelaL
inf 21.319 9.75063 24.2463
cv_recla  cv_pelaces  cv_mph
0.329086 0.441229 0.921765
 ------------------------------------------------
Talla a la edad & desviaci?n 
 8 13.2811 15.8009 17.003 17.5766
 0.8 1.32811 1.58009 1.7003 1.75766
