years
 1991 1992 1993 1994 1995 1996 1997 1998 1999 2000 2001 2002 2003 2004 2005 2006 2007 2008 2009 2010 2011 2012 2013 2014 2015 2016 2017 2018 2019 2020 2021 2022
reclasobs
 0 0 0 0 0 0 0 0 0 252601 567819 844713 477998 351125 339783 2.1784e+06 2.13404e+06 4.81314e+06 1.55562e+06 2.62356e+06 3.21686e+06 3.843e+06 1.13348e+06 3.07943e+06 1.97215e+06 2.03268e+06 2.025e+06 2.42433e+06 2.27542e+06 1.05018e+06 2.36338e+06 3.18982e+06
reclaspred
 7.57159e+06 1.96602e+06 1.09243e+06 921957 154456 3.53777e+06 1.53681e+06 383986 1.07232e+06 245975 357131 889079 715805 580236 404876 2.01626e+06 869798 4.97631e+06 2.64283e+06 2.25684e+06 2.88192e+06 3.44402e+06 1.73792e+06 3.19197e+06 2.57297e+06 1.63685e+06 2.12029e+06 3.69922e+06 2.9003e+06 965495 1.91299e+06 1.44919e+06
pelacesobs
 0 0 0 0 0 0 0 0 0 0 0 0 0 0 0 552880 188675 0 991730 2.46772e+06 1.41603e+06 1.21717e+06 2.29649e+06 1.80582e+06 0 1.4828e+06 1.56532e+06 1.57751e+06 1.42118e+06 867257 1.10002e+06 1.06204e+06
pelacespred
 5.7903e+06 1.33947e+06 573825 371387 51021.4 2.36952e+06 764767 248490 650352 86063.3 212877 423501 356527 283203 188752 1.01389e+06 363306 3.25275e+06 1.40528e+06 1.07694e+06 1.50223e+06 1.83668e+06 912002 2.18851e+06 1.57116e+06 958857 1.53189e+06 2.46635e+06 1.8217e+06 588265 1.00344e+06 804406
mphobs
 0 0 0 0 0 0 0 0 0 0 0 498337 0 5186 125008 0 168611 109162 213762 579715 649985 157893 87575 83554 210694 70296 0 107559 103333 445601 22526 0
mphpred
 1.36301e+06 530769 81430.5 106971 45366.8 5437.69 373598 76194.7 22696.2 78178.9 6277.83 36132.8 62318.9 32875.6 19878.4 19665.9 181140 44909.5 460420 133549 219268 183825 312524 114929 284050 239765 109071 169382 451541 193217 53129.9 218746
desembarqueobs
 494567 514787 250237 358949 120608 361735 552515 73892 212993 205616 52469 317467 293654 387597 252695 516296 358380 742168 942051 627588 828172 859565 418607 520667 417249 300574 415391 372974 316634 284311 391294 218835
desembarquepred
 494495 514363 250034 358367 120477 361516 551759 73857.8 212808 205346 52445.2 317066 293193 386771 252288 515624 357922 741345 939922 626305 827315 858257 418045 520197 416670 300177 414890 372596 316189 283610 390777 218734
Reclutas
 6593.69 4195.56 170370 57784.9 4709.78 289103 5558.2 1663.28 56805.9 6187.14 33580.9 114431 69814.9 69679.8 41279.9 259165 9926.4 465323 128007 240053 171886 434800 13754.2 161101 151702 25802.8 121720 186009 26529.7 23421.7 126218 8282.88
log_desv_Rt
 -1.96448 -2.41657 1.28738 0.206134 -2.30095 1.81619 -2.13532 -3.3418 0.189047 -2.02812 -0.336636 0.889376 0.395254 0.393317 -0.130218 1.70687 -1.5554 2.29214 1.00149 1.63027 1.29624 2.22429 -1.22925 1.23144 1.17132 -0.600112 0.951133 1.3752 -0.572329 -0.696931 0.987419 -1.7364
SSB
 1.73095e+06 674046 103412 135847 57613.2 6905.56 474448 96762.9 28822.9 99282.7 7972.48 45886.6 79141.5 41750.2 25244.4 24974.6 230037 57032.5 584707 169599 278458 233447 396887 145953 360727 304488 138515 215105 573431 245375 67472 277794
BT
 2.14763e+06 953746 416987 385251 112757 1.28088e+06 712721 145357 448569 205039 128069 424457 395141 513641 320951 813248 389169 1.98335e+06 1.34247e+06 892875 1.24382e+06 1.41775e+06 618872 1.35474e+06 903042 562296 1.02901e+06 1.25968e+06 808369 475579 698787 412865
Ftot
 0.301891 1.08912 1.08643 1.60576 2.50747 0.530676 1.41533 0.840084 0.980125 2.62056 0.7426 1.61464 1.74892 2.63259 2.52548 1.24218 1.59571 0.755536 1.47535 1.29204 1.28831 1.17759 1.02466 0.804638 0.762928 0.820996 0.946978 0.508608 0.49833 1.24539 1.00143 0.674902
BD_Bspro_t
 0.952845 0.622254 0.213688 0.271678 0.104175 0.0186228 0.457348 0.137091 0.0679229 0.207425 0.0317884 0.227701 0.198701 0.0984904 0.0582814 0.0601217 0.251712 0.0804132 0.374906 0.146216 0.182288 0.159581 0.247745 0.12217 0.283335 0.296122 0.201331 0.311858 0.514386 0.31929 0.145466 0.346725
BD_Bspro
 5.11416 1.9915 0.305536 0.401366 0.170221 0.0204028 1.40178 0.28589 0.0851587 0.293335 0.0235551 0.135574 0.233827 0.123353 0.0745858 0.0737886 0.679655 0.168505 1.72754 0.501089 0.822717 0.68973 1.17262 0.431224 1.06578 0.899622 0.409247 0.635537 1.69423 0.724971 0.199349 0.820756
BD_Bo
 3.61943 1.40944 0.216236 0.284058 0.12047 0.0144396 0.992076 0.202332 0.0602691 0.207601 0.0166705 0.0959493 0.165486 0.0873 0.0527864 0.0522222 0.48101 0.119256 1.22263 0.354634 0.582259 0.488141 0.829896 0.305189 0.754284 0.636687 0.289635 0.449787 1.19905 0.513081 0.141085 0.580871
BD_Brms
 6.58078 2.56261 0.393156 0.516468 0.219036 0.0262538 1.80378 0.367877 0.10958 0.377457 0.0303101 0.174453 0.300883 0.158727 0.0959752 0.0949495 0.874564 0.216828 2.22296 0.64479 1.05865 0.887528 1.5089 0.554889 1.37143 1.15761 0.52661 0.817794 2.18009 0.932875 0.256517 1.05613
Sel_flota
 0.665231 1 1 1 1
 0.665231 1 1 1 1
 0.665231 1 1 1 1
 0.665231 1 1 1 1
 0.665231 1 1 1 1
 0.665231 1 1 1 1
 0.665231 1 1 1 1
 0.665231 1 1 1 1
 0.665231 1 1 1 1
 0.665231 1 1 1 1
 0.665231 1 1 1 1
 0.665231 1 1 1 1
 0.665231 1 1 1 1
 0.665231 1 1 1 1
 0.665231 1 1 1 1
 0.665231 1 1 1 1
 0.665231 1 1 1 1
 0.665231 1 1 1 1
 0.665231 1 1 1 1
 0.665231 1 1 1 1
 0.665231 1 1 1 1
 0.665231 1 1 1 1
 0.665231 1 1 1 1
 0.665231 1 1 1 1
 0.665231 1 1 1 1
 0.665231 1 1 1 1
 0.665231 1 1 1 1
 0.665231 1 1 1 1
 0.665231 1 1 1 1
 0.665231 1 1 1 1
 0.665231 1 1 1 1
 0.665231 1 1 1 1
Sel_reclas
 0.753414 1 1 1 1
 0.753414 1 1 1 1
 0.753414 1 1 1 1
 0.753414 1 1 1 1
 0.753414 1 1 1 1
 0.753414 1 1 1 1
 0.753414 1 1 1 1
 0.753414 1 1 1 1
 0.753414 1 1 1 1
 0.753414 1 1 1 1
 0.753414 1 1 1 1
 0.753414 1 1 1 1
 0.753414 1 1 1 1
 0.753414 1 1 1 1
 0.753414 1 1 1 1
 0.753414 1 1 1 1
 0.753414 1 1 1 1
 0.753414 1 1 1 1
 0.753414 1 1 1 1
 0.753414 1 1 1 1
 0.753414 1 1 1 1
 0.753414 1 1 1 1
 0.753414 1 1 1 1
 0.753414 1 1 1 1
 0.753414 1 1 1 1
 0.753414 1 1 1 1
 0.753414 1 1 1 1
 0.753414 1 1 1 1
 0.753414 1 1 1 1
 0.753414 1 1 1 1
 0.753414 1 1 1 1
 0.753414 1 1 1 1
Sel_pelaces
 0.713677 1 1 1 1
 0.713677 1 1 1 1
 0.713677 1 1 1 1
 0.713677 1 1 1 1
 0.713677 1 1 1 1
 0.713677 1 1 1 1
 0.713677 1 1 1 1
 0.713677 1 1 1 1
 0.713677 1 1 1 1
 0.713677 1 1 1 1
 0.713677 1 1 1 1
 0.713677 1 1 1 1
 0.713677 1 1 1 1
 0.713677 1 1 1 1
 0.713677 1 1 1 1
 0.713677 1 1 1 1
 0.713677 1 1 1 1
 0.713677 1 1 1 1
 0.713677 1 1 1 1
 0.713677 1 1 1 1
 0.713677 1 1 1 1
 0.713677 1 1 1 1
 0.713677 1 1 1 1
 0.713677 1 1 1 1
 0.713677 1 1 1 1
 0.713677 1 1 1 1
 0.713677 1 1 1 1
 0.713677 1 1 1 1
 0.713677 1 1 1 1
 0.713677 1 1 1 1
 0.713677 1 1 1 1
 0.713677 1 1 1 1
pf_obs 
 0.8446 0.082 0.0669 0.0065 0
 0.8095 0.147 0.0364 0.0071 0
 0.9664 0.0169 0.016 0.0007 0
 0.9276 0.0648 0.0075 0.0001 0
 0.7033 0.2144 0.0806 0.0017 0
 0.9318 0.0425 0.0243 0.0014 0
 0.5671 0.3108 0.0964 0.0239 0.0018
 0.0768 0.2599 0.5324 0.112 0.0189
 0.490249 0.384438 0.106611 0.0170017 0.00170017
 0.7925 0.1577 0.0466 0.003 0.0002
 0.840416 0.127587 0.0312969 0.00059994 9.999e-05
 0.8084 0.0986 0.0794 0.0134 0.0002
 0.7335 0.1905 0.0724 0.0035 0.0001
 0.4001 0.4547 0.1325 0.0127 0
 0.49795 0.308269 0.164784 0.0264974 0.00249975
 0.9179 0.0499 0.0305 0.0017 0
 0.2467 0.6533 0.0926 0.0074 0
 0.9418 0.0223 0.034 0.0019 0
 0.707729 0.231977 0.0356964 0.0245975 0
 0.517169 0.277429 0.184464 0.0207286 0.00020938
 0.811772 0.124168 0.05621 0.00726502 0.000585176
 0.764997 0.148141 0.077277 0.00933861 0.000247198
 0.163321 0.427699 0.378323 0.0303852 0.000271297
 0.753843 0.0900009 0.118128 0.0371064 0.000921714
 0.721811 0.176058 0.0630433 0.0369309 0.00215725
 0.143369 0.312575 0.442814 0.0836902 0.0175525
 0.692698 0.0596174 0.167031 0.0765114 0.00414204
 0.394062 0.376323 0.152708 0.0712218 0.00568511
 0.125707 0.32114 0.495352 0.0537591 0.00404204
 0.23352 0.215282 0.420074 0.123614 0.00750983
 0.796117 0.104755 0.0508955 0.0450114 0.00322123
 0.162477 0.292055 0.404252 0.121198 0.0200186
pf_pred 
 0.0420187 0.167188 0.691036 0.0997566 8.04172e-07
 0.0947245 0.0592775 0.147645 0.610257 0.0880962
 0.966228 0.0056136 0.00184384 0.00459251 0.0217224
 0.595869 0.396846 0.00121092 0.000397738 0.00567645
 0.291745 0.539326 0.165883 0.000506171 0.00253904
 0.997025 0.00158252 0.00106023 0.000326101 5.9864e-06
 0.0546388 0.943682 0.000893104 0.000598347 0.000187415
 0.140745 0.0915551 0.766336 0.000725263 0.000638094
 0.965046 0.0079498 0.00287736 0.0240842 4.28471e-05
 0.319947 0.66704 0.00295954 0.00107118 0.00898199
 0.972398 0.0158071 0.0115691 5.133e-05 0.000174361
 0.921989 0.0767712 0.000709968 0.000519618 1.01368e-05
 0.788796 0.203279 0.0077993 7.21267e-05 5.38186e-05
 0.867611 0.118292 0.0135676 0.000520554 8.40604e-06
 0.880919 0.113046 0.00539236 0.00061848 2.41127e-05
 0.985281 0.0140347 0.000649427 3.09781e-05 3.69157e-06
 0.157194 0.836486 0.00602699 0.000278886 1.48883e-05
 0.987223 0.00366893 0.0090398 6.51329e-05 3.17478e-06
 0.48978 0.506502 0.00106774 0.00263079 1.98791e-05
 0.874933 0.0835278 0.0412363 8.6929e-05 0.000215801
 0.767616 0.216892 0.0103464 0.00510786 3.74986e-05
 0.914702 0.0740818 0.0104689 0.000499399 0.000248355
 0.118863 0.840847 0.0349918 0.00494487 0.000353194
 0.903258 0.01954 0.0736716 0.00306584 0.000464194
 0.750926 0.234958 0.00285112 0.0107496 0.000515075
 0.322331 0.57051 0.101086 0.00122664 0.00484639
 0.883542 0.0535461 0.0529639 0.00938441 0.000563796
 0.837929 0.15125 0.00497547 0.00492137 0.00092438
 0.256912 0.665921 0.0720151 0.00236898 0.00278335
 0.483681 0.188662 0.293631 0.0317543 0.00227187
 0.942285 0.0374885 0.00739062 0.0115026 0.00133293
 0.195783 0.778658 0.0166016 0.00327291 0.00568418
pobs_RECLAS
 0 0 0 0 0
 0 0 0 0 0
 0 0 0 0 0
 0 0 0 0 0
 0 0 0 0 0
 0 0 0 0 0
 0 0 0 0 0
 0 0 0 0 0
 0 0 0 0 0
 0 0 0 0 0
 0.991045 0.00858322 0.000360255 1.14367e-05 0
 0.934742 0.0480273 0.0164251 0.00080598 0
 0.827803 0.169806 0.00239088 0 0
 0.941827 0.0461693 0.0120037 0 0
 0.791401 0.0380133 0.147996 0.0225897 0
 0.846168 0.0940531 0.0597789 0 0
 0.134021 0.677848 0.182769 0.00536245 0
 0.80878 0.0450904 0.141981 0.00414843 0
 0.846168 0.0940531 0.0597789 0 0
 0.905697 0.0802665 0.012482 0.00150086 5.37128e-05
 0.989698 0.0102097 9.19794e-05 0 0
 0.975433 0.0193895 0.00387452 0.00125025 5.28907e-05
 0.303575 0.632131 0.0575291 0.00676475 0
 0.966965 0.00978017 0.0227588 0.000495775 0
 0.843318 0.132988 0.00938335 0.0141283 0.000182051
 0.564624 0.303363 0.111486 0.0197234 0.00080311
 0.826376 0.0876187 0.0782897 0.00655872 0.00115652
 0.89761 0.0855135 0.0140674 0.00269457 0.000114338
 0.34875 0.467042 0.161289 0.0227151 0.000203297
 0.318654 0.224769 0.449479 0.00709798 0
 0.937255 0.0296025 0.0250945 0.00804832 0
 0.456809 0.399803 0.12412 0.0192676 0
ppred_RECLAS
 0.0477904 0.166181 0.686873 0.0991555 7.99327e-07
 0.111243 0.0581959 0.14495 0.599122 0.0864887
 0.971605 0.00471983 0.00155027 0.00386132 0.0182639
 0.647696 0.345953 0.00105563 0.000346731 0.00494848
 0.36013 0.487252 0.149867 0.000457298 0.00229388
 0.997426 0.0013693 0.000917383 0.000282164 5.17984e-06
 0.066205 0.932137 0.000882177 0.000591026 0.000185122
 0.161568 0.0893364 0.747766 0.000707688 0.000622631
 0.970394 0.00673343 0.00243711 0.0203992 3.62913e-05
 0.394371 0.594041 0.00263566 0.000953955 0.00799902
 0.976305 0.0135698 0.00993161 4.40649e-05 0.000149682
 0.936501 0.0624903 0.0005779 0.000422959 8.25115e-06
 0.825108 0.168329 0.00645838 5.9726e-05 4.45656e-05
 0.900825 0.0886146 0.0101637 0.000389956 6.29711e-06
 0.910138 0.0853075 0.00406922 0.000466722 1.81961e-05
 0.987803 0.0116299 0.00053815 2.56701e-05 3.05904e-06
 0.188543 0.805371 0.0058028 0.000268512 1.43345e-05
 0.989063 0.0031405 0.00773781 5.57519e-05 2.71752e-06
 0.542015 0.454648 0.00095843 0.00236146 1.78439e-05
 0.894701 0.0703258 0.0347187 7.31894e-05 0.000181693
 0.800431 0.186265 0.00888542 0.00438659 3.22035e-05
 0.928113 0.0624338 0.00882283 0.000420877 0.000209305
 0.138404 0.8222 0.0342158 0.0048352 0.000345361
 0.916391 0.0168875 0.0636709 0.00264966 0.000401182
 0.779263 0.208227 0.00252676 0.00952663 0.000456476
 0.358528 0.540037 0.0956863 0.00116112 0.00458752
 0.89987 0.0460387 0.0455381 0.00806867 0.00048475
 0.856549 0.133873 0.00440383 0.00435594 0.000818176
 0.285251 0.640524 0.0692686 0.00227863 0.0026772
 0.531323 0.171254 0.266537 0.0288242 0.00206223
 0.951006 0.0318237 0.00627385 0.00976451 0.00113152
 0.220955 0.754286 0.016082 0.00317047 0.00550626
pobs_PELACES
 0 0 0 0 0
 0 0 0 0 0
 0 0 0 0 0
 0 0 0 0 0
 0 0 0 0 0
 0 0 0 0 0
 0 0 0 0 0
 0 0 0 0 0
 0 0 0 0 0
 0 0 0 0 0
 0 0 0 0 0
 0 0 0 0 0
 0 0 0 0 0
 0 0 0 0 0
 0 0 0 0 0
 0 0 0 0 0
 0.505614 0.472636 0.0217494 0 0
 0 0 0 0 0
 0.443492 0.261883 0.143347 0.151278 0
 0.227955 0.32914 0.350689 0.0885471 0.00366901
 0.970185 0.0296113 0.000203453 0 0
 0.997202 0.00247181 0.000326279 0 0
 0.445219 0.490057 0.0546422 0.010081 0
 0.90214 0.0892962 0.00764917 0.000914606 0
 0 0 0 0 0
 0.581667 0.319106 0.0959925 0.00289975 0.000334073
 0.762889 0.0836404 0.116647 0.0363945 0.000428098
 0.88444 0.0763242 0.0277011 0.0115352 0
 0.521256 0.241999 0.230069 0.00667565 0
 0.616807 0.101726 0.260614 0.0208532 0
 0.833518 0.0704572 0.0857862 0.0102388 0
 0.697417 0.212968 0.0787535 0.0105354 0.000325836
ppred_PELACES
 0.0468512 0.166345 0.68755 0.0992533 8.00116e-07
 0.117951 0.0577566 0.143856 0.5946 0.0858359
 0.973366 0.00442711 0.00145413 0.00362184 0.0171312
 0.675273 0.318873 0.000972997 0.000319589 0.00456113
 0.412903 0.447066 0.137507 0.000419582 0.0021047
 0.997437 0.00136325 0.000913329 0.000280917 5.15695e-06
 0.0728083 0.925545 0.000875939 0.000586847 0.000183813
 0.166868 0.0887716 0.743038 0.000703214 0.000618694
 0.971909 0.00638884 0.00231239 0.0193552 3.4434e-05
 0.451736 0.537773 0.00238601 0.000863596 0.00724135
 0.976941 0.0132057 0.00966511 4.28824e-05 0.000145666
 0.943498 0.0556046 0.000514222 0.000376354 7.34196e-06
 0.844273 0.149884 0.00575066 5.31812e-05 3.96821e-05
 0.920054 0.0714337 0.00819313 0.00031435 5.07621e-06
 0.926908 0.0693875 0.00330983 0.000379623 1.48004e-05
 0.988764 0.0107136 0.000495748 2.36475e-05 2.81801e-06
 0.207937 0.786122 0.00566411 0.000262095 1.39919e-05
 0.989375 0.00305084 0.0075169 5.41602e-05 2.63994e-06
 0.568874 0.427984 0.000902221 0.00222297 1.67975e-05
 0.902756 0.0649457 0.0320626 6.75903e-05 0.000167793
 0.814139 0.173471 0.00827512 0.00408529 2.99916e-05
 0.933016 0.0581758 0.00822111 0.000392173 0.000195031
 0.145592 0.81534 0.0339303 0.00479486 0.00034248
 0.919012 0.0163581 0.061675 0.0025666 0.000388606
 0.784397 0.203384 0.00246799 0.00930507 0.00044586
 0.366969 0.532931 0.0944274 0.00114584 0.00452716
 0.904323 0.0439912 0.0435129 0.00770982 0.000463191
 0.856795 0.133643 0.00439628 0.00434848 0.000816774
 0.285428 0.640366 0.0692515 0.00227807 0.00267654
 0.552024 0.16369 0.254764 0.0275511 0.00197115
 0.95357 0.0301583 0.00594552 0.00925349 0.0010723
 0.224482 0.750871 0.0160092 0.00315611 0.00548134
pobs_pel_tallas
 0 0 0 0 0 0 0 0 0 0 0 0 0 0 0 0 0 0 0 0 0 0 0 0 0 0
 0 0 0 0 0 0 0 0 0 0 0 0 0 0 0 0 0 0 0 0 0 0 0 0 0 0
 0 0 0 0 0 0 0 0 0 0 0 0 0 0 0 0 0 0 0 0 0 0 0 0 0 0
 0 0 0 0 0 0 0 0 0 0 0 0 0 0 0 0 0 0 0 0 0 0 0 0 0 0
 0 0 0 0 0 0 0 0 0 0 0 0 0 0 0 0 0 0 0 0 0 0 0 0 0 0
 0 0 0 0 0 0 0 0 0 0 0 0 0 0 0 0 0 0 0 0 0 0 0 0 0 0
 0 0 0 0 0 0 0 0 0 0 0 0 0 0 0 0 0 0 0 0 0 0 0 0 0 0
 0 0 0 0 0 0 0 0 0 0 0 0 0 0 0 0 0 0 0 0 0 0 0 0 0 0
 0 0 0 0 0 0 0 0 0 0 0 0 0 0 0 0 0 0 0 0 0 0 0 0 0 0
 0 0 0 0 0 0 0 0 0 0 0 0 0 0 0 0 0 0 0 0 0 0 0 0 0 0
 0 0 0 0 0 0 0 0 0 0 0 0 0 0 0 0 0 0 0 0 0 0 0 0 0 0
 0 0 0 0 0 0 0 0 0 0 0 0 0 0 0 0 0 0 0 0 0 0 0 0 0 0
 0.00862536 0 0 0.000197151 0.00414017 0.0128641 0.00837892 0.0270097 0.101434 0.158115 0.152841 0.127902 0.109271 0.109419 0.0830992 0.0579132 0.0238553 0.00714673 0.00463305 0.00128148 0.00103504 0.000492878 0.000147863 0.000147863 4.92878e-05 0
 0 0 0 0 0 0 0 0 0 0 0 0 0 0 0 0 0 0 0 0 0 0 0 0 0 0
 0 0 0 0 0 0 0 0.0054083 0.00873648 0.0413646 0.0450493 0.0745869 0.0622846 0.0627006 0.0613931 0.0827291 0.12552 0.122667 0.0946155 0.0697135 0.0546179 0.0294188 0.0215738 0.0213955 0.0102223 0.00600262
 0 0 0 0 0.00359764 0.0251062 0.0480494 0.140153 0.205849 0.193036 0.1447 0.116669 0.0760912 0.0342217 0.00950174 0.001854 0.000860785 0 0 0 0.000165536 0 0.000143464 0 0 0
 0 0 0 0 0 0 0 0.000145254 0.000435761 0.0275982 0.070085 0.0708112 0.156366 0.174668 0.174014 0.160142 0.0824315 0.0480064 0.0283245 0.00493863 0.00203355 0 0 0 0 0
 0 0 0 0 0 0 0 0 0 0 0 0 0 0 0 0 0 0 0 0 0 0 0 0 0 0
 0 0 1.00437e-05 0.000401748 0.00122533 0.00171747 0.00176769 0.0269171 0.070346 0.194647 0.189555 0.159765 0.064822 0.0314167 0.0384472 0.0292271 0.0345202 0.0313363 0.0194345 0.0106764 0.0143323 0.0359363 0.0279516 0.0138201 0.00172751 0
 0 0.0021121 0.0136068 0.0755702 0.200478 0.177729 0.0527432 0.0373336 0.0318909 0.0142505 0.0149659 0.0166563 0.0217959 0.0798694 0.0677717 0.0528807 0.04013 0.0224614 0.0357745 0.0225083 0.00881397 0.00855152 0.00135912 0.000746735 0 0
 0 0 0 0 5.4009e-05 0.00500934 0.000945158 0.0243581 0.138947 0.33067 0.221406 0.137944 0.0707744 0.0437923 0.0131692 0.00525238 0.0047753 0.00276346 9.45158e-05 9.00151e-06 2.25038e-05 9.00151e-06 4.50075e-06 0 0 0
 0.000866109 0.00284123 0.00948549 0.0512746 0.133035 0.25785 0.225252 0.132002 0.0553304 0.0519788 0.0540692 0.017754 0.00435017 0.00159236 0.00146478 0.000404838 0.000125132 0.000115318 0.000107957 0.000100596 0 0 0 0 0 0
 0 0 0 0 0.00144013 0.00171154 0.00461396 0.0210425 0.0478622 0.0707936 0.0888783 0.103762 0.0637923 0.0337046 0.0602308 0.124433 0.169614 0.0934646 0.0462172 0.0250306 0.0313229 0.00938855 0.002487 0.000210481 0 0
 0 0.00764035 0.051015 0.0998891 0.058973 0.0496711 0.0374665 0.0718981 0.12319 0.153886 0.159021 0.0857701 0.0377988 0.023471 0.0147837 0.00900784 0.00315554 0.000888139 0.00291439 0.00214683 0.00393193 0.00274676 0.000635225 9.99891e-05 0 0
 0 0 0 0 0 0 0 0 0 0 0 0 0 0 0 0 0 0 0 0 0 0 0 0 0 0
 0 0 0 0 0 0 0 0 0 0 0 0 0 0 0 0 0 0 0 0 0 0 0 0 0 0
 0 0 0 0 0 0 0 0 0 0 0 0 0 0 0 0 0 0 0 0 0 0 0 0 0 0
 0 0 0 0 0 0 0 0 0 0 0 0 0 0 0 0 0 0 0 0 0 0 0 0 0 0
 0 0 0 0 0 0 0 0 0 0 0 0 0 0 0 0 0 0 0 0 0 0 0 0 0 0
 0 0 0 0 0 0 0 0 0 0 0 0 0 0 0 0 0 0 0 0 0 0 0 0 0 0
 0 0 0 0 0 0 0 0 0 0 0 0 0 0 0 0 0 0 0 0 0 0 0 0 0 0
 0 0 0 0 0 0 0 0 0 0 0 0 0 0 0 0 0 0 0 0 0 0 0 0 0 0
ppred_pel_tallas
 1.29838e-16 3.85911e-06 3.75119e-05 0.000249281 0.00113321 0.00352591 0.00751296 0.0109689 0.010986 0.00759696 0.00381105 0.0019703 0.00240157 0.00490502 0.00974357 0.0173948 0.0280709 0.0415868 0.0575521 0.0754983 0.0945474 0.112771 0.126981 0.133584 0.130195 0.116972
 1.78323e-16 9.71552e-06 9.44383e-05 0.000627576 0.00285287 0.00887638 0.0189123 0.0276043 0.0276103 0.0189418 0.00897702 0.00314988 0.00139786 0.00186137 0.00362824 0.00670903 0.0114736 0.0185096 0.0287287 0.0433412 0.0633975 0.0889011 0.117937 0.146458 0.169111 0.180889
 1.03306e-16 8.01748e-05 0.000779328 0.00517891 0.0235426 0.0732497 0.156066 0.227783 0.227784 0.156068 0.0732568 0.0235633 0.00523121 0.000894863 0.000303918 0.000387974 0.000583548 0.000810692 0.00106001 0.00135859 0.00176691 0.00234996 0.00313083 0.00405418 0.00498283 0.00573238
 1.00914e-16 5.56214e-05 0.00054066 0.00359288 0.0163327 0.0508173 0.108273 0.158034 0.158064 0.108423 0.0513201 0.0177839 0.00723211 0.00847364 0.015088 0.0247672 0.035466 0.0441664 0.047838 0.0450943 0.0370482 0.0266234 0.0168882 0.00968137 0.00530631 0.00308987
 1.04481e-16 3.40104e-05 0.000330593 0.00219691 0.00998685 0.031073 0.066206 0.0966386 0.0966818 0.0664171 0.0317823 0.0120367 0.00734745 0.011591 0.0214683 0.0355628 0.0515129 0.0653637 0.0730618 0.0726636 0.0653987 0.0546733 0.0438911 0.0348474 0.0276374 0.0215964
 1.00056e-16 8.21576e-05 0.000798601 0.00530698 0.0241248 0.0750612 0.159926 0.233416 0.233416 0.159926 0.0750633 0.0241311 0.00532289 0.000833522 0.000149049 0.000117856 0.000165248 0.000214849 0.00025058 0.000266889 0.000266811 0.000258264 0.000247652 0.000236024 0.000220268 0.000197184
 1.00352e-16 5.99731e-06 5.82961e-05 0.000387403 0.00176113 0.00548001 0.011679 0.0170645 0.0171535 0.0121138 0.00693915 0.00597286 0.010949 0.0230799 0.0436266 0.0718474 0.102872 0.128048 0.138562 0.130361 0.106646 0.0758885 0.0470096 0.0253992 0.0120305 0.00506382
 1.21641e-16 1.37447e-05 0.000133604 0.000887844 0.00403601 0.0125576 0.0267556 0.0390526 0.0390623 0.0268035 0.0127215 0.00452362 0.0021656 0.00310044 0.00616651 0.0115185 0.0197101 0.0312439 0.0463667 0.0647471 0.0849481 0.104046 0.117991 0.122952 0.117058 0.101438
 1.02016e-16 8.00549e-05 0.000778162 0.00517116 0.0235073 0.0731401 0.155833 0.227442 0.227443 0.155836 0.0731504 0.0235372 0.00524669 0.000944934 0.000402698 0.000555625 0.000834652 0.00114584 0.001463 0.00179907 0.00220255 0.00272167 0.00335336 0.00401455 0.00455979 0.0048374
 1.01519e-16 3.7209e-05 0.000361685 0.00240353 0.0109261 0.0339955 0.0724329 0.105729 0.10578 0.0726855 0.0348434 0.0133736 0.00854129 0.0137413 0.0253911 0.0417701 0.0598226 0.0745049 0.0807109 0.0761023 0.0625535 0.0449906 0.0285826 0.0164258 0.00903043 0.00526408
 1.00312e-16 8.04693e-05 0.00078219 0.00519793 0.023629 0.0735187 0.156639 0.22862 0.228621 0.156646 0.0735398 0.0236902 0.00535207 0.00112055 0.000728516 0.00109111 0.0015965 0.00207461 0.00240932 0.00254366 0.00250101 0.00235395 0.00216597 0.00195692 0.00171407 0.00142678
 1.00069e-16 7.77147e-05 0.000755414 0.00501999 0.0228202 0.071002 0.151278 0.220795 0.2208 0.151304 0.0710897 0.0230733 0.00565471 0.00213906 0.00269983 0.00432542 0.00618835 0.00770815 0.00835209 0.00787709 0.00647495 0.00465234 0.00294127 0.00166099 0.000866202 0.000444724
 1.00217e-16 6.95417e-05 0.00067597 0.00449206 0.0204202 0.063535 0.135369 0.197578 0.197592 0.135439 0.0637715 0.0211029 0.00620441 0.00440983 0.00714833 0.0116747 0.0167336 0.0208789 0.0226877 0.0215036 0.0178317 0.0130159 0.00846373 0.00501559 0.00281453 0.00157281
 1.00288e-16 7.57836e-05 0.000736644 0.00489526 0.0222531 0.0692378 0.147519 0.215309 0.215316 0.147552 0.0693507 0.0225791 0.00571332 0.00252182 0.00346416 0.0056016 0.00804884 0.0100928 0.0110612 0.0106422 0.00906402 0.00693975 0.00490353 0.00332242 0.00224818 0.00155131
 1.00154e-16 7.63482e-05 0.000742132 0.00493173 0.0224189 0.0697536 0.148618 0.216913 0.21692 0.14865 0.0698631 0.022735 0.00572471 0.00247145 0.00335541 0.00541257 0.00775712 0.00968596 0.0105393 0.0100138 0.00834256 0.00614431 0.00406557 0.00248962 0.00147834 0.000897073
 1.0002e-16 8.14432e-05 0.000791657 0.00526084 0.023915 0.0744085 0.158535 0.231387 0.231388 0.15854 0.0744254 0.0239638 0.00538327 0.00105864 0.00058767 0.000840442 0.00119758 0.00149479 0.00162589 0.00154377 0.00128437 0.000943326 0.000620638 0.000375769 0.000218573 0.000128486
 1.00394e-16 1.71277e-05 0.000166487 0.00110637 0.00502944 0.0156489 0.0333444 0.0486829 0.0487585 0.0337137 0.0168884 0.00860727 0.0100787 0.0197251 0.0370795 0.0610552 0.0874395 0.108881 0.117901 0.111056 0.0910529 0.0650618 0.0406278 0.0223022 0.0109011 0.00487397
 1.00224e-16 8.14935e-05 0.000792146 0.00526409 0.0239298 0.0744545 0.158633 0.23153 0.23153 0.158635 0.0744595 0.0239445 0.00530159 0.000875718 0.000245226 0.000289434 0.000439129 0.000614318 0.000792158 0.000959702 0.00110992 0.00123296 0.00130847 0.00131003 0.00122065 0.00104717
 1.00362e-16 4.68575e-05 0.000455471 0.00302677 0.0137593 0.0428104 0.0912137 0.133138 0.133179 0.0914147 0.0434852 0.0157069 0.00791096 0.011102 0.0202204 0.0332333 0.0475855 0.0592437 0.0641348 0.0603879 0.0494853 0.0353419 0.0220746 0.0121622 0.0060393 0.00284223
 1.00978e-16 7.43589e-05 0.000722795 0.00480322 0.0218348 0.0679361 0.144745 0.211261 0.211268 0.144776 0.0680395 0.0221339 0.00555575 0.00237093 0.00322009 0.00524618 0.00764321 0.00980284 0.0111496 0.0114014 0.0107083 0.00950389 0.00820293 0.00699596 0.00586579 0.00473849
 1.00699e-16 6.70595e-05 0.000651843 0.00433172 0.0196914 0.0612673 0.130537 0.190526 0.190543 0.130619 0.0615411 0.0204818 0.00631451 0.00497609 0.00826733 0.0135293 0.0194078 0.024248 0.0264138 0.025154 0.0210562 0.0156676 0.0105964 0.0067837 0.00436049 0.00296709
 1.00325e-16 7.68513e-05 0.000747022 0.00496422 0.0225666 0.0702132 0.149597 0.218342 0.218348 0.149624 0.0703052 0.0228323 0.00563103 0.00220253 0.00284066 0.00457319 0.00657681 0.0082619 0.0090829 0.00878652 0.00755584 0.00588263 0.00427279 0.00301487 0.00214466 0.00155677
 1.01727e-16 1.19924e-05 0.000116571 0.000774657 0.00352153 0.0109572 0.0233484 0.0340941 0.0341725 0.0237316 0.0122437 0.00723562 0.0100909 0.0204321 0.03853 0.0635083 0.0910838 0.113693 0.123631 0.117337 0.0975609 0.0716003 0.0470835 0.0285407 0.0167087 0.00999231
 1.02108e-16 7.56978e-05 0.000735809 0.00488971 0.0222279 0.0691593 0.147351 0.215064 0.215066 0.14736 0.0691871 0.0223094 0.0050986 0.00120643 0.00101222 0.00166468 0.00264852 0.00386552 0.00525129 0.00674475 0.00826269 0.00964555 0.0106375 0.010958 0.0104403 0.00913878
 1.01132e-16 6.46098e-05 0.00062803 0.00417348 0.018972 0.0590292 0.125769 0.183567 0.183587 0.125864 0.05935 0.0198981 0.00649604 0.00569192 0.00966357 0.0158261 0.0226818 0.0282951 0.0307471 0.029167 0.0242691 0.017905 0.0119964 0.00766266 0.00503984 0.00365645
 1.03743e-16 3.02268e-05 0.000293816 0.00195251 0.00887586 0.0276164 0.0588415 0.0858916 0.085943 0.0590926 0.0284596 0.0113116 0.0080677 0.0136466 0.0253987 0.0419638 0.060496 0.0761664 0.0840464 0.0818201 0.0711225 0.0563674 0.042069 0.0307641 0.0227309 0.0170317
 1.02119e-16 7.44879e-05 0.000724049 0.00481156 0.0218727 0.068054 0.144996 0.211627 0.211632 0.145017 0.0681248 0.022078 0.00532978 0.00186491 0.00226928 0.00370704 0.00550404 0.00727881 0.0086869 0.00955586 0.00994941 0.0100529 0.00998368 0.00970018 0.00907332 0.008032
 1.00736e-16 7.05731e-05 0.000685996 0.00455868 0.0207231 0.0644774 0.137376 0.200508 0.20052 0.137439 0.0646883 0.0213319 0.00608568 0.00401589 0.00638422 0.0104156 0.0149341 0.0186487 0.0202983 0.0193085 0.0161403 0.0119975 0.00812887 0.00526191 0.00348861 0.00251248
 1.02844e-16 2.35105e-05 0.00022853 0.00151867 0.00690368 0.0214802 0.0457682 0.0668129 0.0668746 0.0460695 0.022492 0.00982551 0.00885081 0.0162277 0.0303883 0.0501455 0.0721016 0.0903828 0.0989998 0.0951623 0.0809335 0.0618343 0.0435786 0.0294765 0.0199898 0.0139311
 1.10491e-16 4.54696e-05 0.00044198 0.00293712 0.0133517 0.0415422 0.0885107 0.129187 0.129203 0.0885897 0.0418087 0.014126 0.00489838 0.00478158 0.0084574 0.0143534 0.0217044 0.0294425 0.0364348 0.0420451 0.0462911 0.0493956 0.0511856 0.050969 0.048028 0.0422688
 1.01289e-16 7.85443e-05 0.000763479 0.00507359 0.0230638 0.07176 0.152892 0.223152 0.223154 0.152907 0.0718078 0.023202 0.00542075 0.00152247 0.00152344 0.00240374 0.00347872 0.00442778 0.00498674 0.00504563 0.00471266 0.00423671 0.00384574 0.00362662 0.00351896 0.00339575
 1.01899e-16 1.84904e-05 0.000179734 0.0011944 0.0054296 0.0168939 0.0359969 0.0525536 0.0526259 0.0363497 0.0180782 0.00884835 0.00976877 0.0188739 0.035452 0.0583966 0.0836904 0.104339 0.113229 0.10709 0.0885011 0.0642686 0.0415214 0.0245116 0.0139338 0.00825585
pSPR Fmed_Fpbrs
0.567008   0.6 0.325
Fs Fmed_Fpbrs
0.341307   0.303711 0.755691
SSBpbr Bo_Bmed_Bpbrs
478238  247253  263031 131515
Ro
47021
SPR SPRFo_SPRFmed_SPRFpbrs
338462 191910 110000
Fref
0.303711
Nvult_r0
 6337.96 19383.2 413.265 81.4727 141.497
CTP_r0
 1963.83 7810.46 166.525 32.8294 57.0161
YTP_r0
218734
Np
 51354 15436 528.091 1213.15 32.8883
Nvult_p0
 35917.9 11244.8 384.703 883.751 23.9584
CTP_p0
 6037.08 330.065 758.236 16.1662 3.78409
 6037.08 2619.58 89.62 205.878 5.58133
YTP_p0
 70169.7 100033
CBA_c0
174165
log_Ro
10.5783
likeval ReclasPelacesDesembMPH_pf_preclas_ppelaces_ptallas_desvR_qrecl_qpela
 16.7781 18.6488 0.287966 0.00127747 321.163 133.879 139.616 0 103.242 0.000127892 0.000215082 0.00311464 2.55661e-15 0 0
q_reclas_q_pelaces
4.9497 7.95689
M
1
N
 6593.69 18169.7 75100.6 10841.4 0.087396
 4195.56 1984.34 4942.46 20428.6 2949.06
 170370 747.898 245.654 611.858 2894.07
 57784.9 30424.5 92.8362 30.4929 435.189
 4709.78 7304.78 2246.77 6.85571 34.3894
 289103 326.801 218.945 67.3419 1.23623
 5558.2 74721.1 70.7163 47.3773 14.8396
 1663.28 797.521 6675.43 6.31765 5.55833
 56805.9 349.917 126.65 1060.08 1.88595
 6187.14 10887.7 48.3067 17.4842 146.607
 33580.9 398.197 291.436 1.29305 4.39233
 114431 7538 69.7102 51.0202 0.995309
 69814.9 14380.3 551.735 5.10236 3.80721
 69679.8 8023.78 920.293 35.3093 0.570184
 41279.9 4448.77 212.209 24.3394 0.948924
 259165 2830.2 130.961 6.24694 0.744431
 9926.4 41726.2 300.643 13.9116 0.742671
 465323 1263.24 3112.47 22.4258 1.0931
 128007 103557 218.307 537.881 4.06441
 240053 17648.2 8712.63 18.3668 45.5957
 171886 37388.2 1783.54 880.502 6.46408
 434800 26837.7 3792.57 180.918 89.9718
 13754.2 73077.4 3041.11 429.755 30.6958
 161101 2559.23 9649.05 401.545 60.7973
 151702 34700.7 421.08 1587.6 76.071
 25802.8 33595.5 5952.62 72.2328 285.389
 121720 5497.7 5437.92 963.517 57.8862
 186009 23849.6 784.547 776.016 145.759
 26529.7 48786.5 5275.95 173.556 203.913
 23421.7 7005.95 10903.9 1179.19 84.3653
 126218 3762.89 741.831 1154.57 133.793
 8282.88 23851.1 508.526 100.253 174.113
pred_Ctot
 770.873 3067.22 12677.7 1830.13 0.0147533
 1448.46 906.427 2257.67 9331.6 1347.1
 58710.8 341.099 112.037 279.054 1319.92
 26072.4 17364.1 52.9841 17.4031 248.374
 2740.21 5065.62 1558.06 4.7542 23.8479
 55935.3 88.7829 59.4813 18.295 0.33585
 2308.64 39873.2 37.7362 25.2818 7.91881
 470.843 306.284 2563.67 2.42626 2.13465
 18122.9 149.291 54.0348 452.283 0.804638
 3678.72 7669.55 34.0285 12.3163 103.274
 8611.25 139.983 102.452 0.454562 1.54409
 51812.7 4314.29 39.8978 29.2008 0.569654
 33229.6 8563.53 328.561 3.03848 2.26721
 41521.7 5661.16 649.31 24.9124 0.402292
 24103 3093.06 147.541 16.9223 0.659752
 98381.6 1401.39 64.8461 3.0932 0.368609
 4460.84 23737.8 171.034 7.91421 0.4225
 121007 449.712 1108.04 7.98354 0.389143
 54662.9 56529.1 119.167 293.614 2.21865
 93676 8943.03 4415.02 9.30719 23.1051
 66940.5 18914.2 902.268 445.435 3.2701
 158891 12868.6 1818.53 86.7497 43.1413
 4537.76 32100.4 1335.86 188.777 13.4836
 44069.3 953.34 3594.38 149.58 22.6477
 39761.7 12441.1 150.968 569.193 27.2734
 7172.42 12694.8 2249.34 27.2948 107.841
 37825.9 2292.4 2267.47 401.762 24.1371
 34690.8 6261.87 205.988 203.748 38.27
 4860.83 12599.4 1362.54 44.8217 52.6616
 8907.32 3474.35 5407.42 584.778 41.838
 40929 1628.34 321.018 499.626 57.8971
 1963.83 7810.46 166.525 32.8294 57.0161
F
 0.200828 0.301891 0.301891 0.301891 0.301891
 0.724516 1.08912 1.08912 1.08912 1.08912
 0.722727 1.08643 1.08643 1.08643 1.08643
 1.0682 1.60576 1.60576 1.60576 1.60576
 1.66804 2.50747 2.50747 2.50747 2.50747
 0.353022 0.530676 0.530676 0.530676 0.530676
 0.941521 1.41533 1.41533 1.41533 1.41533
 0.558851 0.840084 0.840084 0.840084 0.840084
 0.65201 0.980125 0.980125 0.980125 0.980125
 1.74328 2.62056 2.62056 2.62056 2.62056
 0.494001 0.7426 0.7426 0.7426 0.7426
 1.07411 1.61464 1.61464 1.61464 1.61464
 1.16344 1.74892 1.74892 1.74892 1.74892
 1.75128 2.63259 2.63259 2.63259 2.63259
 1.68003 2.52548 2.52548 2.52548 2.52548
 0.826337 1.24218 1.24218 1.24218 1.24218
 1.06152 1.59571 1.59571 1.59571 1.59571
 0.502606 0.755536 0.755536 0.755536 0.755536
 0.981451 1.47535 1.47535 1.47535 1.47535
 0.859503 1.29204 1.29204 1.29204 1.29204
 0.857025 1.28831 1.28831 1.28831 1.28831
 0.783367 1.17759 1.17759 1.17759 1.17759
 0.681636 1.02466 1.02466 1.02466 1.02466
 0.535271 0.804638 0.804638 0.804638 0.804638
 0.507524 0.762928 0.762928 0.762928 0.762928
 0.546152 0.820996 0.820996 0.820996 0.820996
 0.62996 0.946978 0.946978 0.946978 0.946978
 0.338342 0.508608 0.508608 0.508608 0.508608
 0.331505 0.49833 0.49833 0.49833 0.49833
 0.828475 1.24539 1.24539 1.24539 1.24539
 0.666181 1.00143 1.00143 1.00143 1.00143
 0.448966 0.674902 0.674902 0.674902 0.674902
YTP_r0W_actual
 16889 193699 4646.06 1224.54 2274.94
YTP_p0W_proyectada
 45519.6 5759.64 18250.7 506.326 133.389
 45519.6 45711.6 2157.15 6448.1 196.742
CTP_r0_actual
 1963.83 7810.46 166.525 32.8294 57.0161
CTP_p0_proyectada
 6037.08 330.065 758.236 16.1662 3.78409
 6037.08 2619.58 89.62 205.878 5.58133
Wmedp
 7.54 17.45 24.07 31.32 35.25
Frms_r0
 0.448966 0.674902 0.674902 0.674902 0.674902
Zrms_r0
 1.44897 1.6749 1.6749 1.6749 1.6749
nmprior
 7.27 8.72 9 0
nm_flota  nm_reclas  nm_pelaces    nm_pelaL
inf 19.5468 5.17038 9.97542
cv_recla  cv_pelaces  cv_mph
0.362363 0.47306 0.972767
 ------------------------------------------------
Talla a la edad & desviaci?n 
 8 13.2811 15.8009 17.003 17.5766
 0.8 1.32811 1.58009 1.7003 1.75766
