years
 1991 1992 1993 1994 1995 1996 1997 1998 1999 2000 2001 2002 2003 2004 2005 2006 2007 2008 2009 2010 2011 2012 2013 2014 2015 2016 2017 2018 2019 2020 2021 2022
reclasobs
 0 0 0 0 0 0 0 0 0 252601 567819 844713 477998 351125 339783 2.1784e+06 2.13404e+06 4.81314e+06 1.55562e+06 2.62356e+06 3.21686e+06 3.843e+06 1.13348e+06 3.07943e+06 1.97215e+06 2.03268e+06 2.025e+06 2.42433e+06 2.27542e+06 1.05018e+06 2.36338e+06 3.18982e+06
reclaspred
 9.26342e+06 2.37959e+06 1.11269e+06 979156 176670 3.50943e+06 1.73565e+06 469697 1.07185e+06 251770 356481 868962 718124 581490 405253 1.94438e+06 888096 4.64354e+06 2.7958e+06 2.23616e+06 2.93925e+06 3.36069e+06 1.76192e+06 3.23643e+06 2.59551e+06 1.65995e+06 2.0943e+06 3.47749e+06 2.93541e+06 1.02053e+06 1.83729e+06 1.49975e+06
pelacesobs
 0 0 0 0 0 0 0 0 0 0 0 0 0 0 0 552880 188675 0 991730 2.46772e+06 1.41603e+06 1.21717e+06 2.29649e+06 1.80582e+06 0 1.4828e+06 1.56532e+06 1.57751e+06 1.42118e+06 867257 1.10002e+06 1.06204e+06
pelacespred
 8.25261e+06 1.88493e+06 606376 394656 63214.9 2.18638e+06 927856 346164 621213 88516.2 201515 388655 342296 266224 177605 907682 379176 2.81373e+06 1.50303e+06 1.0496e+06 1.48162e+06 1.72502e+06 959990 2.13146e+06 1.62655e+06 1.01729e+06 1.45159e+06 2.25184e+06 1.95283e+06 653142 915646 872401
mphobs
 0 0 0 0 0 0 0 0 0 0 0 498337 0 5186 125008 0 168611 109162 213762 579715 649985 157893 87575 83554 0 0 0 0 0 0 0 0
mphpred
 1.95472e+06 748211 108335 151090 66133.1 7907.63 548157 111057 32659.8 110061 7957.04 52233.7 85552.9 45705.8 28541.8 28346.9 249461 57158.1 616392 195012 300325 259162 422888 143953 410474 318924 140189 234550 594241 245779 70670 297897
desembarqueobs
 494567 514787 250237 358949 120608 361735 552515 73892 212993 205616 52469 317467 293654 387597 252695 516296 358380 742168 942051 627588 828172 859565 418607 520667 417249 300574 415391 372974 316634 284311 391294 218835
desembarquepred
 494494 514359 250027 358371 120478 361515 551760 73857.6 212806 205343 52444.9 317063 293195 386773 252288 515624 357950 741314 939940 626246 827342 858251 418049 520204 416661 300163 414885 372596 316189 283604 390765 218745
Reclutas
 6495.74 4131.27 169946 59664.7 4671.03 288685 5480.68 1647.71 56239.6 6057.82 33725.8 111810 70250.7 69989.1 41257.3 253672 10391.2 442737 146704 231364 174177 421176 13552.7 163969 140157 26233.2 120806 172509 27791.8 26850.2 122236 8366.83
log_desv_Rt
 -1.97945 -2.43201 1.28489 0.238148 -2.30921 1.81474 -2.14936 -3.35121 0.179027 -2.04924 -0.33233 0.866209 0.401477 0.397745 -0.130765 1.68545 -1.50963 2.24238 1.13782 1.5934 1.30948 2.19246 -1.24401 1.24908 1.09217 -0.583566 0.94359 1.29985 -0.525853 -0.560322 0.955363 -1.72632
SSB
 1.68661e+06 645587 93475.6 130367 57062.4 6823.03 472972 95824.6 28180.2 94965.5 6865.66 45069.4 73818.6 39436.9 24627 24458.8 215245 49318.4 531849 168265 259133 223616 364885 124208 354174 275181 120961 202379 512735 212068 60977 257038
BT
 2.09569e+06 922513 403693 383960 112057 1.27895e+06 711085 144177 443827 201041 127146 416015 390116 512324 320172 796402 375277 1.88127e+06 1.33966e+06 870295 1.23071e+06 1.3736e+06 582215 1.3472e+06 865830 530837 1.0004e+06 1.17414e+06 741267 451791 671723 389386
Ftot
 0.310597 1.14918 1.14644 1.64341 2.5301 0.543703 1.42196 0.850988 1.0151 2.77675 0.76483 1.69837 1.83234 2.70934 2.59133 1.3083 1.72114 0.825709 1.52694 1.36387 1.34719 1.2529 1.13051 0.836414 0.813346 0.908278 1.00985 0.561986 0.558006 1.36252 1.0751 0.733261
BD_Bspro_t
 0.951519 0.611057 0.198024 0.26332 0.102712 0.0182523 0.455588 0.135807 0.0664833 0.199678 0.027599 0.224281 0.188436 0.093864 0.0569556 0.058911 0.23922 0.0705196 0.355351 0.144646 0.17121 0.153064 0.231801 0.106301 0.279116 0.276006 0.181794 0.299171 0.486699 0.289337 0.132765 0.327641
BD_Bspro
 4.98316 1.90742 0.276178 0.385175 0.168593 0.0201589 1.39742 0.283118 0.0832598 0.28058 0.0202849 0.133159 0.2181 0.116518 0.0727616 0.0722647 0.635951 0.145713 1.57137 0.497146 0.765619 0.660683 1.07807 0.366978 1.04642 0.813033 0.357385 0.597938 1.5149 0.626564 0.180159 0.759429
BD_Bo
 3.76235 1.44012 0.208518 0.290812 0.12729 0.0152203 1.05507 0.213758 0.0628622 0.211841 0.0153154 0.100537 0.164668 0.0879726 0.0549359 0.0545608 0.480151 0.110015 1.18641 0.375351 0.578052 0.498824 0.813956 0.277074 0.790063 0.613851 0.26983 0.451451 1.14377 0.473064 0.136023 0.573379
BD_Brms
 6.84064 2.61841 0.379123 0.528749 0.231437 0.0276732 1.91831 0.388651 0.114295 0.385166 0.0278461 0.182795 0.299397 0.15995 0.0998835 0.0992014 0.873002 0.200028 2.1571 0.682457 1.051 0.906954 1.47992 0.50377 1.43648 1.11609 0.4906 0.82082 2.07958 0.860116 0.247314 1.04251
Sel_flota
 0.650279 1 1 1 1
 0.650279 1 1 1 1
 0.650279 1 1 1 1
 0.650279 1 1 1 1
 0.650279 1 1 1 1
 0.650279 1 1 1 1
 0.650279 1 1 1 1
 0.650279 1 1 1 1
 0.650279 1 1 1 1
 0.650279 1 1 1 1
 0.650279 1 1 1 1
 0.650279 1 1 1 1
 0.650279 1 1 1 1
 0.650279 1 1 1 1
 0.650279 1 1 1 1
 0.650279 1 1 1 1
 0.650279 1 1 1 1
 0.650279 1 1 1 1
 0.650279 1 1 1 1
 0.650279 1 1 1 1
 0.650279 1 1 1 1
 0.650279 1 1 1 1
 0.650279 1 1 1 1
 0.650279 1 1 1 1
 0.650279 1 1 1 1
 0.650279 1 1 1 1
 0.650279 1 1 1 1
 0.650279 1 1 1 1
 0.650279 1 1 1 1
 0.650279 1 1 1 1
 0.650279 1 1 1 1
 0.650279 1 1 1 1
Sel_reclas
 0.571089 0.870145 0.971201 0.994142 0.998831
 0.571089 0.870145 0.971201 0.994142 0.998831
 0.571089 0.870145 0.971201 0.994142 0.998831
 0.571089 0.870145 0.971201 0.994142 0.998831
 0.571089 0.870145 0.971201 0.994142 0.998831
 0.571089 0.870145 0.971201 0.994142 0.998831
 0.571089 0.870145 0.971201 0.994142 0.998831
 0.571089 0.870145 0.971201 0.994142 0.998831
 0.571089 0.870145 0.971201 0.994142 0.998831
 0.571089 0.870145 0.971201 0.994142 0.998831
 0.571089 0.870145 0.971201 0.994142 0.998831
 0.571089 0.870145 0.971201 0.994142 0.998831
 0.571089 0.870145 0.971201 0.994142 0.998831
 0.571089 0.870145 0.971201 0.994142 0.998831
 0.571089 0.870145 0.971201 0.994142 0.998831
 0.571089 0.870145 0.971201 0.994142 0.998831
 0.571089 0.870145 0.971201 0.994142 0.998831
 0.571089 0.870145 0.971201 0.994142 0.998831
 0.571089 0.870145 0.971201 0.994142 0.998831
 0.571089 0.870145 0.971201 0.994142 0.998831
 0.571089 0.870145 0.971201 0.994142 0.998831
 0.571089 0.870145 0.971201 0.994142 0.998831
 0.571089 0.870145 0.971201 0.994142 0.998831
 0.571089 0.870145 0.971201 0.994142 0.998831
 0.571089 0.870145 0.971201 0.994142 0.998831
 0.571089 0.870145 0.971201 0.994142 0.998831
 0.571089 0.870145 0.971201 0.994142 0.998831
 0.571089 0.870145 0.971201 0.994142 0.998831
 0.571089 0.870145 0.971201 0.994142 0.998831
 0.571089 0.870145 0.971201 0.994142 0.998831
 0.571089 0.870145 0.971201 0.994142 0.998831
 0.571089 0.870145 0.971201 0.994142 0.998831
Sel_pelaces
 0.419941 0.784642 0.948283 0.989279 0.997851
 0.419941 0.784642 0.948283 0.989279 0.997851
 0.419941 0.784642 0.948283 0.989279 0.997851
 0.419941 0.784642 0.948283 0.989279 0.997851
 0.419941 0.784642 0.948283 0.989279 0.997851
 0.419941 0.784642 0.948283 0.989279 0.997851
 0.419941 0.784642 0.948283 0.989279 0.997851
 0.419941 0.784642 0.948283 0.989279 0.997851
 0.419941 0.784642 0.948283 0.989279 0.997851
 0.419941 0.784642 0.948283 0.989279 0.997851
 0.419941 0.784642 0.948283 0.989279 0.997851
 0.419941 0.784642 0.948283 0.989279 0.997851
 0.419941 0.784642 0.948283 0.989279 0.997851
 0.419941 0.784642 0.948283 0.989279 0.997851
 0.419941 0.784642 0.948283 0.989279 0.997851
 0.419941 0.784642 0.948283 0.989279 0.997851
 0.419941 0.784642 0.948283 0.989279 0.997851
 0.419941 0.784642 0.948283 0.989279 0.997851
 0.419941 0.784642 0.948283 0.989279 0.997851
 0.419941 0.784642 0.948283 0.989279 0.997851
 0.419941 0.784642 0.948283 0.989279 0.997851
 0.419941 0.784642 0.948283 0.989279 0.997851
 0.419941 0.784642 0.948283 0.989279 0.997851
 0.419941 0.784642 0.948283 0.989279 0.997851
 0.419941 0.784642 0.948283 0.989279 0.997851
 0.419941 0.784642 0.948283 0.989279 0.997851
 0.419941 0.784642 0.948283 0.989279 0.997851
 0.419941 0.784642 0.948283 0.989279 0.997851
 0.419941 0.784642 0.948283 0.989279 0.997851
 0.419941 0.784642 0.948283 0.989279 0.997851
 0.419941 0.784642 0.948283 0.989279 0.997851
 0.419941 0.784642 0.948283 0.989279 0.997851
pf_obs 
 0.8446 0.082 0.0669 0.0065 0
 0.8095 0.147 0.0364 0.0071 0
 0.9664 0.0169 0.016 0.0007 0
 0.9276 0.0648 0.0075 0.0001 0
 0.7033 0.2144 0.0806 0.0017 0
 0.9318 0.0425 0.0243 0.0014 0
 0.5671 0.3108 0.0964 0.0239 0.0018
 0.0768 0.2599 0.5324 0.112 0.0189
 0.490249 0.384438 0.106611 0.0170017 0.00170017
 0.7925 0.1577 0.0466 0.003 0.0002
 0.840416 0.127587 0.0312969 0.00059994 9.999e-05
 0.8084 0.0986 0.0794 0.0134 0.0002
 0.7335 0.1905 0.0724 0.0035 0.0001
 0.4001 0.4547 0.1325 0.0127 0
 0.49795 0.308269 0.164784 0.0264974 0.00249975
 0.9179 0.0499 0.0305 0.0017 0
 0.2467 0.6533 0.0926 0.0074 0
 0.9418 0.0223 0.034 0.0019 0
 0.707729 0.231977 0.0356964 0.0245975 0
 0.517169 0.277429 0.184464 0.0207286 0.00020938
 0.811772 0.124168 0.05621 0.00726502 0.000585176
 0.764997 0.148141 0.077277 0.00933861 0.000247198
 0.163321 0.427699 0.378323 0.0303852 0.000271297
 0.753843 0.0900009 0.118128 0.0371064 0.000921714
 0.721811 0.176058 0.0630433 0.0369309 0.00215725
 0.143369 0.312575 0.442814 0.0836902 0.0175525
 0.692698 0.0596174 0.167031 0.0765114 0.00414204
 0.394062 0.376323 0.152708 0.0712218 0.00568511
 0.125707 0.32114 0.495352 0.0537591 0.00404204
 0.23352 0.215282 0.420074 0.123614 0.00750983
 0.796117 0.104755 0.0508955 0.0450114 0.00322123
 0.162477 0.292055 0.404252 0.121198 0.0200186
pf_pred 
 0.0416551 0.166437 0.691138 0.100769 8.24704e-07
 0.0953161 0.0602572 0.146653 0.608983 0.0887916
 0.968455 0.00548835 0.00173555 0.00422393 0.0200975
 0.607329 0.386371 0.00109602 0.000346587 0.00485696
 0.286044 0.555863 0.155557 0.000441269 0.00209501
 0.996962 0.00163715 0.00109069 0.000305228 4.97657e-06
 0.05327 0.945064 0.000897522 0.000597941 0.000170061
 0.138485 0.0927382 0.767424 0.000728818 0.000623644
 0.964752 0.0081061 0.00292175 0.024178 4.26098e-05
 0.318813 0.668554 0.00290519 0.00104714 0.00868056
 0.975199 0.014754 0.00986108 4.28512e-05 0.000143482
 0.919823 0.0790721 0.000657248 0.000439284 8.30064e-06
 0.79753 0.195099 0.0072693 6.04225e-05 4.11476e-05
 0.871144 0.116497 0.0119099 0.000443758 6.20039e-06
 0.881225 0.113324 0.00492801 0.000503811 1.9034e-05
 0.984951 0.0143958 0.000623365 2.71077e-05 2.87604e-06
 0.169117 0.824829 0.00579119 0.00025077 1.2062e-05
 0.98799 0.00385382 0.00809678 5.68481e-05 2.58004e-06
 0.542304 0.454703 0.000960442 0.00201786 1.48106e-05
 0.864566 0.0979306 0.0372582 7.86982e-05 0.000166556
 0.778915 0.205817 0.0110398 0.00420013 2.76477e-05
 0.913059 0.0766004 0.00962618 0.000516335 0.000197735
 0.123493 0.837645 0.0342403 0.00430289 0.000319189
 0.915748 0.0184481 0.0628862 0.00257059 0.000347003
 0.733506 0.253878 0.00276243 0.00941663 0.000436883
 0.344673 0.547329 0.102886 0.00111949 0.0039932
 0.892361 0.0535698 0.0451582 0.00848874 0.000421831
 0.831615 0.158485 0.00492688 0.00415326 0.000819516
 0.283679 0.641512 0.0704105 0.00218887 0.00220926
 0.539755 0.187427 0.244326 0.0268165 0.00167507
 0.94071 0.0422313 0.00694672 0.00905561 0.001056
 0.205999 0.769295 0.0175981 0.00289475 0.00421357
pobs_RECLAS
 0 0 0 0 0
 0 0 0 0 0
 0 0 0 0 0
 0 0 0 0 0
 0 0 0 0 0
 0 0 0 0 0
 0 0 0 0 0
 0 0 0 0 0
 0 0 0 0 0
 0 0 0 0 0
 0.991045 0.00858322 0.000360255 1.14367e-05 0
 0.934742 0.0480273 0.0164251 0.00080598 0
 0.827803 0.169806 0.00239088 0 0
 0.941827 0.0461693 0.0120037 0 0
 0.791401 0.0380133 0.147996 0.0225897 0
 0.846168 0.0940531 0.0597789 0 0
 0.134021 0.677848 0.182769 0.00536245 0
 0.80878 0.0450904 0.141981 0.00414843 0
 0.846168 0.0940531 0.0597789 0 0
 0.905697 0.0802665 0.012482 0.00150086 5.37128e-05
 0.989698 0.0102097 9.19794e-05 0 0
 0.975433 0.0193895 0.00387452 0.00125025 5.28907e-05
 0.303575 0.632131 0.0575291 0.00676475 0
 0.966965 0.00978017 0.0227588 0.000495775 0
 0.843318 0.132988 0.00938335 0.0141283 0.000182051
 0.564624 0.303363 0.111486 0.0197234 0.00080311
 0.826376 0.0876187 0.0782897 0.00655872 0.00115652
 0.89761 0.0855135 0.0140674 0.00269457 0.000114338
 0.34875 0.467042 0.161289 0.0227151 0.000203297
 0.318654 0.224769 0.449479 0.00709798 0
 0.937255 0.0296025 0.0250945 0.00804832 0
 0.456809 0.399803 0.12412 0.0192676 0
ppred_RECLAS
 0.0388051 0.15193 0.704169 0.105095 8.64158e-07
 0.0910165 0.0536132 0.145637 0.619049 0.0906849
 0.967127 0.00510794 0.00180284 0.00449136 0.0214707
 0.63334 0.359957 0.00113967 0.000368905 0.00519411
 0.324497 0.512684 0.160136 0.000464989 0.00221803
 0.996891 0.00158638 0.00117961 0.00033791 5.53542e-06
 0.0581399 0.93999 0.000996379 0.000679481 0.000194163
 0.132728 0.0845878 0.781271 0.000759495 0.000652959
 0.963316 0.00761698 0.0030643 0.0259566 4.59601e-05
 0.37167 0.615079 0.00298323 0.00110067 0.00916732
 0.975147 0.0141171 0.0105312 4.68444e-05 0.000157593
 0.927984 0.0708993 0.000657757 0.000450009 8.54339e-06
 0.817224 0.175378 0.00729339 6.20547e-05 4.24584e-05
 0.893636 0.0950931 0.0108508 0.000413847 5.80973e-06
 0.901403 0.0935626 0.0045412 0.000475232 1.8039e-05
 0.986067 0.0132602 0.000640881 2.85277e-05 3.04097e-06
 0.186541 0.806842 0.0063228 0.000280257 1.35439e-05
 0.987651 0.00367231 0.00861148 6.18901e-05 2.82212e-06
 0.567297 0.429496 0.00101256 0.00217761 1.60584e-05
 0.871014 0.0903574 0.0383694 8.29597e-05 0.000176403
 0.79206 0.191944 0.0114913 0.00447521 2.95973e-05
 0.918071 0.0711849 0.00998455 0.000548208 0.000210932
 0.130586 0.826494 0.0377081 0.00485062 0.000361516
 0.912683 0.0175143 0.0666368 0.00278825 0.000378159
 0.741377 0.244793 0.00297292 0.0103735 0.000483548
 0.352424 0.530574 0.111319 0.00123987 0.00444343
 0.892514 0.05044 0.047458 0.00913177 0.000455925
 0.835058 0.154069 0.00534583 0.00461287 0.000914498
 0.287751 0.630111 0.0771911 0.00245635 0.00249092
 0.54464 0.173226 0.25204 0.0283166 0.00177711
 0.942242 0.0396339 0.00727662 0.00970972 0.00113762
 0.212329 0.760213 0.01941 0.00326821 0.00477962
pobs_PELACES
 0 0 0 0 0
 0 0 0 0 0
 0 0 0 0 0
 0 0 0 0 0
 0 0 0 0 0
 0 0 0 0 0
 0 0 0 0 0
 0 0 0 0 0
 0 0 0 0 0
 0 0 0 0 0
 0 0 0 0 0
 0 0 0 0 0
 0 0 0 0 0
 0 0 0 0 0
 0 0 0 0 0
 0 0 0 0 0
 0.505614 0.472636 0.0217494 0 0
 0 0 0 0 0
 0.443492 0.261883 0.143347 0.151278 0
 0.227955 0.32914 0.350689 0.0885471 0.00366901
 0.970185 0.0296113 0.000203453 0 0
 0.997202 0.00247181 0.000326279 0 0
 0.445219 0.490057 0.0546422 0.010081 0
 0.90214 0.0892962 0.00764917 0.000914606 0
 0 0 0 0 0
 0.581667 0.319106 0.0959925 0.00289975 0.000334073
 0.762889 0.0836404 0.116647 0.0363945 0.000428098
 0.88444 0.0763242 0.0277011 0.0115352 0
 0.521256 0.241999 0.230069 0.00667565 0
 0.616807 0.101726 0.260614 0.0208532 0
 0.833518 0.0704572 0.0857862 0.0102388 0
 0.697417 0.212968 0.0787535 0.0105354 0.000325836
ppred_PELACES
 0.0308498 0.142901 0.717163 0.109084 9.0049e-07
 0.078493 0.0496569 0.146059 0.632737 0.0930544
 0.961749 0.00545706 0.00208555 0.00529519 0.0254129
 0.629565 0.362977 0.0012444 0.00041052 0.00580275
 0.339608 0.491361 0.166184 0.000491795 0.00235512
 0.996268 0.00182592 0.00147015 0.000429205 7.05859e-06
 0.0559837 0.941968 0.00108115 0.000751416 0.000215563
 0.113555 0.0804437 0.804517 0.000797076 0.000687961
 0.957055 0.00825408 0.00359556 0.0310401 5.51773e-05
 0.398734 0.587324 0.00308449 0.00115983 0.00969802
 0.971211 0.0157852 0.0127507 5.78033e-05 0.000195225
 0.927353 0.0714196 0.000717447 0.00050025 9.53455e-06
 0.817837 0.174203 0.00784442 6.80217e-05 4.6724e-05
 0.902762 0.0861712 0.0106469 0.00041385 5.83261e-06
 0.909179 0.0858121 0.00450988 0.000480997 1.83296e-05
 0.985261 0.0139707 0.000731127 3.31684e-05 3.54954e-06
 0.185626 0.807201 0.00684938 0.000309414 1.50117e-05
 0.985463 0.00408495 0.0103723 7.59728e-05 3.47789e-06
 0.56029 0.436139 0.00111336 0.00244026 1.8066e-05
 0.862808 0.0937757 0.0431181 9.50131e-05 0.000202828
 0.782801 0.199132 0.0129088 0.00512354 3.40183e-05
 0.912617 0.075093 0.0114048 0.000638186 0.000246517
 0.122011 0.831143 0.0410601 0.00538299 0.00040277
 0.897941 0.0191864 0.0790432 0.00337072 0.000458955
 0.718637 0.264911 0.00348364 0.0123885 0.000579741
 0.326813 0.543314 0.123431 0.00140111 0.00504101
 0.879153 0.0542257 0.0552444 0.0108337 0.000543022
 0.81406 0.172617 0.00648532 0.00570334 0.00113513
 0.258152 0.649986 0.086219 0.00279619 0.00284669
 0.520223 0.17338 0.273151 0.0312763 0.00197058
 0.935989 0.0426467 0.00847807 0.0115296 0.00135615
 0.192564 0.776862 0.0214774 0.0036856 0.00541123
pobs_pel_tallas
 0 0 0 0 0 0 0 0 0 0 0 0 0 0 0 0 0 0 0 0 0 0 0 0 0 0
 0 0 0 0 0 0 0 0 0 0 0 0 0 0 0 0 0 0 0 0 0 0 0 0 0 0
 0 0 0 0 0 0 0 0 0 0 0 0 0 0 0 0 0 0 0 0 0 0 0 0 0 0
 0 0 0 0 0 0 0 0 0 0 0 0 0 0 0 0 0 0 0 0 0 0 0 0 0 0
 0 0 0 0 0 0 0 0 0 0 0 0 0 0 0 0 0 0 0 0 0 0 0 0 0 0
 0 0 0 0 0 0 0 0 0 0 0 0 0 0 0 0 0 0 0 0 0 0 0 0 0 0
 0 0 0 0 0 0 0 0 0 0 0 0 0 0 0 0 0 0 0 0 0 0 0 0 0 0
 0 0 0 0 0 0 0 0 0 0 0 0 0 0 0 0 0 0 0 0 0 0 0 0 0 0
 0 0 0 0 0 0 0 0 0 0 0 0 0 0 0 0 0 0 0 0 0 0 0 0 0 0
 0 0 0 0 0 0 0 0 0 0 0 0 0 0 0 0 0 0 0 0 0 0 0 0 0 0
 0 0 0 0 0 0 0 0 0 0 0 0 0 0 0 0 0 0 0 0 0 0 0 0 0 0
 0 0 0 0 0 0 0 0 0 0 0 0 0 0 0 0 0 0 0 0 0 0 0 0 0 0
 0.00862536 0 0 0.000197151 0.00414017 0.0128641 0.00837892 0.0270097 0.101434 0.158115 0.152841 0.127902 0.109271 0.109419 0.0830992 0.0579132 0.0238553 0.00714673 0.00463305 0.00128148 0.00103504 0.000492878 0.000147863 0.000147863 4.92878e-05 0
 0 0 0 0 0 0 0 0 0 0 0 0 0 0 0 0 0 0 0 0 0 0 0 0 0 0
 0 0 0 0 0 0 0 0.0054083 0.00873648 0.0413646 0.0450493 0.0745869 0.0622846 0.0627006 0.0613931 0.0827291 0.12552 0.122667 0.0946155 0.0697135 0.0546179 0.0294188 0.0215738 0.0213955 0.0102223 0.00600262
 0 0 0 0 0.00359764 0.0251062 0.0480494 0.140153 0.205849 0.193036 0.1447 0.116669 0.0760912 0.0342217 0.00950174 0.001854 0.000860785 0 0 0 0.000165536 0 0.000143464 0 0 0
 0 0 0 0 0 0 0 0.000145254 0.000435761 0.0275982 0.070085 0.0708112 0.156366 0.174668 0.174014 0.160142 0.0824315 0.0480064 0.0283245 0.00493863 0.00203355 0 0 0 0 0
 0 0 0 0 0 0 0 0 0 0 0 0 0 0 0 0 0 0 0 0 0 0 0 0 0 0
 0 0 1.00437e-05 0.000401748 0.00122533 0.00171747 0.00176769 0.0269171 0.070346 0.194647 0.189555 0.159765 0.064822 0.0314167 0.0384472 0.0292271 0.0345202 0.0313363 0.0194345 0.0106764 0.0143323 0.0359363 0.0279516 0.0138201 0.00172751 0
 0 0.0021121 0.0136068 0.0755702 0.200478 0.177729 0.0527432 0.0373336 0.0318909 0.0142505 0.0149659 0.0166563 0.0217959 0.0798694 0.0677717 0.0528807 0.04013 0.0224614 0.0357745 0.0225083 0.00881397 0.00855152 0.00135912 0.000746735 0 0
 0 0 0 0 5.4009e-05 0.00500934 0.000945158 0.0243581 0.138947 0.33067 0.221406 0.137944 0.0707744 0.0437923 0.0131692 0.00525238 0.0047753 0.00276346 9.45158e-05 9.00151e-06 2.25038e-05 9.00151e-06 4.50075e-06 0 0 0
 0.000866109 0.00284123 0.00948549 0.0512746 0.133035 0.25785 0.225252 0.132002 0.0553304 0.0519788 0.0540692 0.017754 0.00435017 0.00159236 0.00146478 0.000404838 0.000125132 0.000115318 0.000107957 0.000100596 0 0 0 0 0 0
 0 0 0 0 0.00144013 0.00171154 0.00461396 0.0210425 0.0478622 0.0707936 0.0888783 0.103762 0.0637923 0.0337046 0.0602308 0.124433 0.169614 0.0934646 0.0462172 0.0250306 0.0313229 0.00938855 0.002487 0.000210481 0 0
 0 0.00764035 0.051015 0.0998891 0.058973 0.0496711 0.0374665 0.0718981 0.12319 0.153886 0.159021 0.0857701 0.0377988 0.023471 0.0147837 0.00900784 0.00315554 0.000888139 0.00291439 0.00214683 0.00393193 0.00274676 0.000635225 9.99891e-05 0 0
 0 0 0 0 0 0 0 0 0 0 0 0 0 0 0 0 0 0 0 0 0 0 0 0 0 0
 0 0 0 0 0 0 0 0 0 0 0 0 0 0 0 0 0 0 0 0 0 0 0 0 0 0
 0 0 0 0 0 0 0 0 0 0 0 0 0 0 0 0 0 0 0 0 0 0 0 0 0 0
 0 0 0 0 0 0 0 0 0 0 0 0 0 0 0 0 0 0 0 0 0 0 0 0 0 0
 0 0 0 0 0 0 0 0 0 0 0 0 0 0 0 0 0 0 0 0 0 0 0 0 0 0
 0 0 0 0 0 0 0 0 0 0 0 0 0 0 0 0 0 0 0 0 0 0 0 0 0 0
 0 0 0 0 0 0 0 0 0 0 0 0 0 0 0 0 0 0 0 0 0 0 0 0 0 0
 0 0 0 0 0 0 0 0 0 0 0 0 0 0 0 0 0 0 0 0 0 0 0 0 0 0
ppred_pel_tallas
 1.31673e-16 2.54109e-06 2.47003e-05 0.000164143 0.00074618 0.00232172 0.00494722 0.00722372 0.0072386 0.00502048 0.00257093 0.00148021 0.00206039 0.00434215 0.00872374 0.0157795 0.0259054 0.0392027 0.0555663 0.0746534 0.0954514 0.115669 0.131671 0.1395 0.136595 0.12314
 1.8343e-16 6.46537e-06 6.28457e-05 0.000417632 0.0018985 0.00590696 0.0125856 0.0183701 0.0183754 0.0126115 0.00599523 0.00216008 0.00110021 0.00164263 0.00328303 0.00618135 0.0108101 0.0178973 0.028518 0.0440156 0.0654877 0.0928683 0.124052 0.1547 0.179108 0.191946
 1.04894e-16 7.9218e-05 0.000770027 0.0051171 0.0232616 0.0723755 0.154204 0.225065 0.225065 0.154206 0.0723843 0.0232872 0.00518199 0.000913706 0.000358552 0.00048596 0.000740811 0.0010464 0.0014015 0.00185113 0.00248119 0.00337828 0.00456662 0.0059585 0.00734999 0.00847021
 1.01152e-16 5.18565e-05 0.000504064 0.00334968 0.0152272 0.0473776 0.100944 0.147339 0.147373 0.101115 0.0479499 0.0168791 0.00749236 0.00953455 0.0171642 0.0281938 0.0403754 0.0502836 0.0544709 0.0513605 0.0422206 0.0303796 0.0193293 0.0111597 0.00621162 0.00371323
 1.0537e-16 2.79731e-05 0.000271909 0.00180693 0.00821408 0.0255573 0.0544543 0.0794876 0.0795351 0.0546865 0.0263373 0.0104687 0.00747315 0.0126634 0.0236259 0.0391795 0.0568164 0.0722245 0.0809717 0.0809232 0.073395 0.0620553 0.0505454 0.0407504 0.0327347 0.0257939
 1.00088e-16 8.20612e-05 0.000797665 0.00530076 0.0240965 0.0749731 0.159738 0.233143 0.233143 0.159739 0.0749761 0.024105 0.00532216 0.000844703 0.00017235 0.000157534 0.000224761 0.000294615 0.000347711 0.00037683 0.000385546 0.000383226 0.000376684 0.000365588 0.000344723 0.000309844
 1.00384e-16 4.6115e-06 4.48255e-05 0.000297885 0.0013542 0.0042139 0.00898152 0.0131278 0.0132183 0.00942398 0.00569894 0.00564069 0.011047 0.0234752 0.0443998 0.0731237 0.104701 0.130327 0.141033 0.132694 0.108569 0.0772773 0.0478976 0.0259133 0.0123127 0.00522284
 1.23434e-16 9.35337e-06 9.09181e-05 0.000604183 0.00274653 0.00854553 0.0182075 0.0265762 0.0265852 0.0182519 0.00869826 0.00320317 0.00180882 0.00291342 0.00593262 0.0112548 0.0195993 0.0316616 0.0478586 0.0679001 0.0901762 0.111378 0.126969 0.132709 0.126556 0.109763
 1.03229e-16 7.88314e-05 0.000766269 0.00509213 0.0231481 0.0720222 0.153451 0.223966 0.223967 0.153455 0.0720356 0.0231869 0.00519048 0.000984067 0.000502094 0.000732277 0.00111553 0.00155922 0.00204314 0.00259692 0.0032917 0.00418718 0.00525996 0.00636584 0.00726977 0.00773225
 1.01997e-16 3.28433e-05 0.000319248 0.00212152 0.00964416 0.0300069 0.0639349 0.0933267 0.0933832 0.0642108 0.0309329 0.0123173 0.00882512 0.0149325 0.0277252 0.0456241 0.0653477 0.0813972 0.0882004 0.0832081 0.0684711 0.0493704 0.0315475 0.0183742 0.0103936 0.00635234
 1.00411e-16 7.99974e-05 0.000777603 0.00516745 0.0234905 0.0730875 0.155721 0.227279 0.227281 0.155728 0.0731128 0.0235637 0.00535213 0.00118329 0.000857819 0.0013106 0.00192425 0.00251062 0.00293369 0.00312553 0.00311137 0.00297199 0.00277532 0.00253801 0.00224152 0.00187498
 1.00091e-16 7.63849e-05 0.000742488 0.00493409 0.0224297 0.0697871 0.148689 0.217017 0.217024 0.148723 0.0698997 0.0227548 0.00574936 0.00251974 0.00344444 0.00555441 0.0079492 0.00990214 0.0107305 0.0101221 0.00832337 0.00598464 0.00378886 0.00214567 0.00112504 0.000582861
 1.00286e-16 6.73642e-05 0.000654804 0.0043514 0.0197809 0.0615457 0.13113 0.191392 0.191409 0.131212 0.0618206 0.0205744 0.00634202 0.00499569 0.00829782 0.0135753 0.0194641 0.0242964 0.0264208 0.0250745 0.0208421 0.0152795 0.010015 0.00601856 0.00345331 0.00198683
 1.00372e-16 7.43593e-05 0.000722799 0.00480326 0.0218349 0.0679365 0.144746 0.211263 0.211271 0.144787 0.0680727 0.0222282 0.00579037 0.00287707 0.00416384 0.00676089 0.00971962 0.0121949 0.013378 0.0128927 0.0110129 0.00847418 0.00603637 0.00413763 0.00283811 0.00198272
 1.00204e-16 7.48879e-05 0.000727937 0.0048374 0.0219901 0.0684194 0.145775 0.212765 0.212773 0.145815 0.0685548 0.0223811 0.00581824 0.00286703 0.00413125 0.00669501 0.0095988 0.0119894 0.0130528 0.0124139 0.0103599 0.00765404 0.00509306 0.00314845 0.00189556 0.00116852
 1.00029e-16 8.11547e-05 0.000788852 0.0052422 0.0238303 0.0741449 0.157974 0.230567 0.230569 0.15798 0.0741669 0.0238939 0.00540188 0.00113709 0.00074151 0.00109472 0.00156272 0.00195141 0.002124 0.00201914 0.00168349 0.00124135 0.000822543 0.000504113 0.000298666 0.000179522
 1.00438e-16 1.52899e-05 0.000148623 0.000987658 0.0044898 0.0139698 0.0297671 0.0434622 0.0435398 0.0301463 0.0152426 0.00816368 0.010201 0.0202327 0.0380742 0.0626986 0.0897979 0.111827 0.121109 0.114108 0.0936007 0.0669447 0.0418804 0.0230748 0.011363 0.00515415
 1.00309e-16 8.11713e-05 0.000789014 0.00524328 0.0238352 0.0741601 0.158006 0.230614 0.230615 0.158008 0.0741668 0.0238549 0.00529359 0.000901228 0.00030122 0.000387496 0.000591969 0.000830422 0.00107442 0.00130673 0.00151725 0.00169121 0.00179936 0.00180447 0.00168297 0.00144454
 1.00392e-16 4.61504e-05 0.000448598 0.0029811 0.0135517 0.0421645 0.0898374 0.131129 0.131171 0.0900423 0.0428521 0.0155365 0.00795843 0.0112982 0.0206047 0.0338679 0.0484956 0.0603793 0.0653691 0.0615588 0.0504588 0.0360577 0.022549 0.0124568 0.00622192 0.00296343
 1.01313e-16 7.10684e-05 0.00069081 0.00459068 0.0208686 0.0649299 0.13834 0.201914 0.201923 0.138385 0.0650791 0.0213001 0.00567612 0.00306731 0.00460479 0.00755263 0.0109938 0.014073 0.015957 0.0162381 0.0151403 0.0133058 0.0113543 0.00957958 0.00796555 0.00640019
 1.00944e-16 6.44783e-05 0.000626752 0.00416499 0.0189335 0.0589091 0.125513 0.183194 0.183213 0.125606 0.0592235 0.0198412 0.00644234 0.00559429 0.00948718 0.0155519 0.022326 0.0279265 0.0304819 0.0291311 0.0245412 0.0184713 0.0127439 0.00841677 0.00562824 0.00396822
 1.00455e-16 7.51711e-05 0.00073069 0.00485569 0.0220733 0.0686782 0.146326 0.213569 0.213576 0.146362 0.0687969 0.0224163 0.0057167 0.0026103 0.00364488 0.00590656 0.00850036 0.010686 0.0117621 0.0114022 0.00984086 0.00770893 0.00565382 0.00404265 0.00291857 0.00214603
 1.02006e-16 1.005e-05 9.76901e-05 0.000649189 0.00295117 0.00918261 0.0195675 0.0285761 0.0286561 0.0199582 0.0104943 0.00673799 0.0101484 0.0208137 0.0392922 0.0647805 0.0929375 0.116068 0.126326 0.120086 0.100136 0.0738831 0.0490584 0.0302399 0.0181573 0.011192
 1.02702e-16 7.39622e-05 0.000718939 0.0047776 0.0217183 0.0675736 0.143973 0.210133 0.210135 0.143983 0.0676065 0.0218146 0.00502503 0.00127788 0.00119046 0.00199393 0.00319693 0.00470868 0.00646508 0.0083958 0.0103881 0.012221 0.0135494 0.0140032 0.0133661 0.0117114
 1.01509e-16 5.91933e-05 0.00057538 0.0038236 0.0173815 0.0540806 0.115225 0.16818 0.168206 0.11535 0.0544984 0.0185878 0.00684888 0.00717152 0.0125629 0.0206141 0.0295481 0.0368645 0.040066 0.0380195 0.0316549 0.0233827 0.0157034 0.0100721 0.00666313 0.00486092
 1.04695e-16 2.69193e-05 0.000261665 0.00173886 0.00790463 0.0245945 0.0524031 0.0764949 0.0765473 0.0526594 0.025455 0.0103909 0.00798291 0.0139024 0.025962 0.0429512 0.0620368 0.0783488 0.0869037 0.085344 0.0752741 0.0610581 0.0471182 0.0358791 0.0275485 0.0212131
 1.02787e-16 7.24147e-05 0.000703897 0.00467764 0.0212639 0.0661599 0.140961 0.205737 0.205743 0.140987 0.0662472 0.0215172 0.00531712 0.00211219 0.00278312 0.00458081 0.00681213 0.00902698 0.0108068 0.0119418 0.012509 0.0127288 0.0127318 0.0124502 0.0117106 0.0104189
 1.00996e-16 6.70531e-05 0.00065178 0.00433131 0.0196895 0.0612614 0.130525 0.190508 0.190524 0.130606 0.0615338 0.0204759 0.00630391 0.0049536 0.00822414 0.0134566 0.0193005 0.0241091 0.0262566 0.0250015 0.0209379 0.0156164 0.0106447 0.00695684 0.00466838 0.00339645
 1.03417e-16 2.12638e-05 0.000206692 0.00137354 0.00624396 0.0194276 0.0413949 0.0604302 0.0604928 0.0417009 0.0204551 0.00921149 0.00882156 0.0164627 0.0308848 0.050999 0.0733984 0.0921529 0.101208 0.0977332 0.0837871 0.0648936 0.0467459 0.0326078 0.0229015 0.0164453
 1.11397e-16 4.28501e-05 0.000416518 0.00276791 0.0125825 0.039149 0.0834117 0.121745 0.121763 0.0834955 0.0394314 0.0134031 0.00484664 0.00501696 0.00896311 0.0152274 0.0230428 0.0312909 0.0387806 0.0448426 0.0494909 0.0529449 0.0549942 0.0548751 0.0518035 0.0456718
 1.01642e-16 7.70962e-05 0.000749403 0.00498004 0.0226386 0.070437 0.150074 0.219038 0.219042 0.150094 0.0705046 0.0228339 0.00547085 0.00182229 0.00211919 0.00339378 0.00491203 0.00624564 0.00702003 0.00707614 0.00656389 0.00583444 0.0052137 0.00483313 0.00461994 0.00440753
 1.02104e-16 1.58614e-05 0.000154178 0.00102457 0.00465761 0.0144919 0.0308794 0.045085 0.0451597 0.0312445 0.0157174 0.00819526 0.00989751 0.0195005 0.0366891 0.0604488 0.0866535 0.108078 0.117372 0.11115 0.0920716 0.0671517 0.043733 0.0261846 0.0152106 0.00923369
pSPR Fmed_Fpbrs
0.569909   0.6 0.325
Fs Fmed_Fpbrs
0.341307   0.30673 0.765056
SSBpbr Bo_Bmed_Bpbrs
448286  233068  246557 123279
Ro
47021
SPR SPRFo_SPRFmed_SPRFpbrs
338462 192892 110000
Fref
0.30673
Nvult_r0
 6456.17 18400.9 420.93 69.2398 100.785
CTP_r0
 2084.51 7784.54 178.076 29.2921 42.6374
YTP_r0
218745
Np
 51449.1 15504.5 517.224 1069.13 31.0777
Nvult_p0
 35944.5 11307.4 377.21 779.716 22.6648
CTP_p0
 5977.27 327.084 676.102 15.4662 2.99363
 5977.27 2654.2 88.5428 183.023 5.32014
YTP_p0
 67639.9 99435.4
CBA_c0
205325
log_Ro
10.5783
likeval ReclasPelacesDesembMPH_pf_preclas_ppelaces_ptallas_desvR_qrecl_qpela
 16.6126 17.0922 0.290659 0.000925136 322.404 133.325 138.906 0 102.296 0.000174504 0.000317911 0.00291506 7.05101e-16 0 0
q_reclas_q_pelaces
6.47647 12.4479
M
1
N
 6495.74 17623.2 73181.1 10669.9 0.0873237
 4131.27 1952.62 4752.24 19733.9 2877.27
 169946 719.858 227.636 554.016 2636.01
 59664.7 29665.1 84.1509 26.6105 372.912
 4671.03 7538.81 2109.72 5.98464 28.4132
 288685 331.579 220.902 61.8191 1.00793
 5480.68 74572.9 70.8215 47.1822 13.4191
 1647.71 799.763 6618.17 6.28524 5.37822
 56239.6 348.543 125.628 1039.59 1.83212
 6057.82 10692.3 46.4633 16.7471 138.83
 33725.8 366.296 244.821 1.06387 3.56223
 111810 7545.2 62.7157 41.9172 0.792062
 70250.7 13631.6 507.906 4.22172 2.87498
 69989.1 7850.2 802.558 29.903 0.417818
 41257.3 4421.65 192.28 19.6576 0.742668
 253672 2814.39 121.869 5.29959 0.562268
 10391.2 39856.3 279.834 12.1174 0.582844
 442737 1248.24 2622.53 18.413 0.835669
 146704 95205.3 201.096 422.498 3.10102
 231364 19994.9 7607.17 16.0682 34.0066
 174177 35061.3 1880.64 715.499 4.70982
 421176 26682.9 3353.18 179.86 68.879
 13552.7 68601.7 2804.22 352.4 26.141
 163969 2390.36 8148.32 333.078 44.962
 140157 35014.8 380.995 1298.74 60.255
 26233.2 30382.2 5711.18 62.1431 221.663
 120806 5346.24 4506.77 847.172 42.0985
 172509 23046.2 716.444 603.947 119.17
 27791.8 44035.7 4833.23 150.252 151.652
 26850.2 7112.7 9271.97 1017.66 63.5675
 122236 4072.5 669.895 873.261 101.834
 8366.83 22350.3 511.276 84.101 122.417
pred_Ctot
 763.406 3050.26 12666.4 1846.78 0.0151142
 1459.01 922.359 2244.82 9321.72 1359.14
 59913.9 339.539 107.37 261.316 1243.34
 26928.2 17131.2 48.5961 15.3672 215.352
 2698.99 5244.9 1467.78 4.16364 19.7677
 55927.5 91.8405 61.1853 17.1226 0.279175
 2248.85 39897 37.8899 25.2428 7.17933
 462.818 309.932 2564.74 2.43572 2.08422
 18110.8 152.171 54.8485 453.88 0.799891
 3662.94 7681.22 33.3786 12.0309 99.7335
 8696.01 131.564 87.933 0.382112 1.27946
 51524.9 4429.31 36.8165 24.607 0.46497
 33927 8299.53 309.237 2.57038 1.75042
 41826.8 5593.42 571.839 21.3064 0.297704
 24125.7 3102.51 134.916 13.793 0.521103
 98287.2 1436.54 62.2049 2.70505 0.286996
 4828.66 23550.6 165.351 7.16002 0.344396
 121413 473.591 995.003 6.98599 0.317058
 63130.2 52932.5 111.806 234.902 1.72411
 92267.8 10451.3 3976.25 8.39879 17.7752
 68874.6 18199.1 976.177 371.391 2.44471
 158290 13279.6 1668.81 89.5129 34.2798
 4729.26 32078.2 1311.26 164.782 12.2236
 45429.2 915.187 3119.71 127.524 17.2144
 37974.8 13143.7 143.016 487.515 22.6182
 7755.76 12315.9 2315.11 25.1906 89.8542
 38750.4 2326.24 1960.97 368.619 18.3178
 34384.4 6552.83 203.71 171.723 33.8842
 5505.77 12450.8 1366.56 42.4826 42.8783
 10700.5 3715.71 4843.72 531.633 33.208
 41098.9 1845.05 303.497 395.633 46.1359
 2084.51 7784.54 178.076 29.2921 42.6374
F
 0.201975 0.310597 0.310597 0.310597 0.310597
 0.747287 1.14918 1.14918 1.14918 1.14918
 0.745507 1.14644 1.14644 1.14644 1.14644
 1.06868 1.64341 1.64341 1.64341 1.64341
 1.64527 2.5301 2.5301 2.5301 2.5301
 0.353558 0.543703 0.543703 0.543703 0.543703
 0.924669 1.42196 1.42196 1.42196 1.42196
 0.55338 0.850988 0.850988 0.850988 0.850988
 0.660097 1.0151 1.0151 1.0151 1.0151
 1.80566 2.77675 2.77675 2.77675 2.77675
 0.497352 0.76483 0.76483 0.76483 0.76483
 1.10441 1.69837 1.69837 1.69837 1.69837
 1.19153 1.83234 1.83234 1.83234 1.83234
 1.76183 2.70934 2.70934 2.70934 2.70934
 1.68508 2.59133 2.59133 2.59133 2.59133
 0.850761 1.3083 1.3083 1.3083 1.3083
 1.11922 1.72114 1.72114 1.72114 1.72114
 0.536941 0.825709 0.825709 0.825709 0.825709
 0.992939 1.52694 1.52694 1.52694 1.52694
 0.886894 1.36387 1.36387 1.36387 1.36387
 0.876049 1.34719 1.34719 1.34719 1.34719
 0.814733 1.2529 1.2529 1.2529 1.2529
 0.735144 1.13051 1.13051 1.13051 1.13051
 0.543902 0.836414 0.836414 0.836414 0.836414
 0.528902 0.813346 0.813346 0.813346 0.813346
 0.590634 0.908278 0.908278 0.908278 0.908278
 0.656684 1.00985 1.00985 1.00985 1.00985
 0.365447 0.561985 0.561986 0.561986 0.561986
 0.362859 0.558006 0.558006 0.558006 0.558006
 0.886015 1.36252 1.36252 1.36252 1.36252
 0.699116 1.0751 1.0751 1.0751 1.0751
 0.476824 0.733261 0.733261 0.733261 0.733261
YTP_r0W_actual
 17926.8 193056 4968.31 1092.59 1701.23
YTP_p0W_proyectada
 45068.6 5707.61 16273.8 484.402 105.525
 45068.6 46315.7 2131.22 5732.29 187.535
CTP_r0_actual
 2084.51 7784.54 178.076 29.2921 42.6374
CTP_p0_proyectada
 5977.27 327.084 676.102 15.4662 2.99363
 5977.27 2654.2 88.5428 183.023 5.32014
Wmedp
 7.54 17.45 24.07 31.32 35.25
Frms_r0
 0.476824 0.733261 0.733261 0.733261 0.733261
Zrms_r0
 1.47682 1.73326 1.73326 1.73326 1.73326
nmprior
 7.27 8.72 9 0
nm_flota  nm_reclas  nm_pelaces    nm_pelaL
inf 16.2111 4.73504 8.81968
cv_recla  cv_pelaces  cv_mph
0.360571 0.452886 0.938659
 ------------------------------------------------
Talla a la edad & desviaci?n 
 8 13.2811 15.8009 17.003 17.5766
 0.8 1.32811 1.58009 1.7003 1.75766
