years
 1991 1992 1993 1994 1995 1996 1997 1998 1999 2000 2001 2002 2003 2004 2005 2006 2007 2008 2009 2010 2011 2012 2013 2014 2015 2016 2017 2018 2019 2020 2021 2022
reclasobs
 0 0 0 0 0 0 0 0 0 252601 567819 844713 477998 351125 339783 2.1784e+06 2.13404e+06 4.81314e+06 1.55562e+06 2.62356e+06 3.21686e+06 3.843e+06 1.13348e+06 3.07943e+06 1.97215e+06 2.03268e+06 2.025e+06 2.42433e+06 2.27542e+06 1.05018e+06 2.36338e+06 3.18982e+06
reclaspred
 4.14633e+06 1.91828e+06 972384 722179 484626 2.47656e+06 1.27367e+06 825889 540633 262206 479861 785570 752142 539065 453440 1.58869e+06 1.04558e+06 3.91245e+06 2.96634e+06 1.98044e+06 3.18697e+06 2.86373e+06 1.8224e+06 3.12777e+06 2.27777e+06 1.81972e+06 2.29991e+06 2.91827e+06 2.28353e+06 1.2123e+06 1.87998e+06 1.84712e+06
pelacesobs
 0 0 0 0 0 0 0 0 0 0 0 0 0 0 0 552880 188675 0 991730 2.46772e+06 1.41603e+06 1.21717e+06 2.29649e+06 1.80582e+06 0 1.4828e+06 1.56532e+06 1.57751e+06 1.42118e+06 867257 1.10002e+06 1.06204e+06
pelacespred
 2.94234e+06 1.29581e+06 560988 294329 244021 1.34825e+06 630301 593185 295490 106159 259354 341305 368299 244266 208458 670416 489778 2.12606e+06 1.65133e+06 973009 1.62692e+06 1.44214e+06 1.04754e+06 1.93559e+06 1.39544e+06 1.14348e+06 1.55075e+06 1.7726e+06 1.43702e+06 821353 934984 1.10499e+06
mphobs
 0 0 0 0 0 0 0 0 0 0 0 498337 0 5186 125008 0 168611 109162 213762 579715 649985 157893 87575 83554 0 0 0 0 0 0 0 0
mphpred
 751097 402012 156601 95273.7 58696.4 55673 286927 109027 77876.8 36472.8 15795.7 62519.3 69684.3 50742.8 26937 31996.2 177079 96194.6 429672 238259 237117 282406 304665 182016 335877 256490 179849 224671 398478 215573 106649 262035
desembarqueobs
 494567 514787 250237 358949 120608 361735 552515 73892 212993 205616 52469 317467 293654 387597 252695 516296 358380 742168 942051 627588 828172 859565 418607 520667 417249 300574 415391 372974 316634 284311 391294 218835
desembarquepred
 494520 514632 249984 358864 120588 361624 552164 73887.4 212939 205551 52465.1 317349 293497 387201 252521 515981 358307 741701 941051 626812 827991 859009 418428 520535 417044 300456 415223 372804 316480 284128 391060 218821
Reclutas
 90599.7 82019.3 101316 68812.5 40859.8 252133 50328.9 16843.8 26703.6 35392.6 52018.2 105995 84862.5 67438.6 47865.8 265526 33602.9 462554 234741 202862 240339 393729 47040.4 185155 149535 55554.6 146343 179957 46856.7 43136.2 139986 34723.5
log_desv_Rt
 0.0198686 -0.0796279 0.131659 -0.255197 -0.776437 1.04338 -0.568002 -1.6626 -1.20178 -0.920078 -0.534989 0.176814 -0.0455502 -0.275364 -0.618181 1.09513 -0.971971 1.65018 0.971899 0.825945 0.995469 1.48908 -0.635576 0.734614 0.520945 -0.469216 0.49937 0.706134 -0.639489 -0.722219 0.454961 -0.939165
SSB
 1.20757e+06 646330 251775 153175 94368.6 89507.8 461304 175287 125206 58638.9 25395.5 100515 112034 81581.2 43307.6 51441.6 284696 154656 690801 383058 381223 454036 489822 292635 540003 412369 289150 361213 640648 346585 171464 421283
BT
 1.72127e+06 1.10103e+06 498375 440510 227945 1.2239e+06 788245 372172 371235 256850 213854 473745 491435 559269 388253 869092 530302 2.09934e+06 1.81799e+06 1.07714e+06 1.69117e+06 1.60858e+06 882736 1.71061e+06 1.11526e+06 859835 1.38502e+06 1.40941e+06 945312 685777 898354 733085
Ftot
 0.373673 0.814634 0.818225 1.49057 0.812375 0.550178 1.24754 0.294936 1.24667 2.22973 0.413627 1.33219 1.27618 2.16927 1.82396 1.17679 1.03658 0.705204 1.01545 1.04118 0.879843 1.01285 0.715675 0.597333 0.605715 0.536888 0.637716 0.462138 0.435466 0.736878 0.747534 0.382334
BD_Bspro_t
 0.942322 0.626902 0.346153 0.260502 0.163211 0.193575 0.459511 0.218833 0.218263 0.140516 0.0888944 0.348498 0.253312 0.171165 0.0953562 0.114035 0.299149 0.186232 0.423822 0.269547 0.232254 0.263125 0.29551 0.22543 0.379343 0.373879 0.348808 0.432304 0.548445 0.405563 0.291801 0.447986
BD_Bspro
 1.88884 1.01097 0.393818 0.239593 0.147609 0.140005 0.721558 0.274178 0.195843 0.0917212 0.0397228 0.157222 0.175241 0.127607 0.0677405 0.0804635 0.445314 0.241908 1.08053 0.599168 0.596297 0.71019 0.766166 0.45773 0.844656 0.645015 0.45228 0.564998 1.00208 0.542118 0.268199 0.658959
BD_Bo
 2.03264 1.08794 0.423799 0.257832 0.158846 0.150664 0.77649 0.295051 0.210752 0.0987038 0.0427469 0.169192 0.188582 0.137322 0.0728976 0.0865891 0.479215 0.260325 1.16279 0.644782 0.641693 0.764256 0.824493 0.492577 0.908959 0.69412 0.486711 0.608011 1.07837 0.583389 0.288617 0.709125
BD_Brms
 3.69571 1.97806 0.770544 0.468786 0.288811 0.273934 1.4118 0.536457 0.383186 0.179462 0.0777216 0.307621 0.342876 0.249676 0.132541 0.157435 0.8713 0.473317 2.11416 1.17233 1.16671 1.38956 1.49908 0.895595 1.65265 1.26204 0.88493 1.10547 1.96067 1.06071 0.524759 1.28932
Sel_flota
 0.637185 0.970903 0.998425 0.999917 0.999996
 0.637185 0.970903 0.998425 0.999917 0.999996
 0.637185 0.970903 0.998425 0.999917 0.999996
 0.637185 0.970903 0.998425 0.999917 0.999996
 0.637185 0.970903 0.998425 0.999917 0.999996
 0.637185 0.970903 0.998425 0.999917 0.999996
 0.637185 0.970903 0.998425 0.999917 0.999996
 0.637185 0.970903 0.998425 0.999917 0.999996
 0.637185 0.970903 0.998425 0.999917 0.999996
 0.637185 0.970903 0.998425 0.999917 0.999996
 0.637185 0.970903 0.998425 0.999917 0.999996
 0.637185 0.970903 0.998425 0.999917 0.999996
 0.637185 0.970903 0.998425 0.999917 0.999996
 0.637185 0.970903 0.998425 0.999917 0.999996
 0.637185 0.970903 0.998425 0.999917 0.999996
 0.637185 0.970903 0.998425 0.999917 0.999996
 0.637185 0.970903 0.998425 0.999917 0.999996
 0.637185 0.970903 0.998425 0.999917 0.999996
 0.637185 0.970903 0.998425 0.999917 0.999996
 0.637185 0.970903 0.998425 0.999917 0.999996
 0.637185 0.970903 0.998425 0.999917 0.999996
 0.637185 0.970903 0.998425 0.999917 0.999996
 0.637185 0.970903 0.998425 0.999917 0.999996
 0.637185 0.970903 0.998425 0.999917 0.999996
 0.637185 0.970903 0.998425 0.999917 0.999996
 0.637185 0.970903 0.998425 0.999917 0.999996
 0.637185 0.970903 0.998425 0.999917 0.999996
 0.637185 0.970903 0.998425 0.999917 0.999996
 0.637185 0.970903 0.998425 0.999917 0.999996
 0.637185 0.970903 0.998425 0.999917 0.999996
 0.637185 0.970903 0.998425 0.999917 0.999996
 0.637185 0.970903 0.998425 0.999917 0.999996
Sel_reclas
 0.831839 1 1 1 1
 0.831839 1 1 1 1
 0.831839 1 1 1 1
 0.831839 1 1 1 1
 0.831839 1 1 1 1
 0.831839 1 1 1 1
 0.831839 1 1 1 1
 0.831839 1 1 1 1
 0.831839 1 1 1 1
 0.831839 1 1 1 1
 0.831839 1 1 1 1
 0.831839 1 1 1 1
 0.831839 1 1 1 1
 0.831839 1 1 1 1
 0.831839 1 1 1 1
 0.831839 1 1 1 1
 0.831839 1 1 1 1
 0.831839 1 1 1 1
 0.831839 1 1 1 1
 0.831839 1 1 1 1
 0.831839 1 1 1 1
 0.831839 1 1 1 1
 0.831839 1 1 1 1
 0.831839 1 1 1 1
 0.831839 1 1 1 1
 0.831839 1 1 1 1
 0.831839 1 1 1 1
 0.831839 1 1 1 1
 0.831839 1 1 1 1
 0.831839 1 1 1 1
 0.831839 1 1 1 1
 0.831839 1 1 1 1
Sel_pelaces
 0.557236 0.863644 0.969582 0.993805 0.998763
 0.557236 0.863644 0.969582 0.993805 0.998763
 0.557236 0.863644 0.969582 0.993805 0.998763
 0.557236 0.863644 0.969582 0.993805 0.998763
 0.557236 0.863644 0.969582 0.993805 0.998763
 0.557236 0.863644 0.969582 0.993805 0.998763
 0.557236 0.863644 0.969582 0.993805 0.998763
 0.557236 0.863644 0.969582 0.993805 0.998763
 0.557236 0.863644 0.969582 0.993805 0.998763
 0.557236 0.863644 0.969582 0.993805 0.998763
 0.557236 0.863644 0.969582 0.993805 0.998763
 0.557236 0.863644 0.969582 0.993805 0.998763
 0.557236 0.863644 0.969582 0.993805 0.998763
 0.557236 0.863644 0.969582 0.993805 0.998763
 0.557236 0.863644 0.969582 0.993805 0.998763
 0.557236 0.863644 0.969582 0.993805 0.998763
 0.557236 0.863644 0.969582 0.993805 0.998763
 0.557236 0.863644 0.969582 0.993805 0.998763
 0.557236 0.863644 0.969582 0.993805 0.998763
 0.557236 0.863644 0.969582 0.993805 0.998763
 0.557236 0.863644 0.969582 0.993805 0.998763
 0.557236 0.863644 0.969582 0.993805 0.998763
 0.557236 0.863644 0.969582 0.993805 0.998763
 0.557236 0.863644 0.969582 0.993805 0.998763
 0.557236 0.863644 0.969582 0.993805 0.998763
 0.557236 0.863644 0.969582 0.993805 0.998763
 0.557236 0.863644 0.969582 0.993805 0.998763
 0.557236 0.863644 0.969582 0.993805 0.998763
 0.557236 0.863644 0.969582 0.993805 0.998763
 0.557236 0.863644 0.969582 0.993805 0.998763
 0.557236 0.863644 0.969582 0.993805 0.998763
 0.557236 0.863644 0.969582 0.993805 0.998763
pf_obs 
 0.8446 0.082 0.0669 0.0065 0
 0.8095 0.147 0.0364 0.0071 0
 0.9664 0.0169 0.016 0.0007 0
 0.9276 0.0648 0.0075 0.0001 0
 0.7033 0.2144 0.0806 0.0017 0
 0.9318 0.0425 0.0243 0.0014 0
 0.5671 0.3108 0.0964 0.0239 0.0018
 0.0768 0.2599 0.5324 0.112 0.0189
 0.490249 0.384438 0.106611 0.0170017 0.00170017
 0.7925 0.1577 0.0466 0.003 0.0002
 0.840416 0.127587 0.0312969 0.00059994 9.999e-05
 0.8084 0.0986 0.0794 0.0134 0.0002
 0.7335 0.1905 0.0724 0.0035 0.0001
 0.4001 0.4547 0.1325 0.0127 0
 0.49795 0.308269 0.164784 0.0264974 0.00249975
 0.9179 0.0499 0.0305 0.0017 0
 0.2467 0.6533 0.0926 0.0074 0
 0.9418 0.0223 0.034 0.0019 0
 0.707729 0.231977 0.0356964 0.0245975 0
 0.517169 0.277429 0.184464 0.0207286 0.00020938
 0.811772 0.124168 0.05621 0.00726502 0.000585176
 0.764997 0.148141 0.077277 0.00933861 0.000247198
 0.163321 0.427699 0.378323 0.0303852 0.000271297
 0.753843 0.0900009 0.118128 0.0371064 0.000921714
 0.721811 0.176058 0.0630433 0.0369309 0.00215725
 0.143369 0.312575 0.442814 0.0836902 0.0175525
 0.692698 0.0596174 0.167031 0.0765114 0.00414204
 0.394062 0.376323 0.152708 0.0712218 0.00568511
 0.125707 0.32114 0.495352 0.0537591 0.00404204
 0.23352 0.215282 0.420074 0.123614 0.00750983
 0.796117 0.104755 0.0508955 0.0450114 0.00322123
 0.162477 0.292055 0.404252 0.121198 0.0200186
pf_pred 
 0.42354 0.197644 0.338214 0.0406008 1.01879e-06
 0.553533 0.244407 0.0708047 0.11721 0.0140458
 0.738992 0.180487 0.0449301 0.0124896 0.0231013
 0.667974 0.277737 0.0380305 0.00908123 0.00717697
 0.709921 0.234623 0.0468055 0.00606554 0.00258518
 0.941605 0.0475053 0.00887695 0.00169953 0.000313406
 0.360065 0.617276 0.018559 0.00334364 0.000756706
 0.418819 0.304594 0.267257 0.0076457 0.00168465
 0.679177 0.172506 0.0789163 0.0670638 0.00233726
 0.84071 0.129184 0.0165738 0.00720932 0.00632285
 0.914291 0.0797861 0.00486827 0.000581493 0.000472903
 0.838756 0.152497 0.00816123 0.000481283 0.000104044
 0.778996 0.20177 0.0182413 0.000926837 6.62859e-05
 0.776247 0.195982 0.0254644 0.00218767 0.000118777
 0.84561 0.138569 0.0139762 0.00169212 0.00015268
 0.971084 0.0267807 0.00192853 0.000182719 2.40366e-05
 0.347331 0.642804 0.00916878 0.00062894 6.72509e-05
 0.962784 0.0185453 0.0184014 0.000250769 1.89941e-05
 0.610411 0.381251 0.00423688 0.00404198 5.91298e-05
 0.712716 0.213972 0.0718131 0.000762693 0.000736452
 0.790103 0.173026 0.0277799 0.00890623 0.000185454
 0.834394 0.144477 0.0175478 0.00269973 0.000881529
 0.286538 0.644857 0.0601934 0.00698822 0.00142269
 0.830888 0.0695132 0.0903587 0.0081093 0.00113071
 0.67064 0.294581 0.0146107 0.0183003 0.00186763
 0.447485 0.428423 0.111431 0.00532482 0.00733541
 0.805143 0.112275 0.0645504 0.0161954 0.00183638
 0.754138 0.215642 0.0176936 0.00979547 0.00273074
 0.355127 0.538081 0.094068 0.00745616 0.00526872
 0.529924 0.22308 0.207256 0.0350135 0.00472751
 0.871436 0.0857815 0.0207315 0.0185097 0.00354159
 0.408774 0.545587 0.0308627 0.00716778 0.00760768
pobs_RECLAS
 0 0 0 0 0
 0 0 0 0 0
 0 0 0 0 0
 0 0 0 0 0
 0 0 0 0 0
 0 0 0 0 0
 0 0 0 0 0
 0 0 0 0 0
 0 0 0 0 0
 0 0 0 0 0
 0.991045 0.00858322 0.000360255 1.14367e-05 0
 0.934742 0.0480273 0.0164251 0.00080598 0
 0.827803 0.169806 0.00239088 0 0
 0.941827 0.0461693 0.0120037 0 0
 0.791401 0.0380133 0.147996 0.0225897 0
 0.846168 0.0940531 0.0597789 0 0
 0.134021 0.677848 0.182769 0.00536245 0
 0.80878 0.0450904 0.141981 0.00414843 0
 0.846168 0.0940531 0.0597789 0 0
 0.905697 0.0802665 0.012482 0.00150086 5.37128e-05
 0.989698 0.0102097 9.19794e-05 0 0
 0.975433 0.0193895 0.00387452 0.00125025 5.28907e-05
 0.303575 0.632131 0.0575291 0.00676475 0
 0.966965 0.00978017 0.0227588 0.000495775 0
 0.843318 0.132988 0.00938335 0.0141283 0.000182051
 0.564624 0.303363 0.111486 0.0197234 0.00080311
 0.826376 0.0876187 0.0782897 0.00655872 0.00115652
 0.89761 0.0855135 0.0140674 0.00269457 0.000114338
 0.34875 0.467042 0.161289 0.0227151 0.000203297
 0.318654 0.224769 0.449479 0.00709798 0
 0.937255 0.0296025 0.0250945 0.00804832 0
 0.456809 0.399803 0.12412 0.0192676 0
ppred_RECLAS
 0.490269 0.17814 0.2961 0.03549 8.90469e-07
 0.62301 0.209379 0.0587969 0.0971702 0.0116433
 0.789784 0.146788 0.0354197 0.00982951 0.0181794
 0.736218 0.221943 0.0293266 0.00698945 0.00552327
 0.763817 0.192166 0.0371605 0.00480761 0.00204886
 0.954535 0.0371919 0.00674557 0.00128941 0.000237756
 0.432508 0.54805 0.0159291 0.00286463 0.000648239
 0.483245 0.274545 0.234052 0.00668548 0.00147296
 0.744232 0.139729 0.0617943 0.0524181 0.00182666
 0.887206 0.092211 0.0113431 0.00492292 0.00431708
 0.93221 0.0632324 0.00374702 0.000446866 0.000363386
 0.87649 0.117026 0.00605078 0.000356167 7.69889e-05
 0.827382 0.158057 0.0138109 0.000700449 5.00902e-05
 0.836683 0.143775 0.017922 0.00153626 8.33998e-05
 0.886494 0.102272 0.00992701 0.00119941 0.00010821
 0.978405 0.0200488 0.00139637 0.000132063 1.73712e-05
 0.415041 0.576397 0.007959 0.000545006 5.82706e-05
 0.971665 0.0143365 0.013797 0.000187714 1.42169e-05
 0.676 0.317288 0.00341388 0.0032512 4.75573e-05
 0.769282 0.173255 0.0562892 0.000596781 0.000576196
 0.833133 0.138318 0.0215184 0.00688717 0.000143398
 0.870652 0.113309 0.0133246 0.00204645 0.000668158
 0.344759 0.593969 0.0537712 0.0062324 0.00126871
 0.866503 0.0558519 0.0704521 0.00631261 0.000880119
 0.726221 0.245662 0.0118233 0.0147853 0.00150877
 0.513381 0.379843 0.0958983 0.00457529 0.00630233
 0.844816 0.0905718 0.0505219 0.0126553 0.00143484
 0.798767 0.177145 0.0141131 0.00780098 0.00217454
 0.416094 0.489568 0.0831129 0.0065775 0.00464744
 0.59974 0.193043 0.173922 0.0293339 0.0039603
 0.89963 0.067671 0.0158587 0.0141359 0.00270447
 0.470981 0.489286 0.0268835 0.00623389 0.00661593
pobs_PELACES
 0 0 0 0 0
 0 0 0 0 0
 0 0 0 0 0
 0 0 0 0 0
 0 0 0 0 0
 0 0 0 0 0
 0 0 0 0 0
 0 0 0 0 0
 0 0 0 0 0
 0 0 0 0 0
 0 0 0 0 0
 0 0 0 0 0
 0 0 0 0 0
 0 0 0 0 0
 0 0 0 0 0
 0 0 0 0 0
 0.505614 0.472636 0.0217494 0 0
 0 0 0 0 0
 0.443492 0.261883 0.143347 0.151278 0
 0.227955 0.32914 0.350689 0.0885471 0.00366901
 0.970185 0.0296113 0.000203453 0 0
 0.997202 0.00247181 0.000326279 0 0
 0.445219 0.490057 0.0546422 0.010081 0
 0.90214 0.0892962 0.00764917 0.000914606 0
 0 0 0 0 0
 0.581667 0.319106 0.0959925 0.00289975 0.000334073
 0.762889 0.0836404 0.116647 0.0363945 0.000428098
 0.88444 0.0763242 0.0277011 0.0115352 0
 0.521256 0.241999 0.230069 0.00667565 0
 0.616807 0.101726 0.260614 0.0208532 0
 0.833518 0.0704572 0.0857862 0.0102388 0
 0.697417 0.212968 0.0787535 0.0105354 0.000325836
ppred_PELACES
 0.418702 0.188234 0.350065 0.0429984 1.08423e-06
 0.569727 0.225673 0.0706214 0.11958 0.0143997
 0.754315 0.165172 0.0444133 0.0126282 0.0234716
 0.714678 0.235717 0.0344969 0.00842094 0.00668741
 0.728535 0.216083 0.0465661 0.00617249 0.0026436
 0.944213 0.0446425 0.00904477 0.00177161 0.000328296
 0.40318 0.574109 0.0185223 0.0034121 0.000775953
 0.414929 0.294205 0.280825 0.00822071 0.00182022
 0.710358 0.149887 0.07358 0.0639356 0.00223907
 0.884278 0.0926915 0.0125443 0.0055741 0.00491222
 0.917159 0.0766342 0.00507911 0.000620735 0.000507288
 0.863709 0.128387 0.00736287 0.000443937 9.64366e-05
 0.809125 0.17315 0.0167898 0.000872258 6.26856e-05
 0.832904 0.145312 0.0199387 0.00174997 9.54698e-05
 0.879918 0.107059 0.0114747 0.00141976 0.000128723
 0.97542 0.0226367 0.00175119 0.00016966 2.24272e-05
 0.381135 0.60879 0.00934901 0.000655848 7.04695e-05
 0.964526 0.0169765 0.0182245 0.00025406 1.93374e-05
 0.643507 0.3482 0.00416743 0.00406597 5.97705e-05
 0.738306 0.191151 0.0690649 0.000750138 0.000727856
 0.806969 0.156774 0.0271635 0.00890728 0.00018638
 0.851926 0.127854 0.0167248 0.00263152 0.000863445
 0.303972 0.624005 0.0630088 0.00748291 0.00153084
 0.834115 0.0649023 0.0914134 0.00839294 0.00117598
 0.684523 0.279269 0.0150067 0.0192292 0.00197202
 0.458233 0.41201 0.116211 0.0056814 0.00786492
 0.811687 0.104581 0.0651142 0.0167127 0.00190429
 0.761334 0.206879 0.0184263 0.0104371 0.00292386
 0.362526 0.524166 0.0995076 0.00806997 0.00573036
 0.542734 0.207669 0.208648 0.0360569 0.00489215
 0.878682 0.078479 0.0205078 0.0187297 0.00360117
 0.41635 0.534646 0.0328648 0.00780979 0.00832968
pobs_pel_tallas
 0 0 0 0 0 0 0 0 0 0 0 0 0 0 0 0 0 0 0 0 0 0 0 0 0 0
 0 0 0 0 0 0 0 0 0 0 0 0 0 0 0 0 0 0 0 0 0 0 0 0 0 0
 0 0 0 0 0 0 0 0 0 0 0 0 0 0 0 0 0 0 0 0 0 0 0 0 0 0
 0 0 0 0 0 0 0 0 0 0 0 0 0 0 0 0 0 0 0 0 0 0 0 0 0 0
 0 0 0 0 0 0 0 0 0 0 0 0 0 0 0 0 0 0 0 0 0 0 0 0 0 0
 0 0 0 0 0 0 0 0 0 0 0 0 0 0 0 0 0 0 0 0 0 0 0 0 0 0
 0 0 0 0 0 0 0 0 0 0 0 0 0 0 0 0 0 0 0 0 0 0 0 0 0 0
 0 0 0 0 0 0 0 0 0 0 0 0 0 0 0 0 0 0 0 0 0 0 0 0 0 0
 0 0 0 0 0 0 0 0 0 0 0 0 0 0 0 0 0 0 0 0 0 0 0 0 0 0
 0 0 0 0 0 0 0 0 0 0 0 0 0 0 0 0 0 0 0 0 0 0 0 0 0 0
 0 0 0 0 0 0 0 0 0 0 0 0 0 0 0 0 0 0 0 0 0 0 0 0 0 0
 0 0 0 0 0 0 0 0 0 0 0 0 0 0 0 0 0 0 0 0 0 0 0 0 0 0
 0.00862536 0 0 0.000197151 0.00414017 0.0128641 0.00837892 0.0270097 0.101434 0.158115 0.152841 0.127902 0.109271 0.109419 0.0830992 0.0579132 0.0238553 0.00714673 0.00463305 0.00128148 0.00103504 0.000492878 0.000147863 0.000147863 4.92878e-05 0
 0 0 0 0 0 0 0 0 0 0 0 0 0 0 0 0 0 0 0 0 0 0 0 0 0 0
 0 0 0 0 0 0 0 0.0054083 0.00873648 0.0413646 0.0450493 0.0745869 0.0622846 0.0627006 0.0613931 0.0827291 0.12552 0.122667 0.0946155 0.0697135 0.0546179 0.0294188 0.0215738 0.0213955 0.0102223 0.00600262
 0 0 0 0 0.00359764 0.0251062 0.0480494 0.140153 0.205849 0.193036 0.1447 0.116669 0.0760912 0.0342217 0.00950174 0.001854 0.000860785 0 0 0 0.000165536 0 0.000143464 0 0 0
 0 0 0 0 0 0 0 0.000145254 0.000435761 0.0275982 0.070085 0.0708112 0.156366 0.174668 0.174014 0.160142 0.0824315 0.0480064 0.0283245 0.00493863 0.00203355 0 0 0 0 0
 0 0 0 0 0 0 0 0 0 0 0 0 0 0 0 0 0 0 0 0 0 0 0 0 0 0
 0 0 1.00437e-05 0.000401748 0.00122533 0.00171747 0.00176769 0.0269171 0.070346 0.194647 0.189555 0.159765 0.064822 0.0314167 0.0384472 0.0292271 0.0345202 0.0313363 0.0194345 0.0106764 0.0143323 0.0359363 0.0279516 0.0138201 0.00172751 0
 0 0.0021121 0.0136068 0.0755702 0.200478 0.177729 0.0527432 0.0373336 0.0318909 0.0142505 0.0149659 0.0166563 0.0217959 0.0798694 0.0677717 0.0528807 0.04013 0.0224614 0.0357745 0.0225083 0.00881397 0.00855152 0.00135912 0.000746735 0 0
 0 0 0 0 5.4009e-05 0.00500934 0.000945158 0.0243581 0.138947 0.33067 0.221406 0.137944 0.0707744 0.0437923 0.0131692 0.00525238 0.0047753 0.00276346 9.45158e-05 9.00151e-06 2.25038e-05 9.00151e-06 4.50075e-06 0 0 0
 0.000866109 0.00284123 0.00948549 0.0512746 0.133035 0.25785 0.225252 0.132002 0.0553304 0.0519788 0.0540692 0.017754 0.00435017 0.00159236 0.00146478 0.000404838 0.000125132 0.000115318 0.000107957 0.000100596 0 0 0 0 0 0
 0 0 0 0 0.00144013 0.00171154 0.00461396 0.0210425 0.0478622 0.0707936 0.0888783 0.103762 0.0637923 0.0337046 0.0602308 0.124433 0.169614 0.0934646 0.0462172 0.0250306 0.0313229 0.00938855 0.002487 0.000210481 0 0
 0 0.00764035 0.051015 0.0998891 0.058973 0.0496711 0.0374665 0.0718981 0.12319 0.153886 0.159021 0.0857701 0.0377988 0.023471 0.0147837 0.00900784 0.00315554 0.000888139 0.00291439 0.00214683 0.00393193 0.00274676 0.000635225 9.99891e-05 0 0
 0 0 0 0 0 0 0 0 0 0 0 0 0 0 0 0 0 0 0 0 0 0 0 0 0 0
 0 0 0 0 0 0 0 0 0 0 0 0 0 0 0 0 0 0 0 0 0 0 0 0 0 0
 0 0 0 0 0 0 0 0 0 0 0 0 0 0 0 0 0 0 0 0 0 0 0 0 0 0
 0 0 0 0 0 0 0 0 0 0 0 0 0 0 0 0 0 0 0 0 0 0 0 0 0 0
 0 0 0 0 0 0 0 0 0 0 0 0 0 0 0 0 0 0 0 0 0 0 0 0 0 0
 0 0 0 0 0 0 0 0 0 0 0 0 0 0 0 0 0 0 0 0 0 0 0 0 0 0
 0 0 0 0 0 0 0 0 0 0 0 0 0 0 0 0 0 0 0 0 0 0 0 0 0 0
 0 0 0 0 0 0 0 0 0 0 0 0 0 0 0 0 0 0 0 0 0 0 0 0 0 0
ppred_pel_tallas
 1.14463e-16 3.4488e-05 0.000335235 0.00222776 0.0101271 0.0315092 0.0671343 0.0979884 0.0980071 0.0672257 0.0318175 0.0110242 0.00450437 0.00538665 0.00986689 0.01688 0.0257624 0.0354161 0.0446402 0.0527265 0.0595738 0.0651478 0.0688438 0.0694767 0.066 0.0583438
 1.16525e-16 4.69277e-05 0.000456154 0.0030313 0.0137799 0.0428744 0.0913493 0.133332 0.133353 0.0914562 0.0432335 0.0148183 0.00564348 0.00617769 0.0109715 0.0182231 0.0266391 0.0343729 0.0396232 0.0416917 0.041425 0.0405692 0.0405289 0.0415041 0.0425536 0.0423454
 1.06563e-16 6.2132e-05 0.000603945 0.00401343 0.0182445 0.0567654 0.120945 0.176526 0.176542 0.121023 0.0570274 0.0190018 0.00591645 0.00476507 0.00798528 0.0131577 0.0190799 0.0242802 0.0273098 0.0275281 0.0254813 0.0225026 0.0198588 0.018112 0.0170734 0.0161935
 1.03033e-16 5.88671e-05 0.000572209 0.00380253 0.0172858 0.0537826 0.11459 0.167253 0.167275 0.114701 0.0541554 0.0183626 0.0065057 0.0064738 0.0112687 0.018541 0.0267147 0.0336199 0.037086 0.0361152 0.0314725 0.0251558 0.0191894 0.0146796 0.0116788 0.00965943
 1.02466e-16 6.00085e-05 0.000583304 0.00387626 0.0176209 0.0548254 0.116812 0.170495 0.170516 0.116914 0.0551676 0.0186097 0.00635925 0.00600753 0.0103728 0.0170823 0.0246687 0.0311593 0.034577 0.0339971 0.0300745 0.0245589 0.0192116 0.0149786 0.0119028 0.00956937
 1.00506e-16 7.77736e-05 0.000755987 0.0050238 0.0228375 0.0710558 0.151392 0.220962 0.220966 0.151413 0.0711265 0.0230417 0.00553661 0.00187614 0.00220715 0.00353094 0.00509085 0.00642645 0.00712504 0.0069959 0.00617594 0.0050292 0.00392206 0.0030513 0.00242495 0.00195454
 1.01155e-16 3.32096e-05 0.000322809 0.00214518 0.00975171 0.0303415 0.0646478 0.0943669 0.0944221 0.0649176 0.0312472 0.0123663 0.00870321 0.0146223 0.0271411 0.0446875 0.0640661 0.0799226 0.0868226 0.0822604 0.0681864 0.0497664 0.0324074 0.0193289 0.0110599 0.00646285
 1.09312e-16 3.41772e-05 0.000332215 0.00220769 0.0100358 0.0312254 0.06653 0.0971086 0.0971373 0.0666706 0.0316983 0.0114065 0.00566572 0.00793913 0.0146504 0.0246055 0.0364599 0.047956 0.0567206 0.0615066 0.0626897 0.0615553 0.0590667 0.0552478 0.0495973 0.0419527
 1.08953e-16 5.85113e-05 0.00056875 0.00377955 0.0171813 0.0534574 0.113897 0.166239 0.166254 0.113968 0.0536966 0.0178734 0.00552217 0.00439047 0.00736912 0.0122302 0.0179483 0.0232952 0.0270709 0.028764 0.0288305 0.0282815 0.0279136 0.0278117 0.0274444 0.0261536
 1.01777e-16 7.28368e-05 0.000708 0.00470491 0.0213878 0.0665455 0.141783 0.206938 0.206947 0.141826 0.0666921 0.0218113 0.00576785 0.00302868 0.00448113 0.00729564 0.0105099 0.0132345 0.0146194 0.014282 0.0125349 0.0101732 0.00799381 0.00641824 0.00543794 0.0048068
 1.00315e-16 7.55452e-05 0.000734326 0.00487985 0.0221831 0.0690199 0.147055 0.214632 0.214639 0.147091 0.0691409 0.0225324 0.00575621 0.00264585 0.00370124 0.00598714 0.00858862 0.0107395 0.0117149 0.0111815 0.00939495 0.00703232 0.00479775 0.00310359 0.00200974 0.0013642
 1.00307e-16 7.11426e-05 0.000691532 0.00459547 0.0208904 0.0649977 0.138485 0.202125 0.202138 0.138545 0.0652004 0.0214754 0.00606315 0.00389249 0.00614149 0.0100172 0.0143681 0.0179513 0.0195515 0.0186077 0.0155477 0.0115104 0.00768454 0.00477318 0.00288909 0.00178663
 1.00627e-16 6.66466e-05 0.000647829 0.00430505 0.0195702 0.0608901 0.129733 0.189353 0.18937 0.129815 0.0611636 0.02036 0.0062869 0.00497187 0.00827179 0.0135508 0.0194694 0.0243873 0.0266781 0.0255858 0.0216717 0.0164371 0.0114392 0.00758497 0.00500665 0.00338372
 1.00805e-16 6.86052e-05 0.000666867 0.00443157 0.0201453 0.0626795 0.133546 0.194917 0.194931 0.133614 0.0629092 0.0208088 0.00609697 0.00430199 0.00697091 0.0114116 0.0164218 0.0206267 0.022671 0.0219232 0.0188421 0.0146586 0.0106382 0.00750205 0.00533794 0.00387931
 1.00523e-16 7.24777e-05 0.000704509 0.00468171 0.0212824 0.0662175 0.141084 0.205918 0.205928 0.141134 0.0663866 0.0217709 0.00590757 0.00337945 0.00514937 0.00838941 0.0120571 0.0151165 0.0165634 0.0159327 0.0135702 0.0103991 0.00737276 0.00504029 0.00347345 0.0024687
 1.00078e-16 8.03441e-05 0.000780973 0.00518984 0.0235923 0.0734043 0.156396 0.228264 0.228267 0.156406 0.07344 0.0236955 0.00544878 0.00134584 0.00115192 0.00177397 0.00254001 0.00317765 0.00346938 0.0033163 0.00279293 0.00209781 0.00143731 0.000932239 0.00060055 0.000399014
 1.00504e-16 3.13937e-05 0.000305158 0.00202788 0.0092185 0.0286825 0.0611133 0.0892089 0.0892674 0.0613993 0.0296425 0.0119898 0.00897809 0.015457 0.0287468 0.0473156 0.0677832 0.0844516 0.0915365 0.086372 0.0710438 0.0510802 0.0322901 0.0181664 0.0093243 0.00456787
 1.0056e-16 7.94467e-05 0.00077225 0.00513187 0.0233288 0.0725844 0.154649 0.225715 0.225717 0.154657 0.0726118 0.0234081 0.00533211 0.00121318 0.000927982 0.00143727 0.00212952 0.00281582 0.00335695 0.0036802 0.00380191 0.00378593 0.00367508 0.0034604 0.00310985 0.00262004
 1.00628e-16 5.30049e-05 0.000515226 0.00342386 0.0155644 0.0484268 0.10318 0.150601 0.150634 0.103343 0.0489759 0.0171494 0.00739898 0.0091812 0.0164767 0.0270651 0.0387713 0.0483112 0.0523794 0.0494589 0.0407514 0.0294251 0.0188008 0.0108627 0.00593786 0.00331277
 1.02241e-16 6.08133e-05 0.000591127 0.00392825 0.0178573 0.0555607 0.118379 0.172781 0.172799 0.118469 0.0558643 0.0187349 0.00613416 0.00541635 0.009253 0.0152736 0.0221636 0.0282141 0.0317051 0.031807 0.0290219 0.0247542 0.0203899 0.0166341 0.0134972 0.0107105
 1.01749e-16 6.6469e-05 0.000646102 0.00429358 0.019518 0.0607278 0.129387 0.188848 0.188863 0.129461 0.0609759 0.0202347 0.00609302 0.00457574 0.00753383 0.0123609 0.0178262 0.0224721 0.0248584 0.024319 0.0213478 0.0172445 0.0133195 0.0102788 0.00814868 0.00659906
 1.00926e-16 7.0172e-05 0.000682097 0.00453278 0.0206053 0.0641109 0.136596 0.199368 0.19938 0.136656 0.0643131 0.0211891 0.00599795 0.00388011 0.00614232 0.0100395 0.0144459 0.0181448 0.0199454 0.0192959 0.0166058 0.0129637 0.00948549 0.00680226 0.00498002 0.00376786
 1.02988e-16 2.50379e-05 0.000243377 0.00161733 0.00735219 0.0228757 0.0487413 0.071152 0.0712121 0.049035 0.0238615 0.010199 0.00876099 0.0158306 0.0296058 0.0488461 0.0702223 0.088007 0.0963651 0.0925858 0.0786963 0.0600971 0.0423725 0.0287483 0.0196535 0.013894
 1.03696e-16 6.8705e-05 0.000667837 0.00443801 0.0201746 0.0627706 0.13374 0.195198 0.195205 0.133771 0.0628759 0.0204804 0.00521201 0.00237802 0.00337675 0.00563021 0.00846779 0.0114053 0.0139723 0.0159114 0.0172488 0.0181217 0.0185315 0.0182725 0.0171019 0.0149807
 1.02767e-16 5.63833e-05 0.000548066 0.00364209 0.0165564 0.0515133 0.109756 0.160197 0.160224 0.109887 0.0519542 0.0178295 0.00683603 0.00751527 0.0132734 0.021816 0.0313339 0.0392261 0.042891 0.0411506 0.0349724 0.0268434 0.019309 0.0137986 0.0104109 0.00845955
 1.0536e-16 3.77441e-05 0.000366886 0.00243809 0.0110832 0.0344842 0.0734738 0.107245 0.107285 0.0736683 0.0351376 0.0129714 0.00718183 0.0107361 0.0197706 0.0327277 0.0473789 0.0600683 0.0670644 0.0666 0.0598562 0.0500364 0.040333 0.0324146 0.0263183 0.0213215
 1.03905e-16 6.68576e-05 0.00064988 0.00431868 0.0196321 0.0610828 0.130144 0.189951 0.189961 0.130193 0.0612499 0.0201158 0.0055369 0.00332261 0.00518215 0.00856424 0.0125717 0.0163152 0.0189246 0.019986 0.0197401 0.0188219 0.0177675 0.0167085 0.0154458 0.0137475
 1.02127e-16 6.27101e-05 0.000609565 0.00405077 0.0184142 0.0572936 0.122071 0.17817 0.17819 0.122168 0.0576205 0.019358 0.00641913 0.0057774 0.00987073 0.016202 0.0232948 0.0292152 0.0320408 0.0308948 0.0264741 0.0205866 0.0150794 0.0109851 0.00837685 0.00677431
 1.04785e-16 2.98609e-05 0.000290259 0.00192887 0.00876842 0.0272821 0.0581292 0.0848519 0.0849024 0.0583763 0.0281117 0.0111651 0.00794656 0.0134324 0.0250048 0.0413308 0.0596265 0.0751649 0.0831231 0.0812415 0.0711272 0.0570908 0.0435108 0.032801 0.0251573 0.0196064
 1.10519e-16 4.47043e-05 0.000434542 0.00288769 0.013127 0.0408431 0.0870213 0.127014 0.127035 0.0871207 0.0411775 0.0140966 0.00533531 0.00582384 0.0104153 0.0175012 0.0260317 0.0344595 0.0411858 0.0454031 0.0474108 0.0480725 0.0479219 0.046737 0.0438851 0.0390148
 1.031e-16 7.23759e-05 0.00070352 0.00467514 0.0212525 0.0661244 0.140885 0.205628 0.205635 0.140922 0.066249 0.0216125 0.00557989 0.00268235 0.00384182 0.00626727 0.00909539 0.0116003 0.0131014 0.0133037 0.0124703 0.0112245 0.0101401 0.00944057 0.00899066 0.00850107
 1.03278e-16 3.42943e-05 0.000333353 0.00221525 0.0100702 0.0313325 0.0667591 0.0974476 0.0974991 0.0670105 0.0321765 0.0125071 0.0083289 0.0136685 0.0253276 0.0417326 0.0599158 0.0749305 0.0817602 0.0780995 0.0657545 0.0494719 0.0341716 0.0227116 0.0154595 0.011282
pSPR Fmed_Fpbrs
0.575546   0.6 0.325
Fs Fmed_Fpbrs
0.341307   0.312798 0.781494
SSBpbr Bo_Bmed_Bpbrs
594089  312221  326749 163374
Ro
88817.4
SPR SPRFo_SPRFmed_SPRFpbrs
639317 367956 207778
Fref
0.312798
Nvult_r0
 24711.4 23866.2 1322.92 306.913 325.73
CTP_r0
 4840.81 6460.98 365.484 84.8827 90.092
YTP_r0
218821
Np
 84573.3 25490.5 2718.56 2185.21 151.5
Nvult_p0
 59082.7 18569.2 1986.73 1597.23 110.736
CTP_p0
 9818.81 1699.05 1411.77 77.2628 22.4081
 9818.81 4325.71 472.806 380.545 26.3849
YTP_p0
 140873 173747
CBA_c0
227359
log_Ro
11.2143
likeval ReclasPelacesDesembMPH_pf_preclas_ppelaces_ptallas_desvR_qrecl_qpela
 13.4567 15.8584 0.0489463 0.000833939 244.662 127.285 119.197 0 30.3345 6.82917e-05 0.000156078 0.0154215 6.58379e-16 0 0
q_reclas_q_pelaces
3.21777 5.85207
M
1
N
 90599.7 29145.6 48694.7 5838.08 0.146484
 82019.3 26268 7459.62 12335.6 1478.14
 101316 17955.2 4381.63 1216.71 2250.36
 68812.5 22128.8 2984.6 712.116 562.767
 40859.8 9792.48 1914.93 247.892 105.648
 252133 8957.69 1637.02 313.042 57.7238
 50328.9 65326.2 1931.59 347.693 78.6834
 16843.8 8361.76 7157.47 204.492 45.0545
 26703.6 5134.86 2310.16 1961.45 68.3559
 35392.6 4439.06 563.075 244.782 214.676
 52018.2 3144.81 187.418 22.3582 18.1818
 105995 14702.8 774.266 45.621 9.86192
 84862.5 16685.6 1483.81 75.3261 5.38695
 67438.6 13844.2 1778.02 152.657 8.2881
 47865.8 6227.58 619.845 74.9931 6.76636
 265526 5507.99 389.886 36.9062 4.85476
 33602.9 46149.1 646.39 44.2969 4.7363
 462554 6386.07 6205.65 84.4752 6.39808
 234741 108573 1184.63 1129.04 16.5158
 202862 45216 14902.3 158.117 152.669
 240339 38440.2 6053.08 1938.62 40.3655
 393729 50472.5 6018.64 925.066 302.042
 47040.4 75966.2 6945.18 805.417 163.961
 185155 10968.1 13949.4 1250.45 174.344
 149535 46552.7 2259.26 2826.52 288.441
 55554.6 37396.4 9511.42 453.969 625.344
 146343 14516.2 8168.68 2047.15 232.11
 179957 35859.5 2875.16 1589.78 443.164
 46856.7 49316 8422.6 666.776 471.13
 43136.2 13060.9 11887.1 2005.99 270.832
 139986 9922.8 2349.45 2095.38 400.9
 34723.5 31983.7 1766.59 409.764 434.882
pred_Ctot
 12371.6 5773.17 9879.24 1185.95 0.0297588
 21890.9 9665.71 2800.16 4635.38 555.478
 27136.8 6627.74 1649.9 458.637 848.313
 28749.8 11953.9 1636.84 390.858 308.899
 10881.1 3596.12 717.401 92.968 39.6236
 48489.4 2446.36 457.133 87.5198 16.1393
 18586 31862.8 957.984 172.593 39.0599
 1852.33 1347.14 1182.01 33.8151 7.4508
 9856.48 2503.47 1145.26 973.255 33.9192
 18926.4 2908.25 373.116 162.299 142.343
 7783.38 679.221 41.4437 4.95026 4.02583
 41004.2 7455.11 398.977 23.5285 5.08639
 31850.1 8249.58 745.815 37.8948 2.71017
 35516.2 8966.92 1165.09 100.094 5.43449
 22767.7 3730.9 376.302 45.5596 4.11083
 94006.7 2592.53 186.693 17.6883 2.32689
 10826 20035.6 285.782 19.6035 2.09615
 109746 2113.96 2097.54 28.5848 2.16511
 74454.2 46502.8 516.789 493.016 7.2123
 65576.4 19687.4 6607.47 70.1748 67.7604
 68205.9 14936.5 2398.11 768.833 16.0094
 124638 21581.3 2621.2 403.272 131.679
 11297.7 25425.5 2373.31 275.532 56.0942
 38210.5 3196.74 4155.38 372.927 51.9987
 31227.6 13716.9 680.33 852.135 86.9641
 10460.6 10015 2604.85 124.475 171.475
 31922.6 4451.5 2559.32 642.123 72.8094
 29718.4 8497.82 697.252 386.01 107.61
 7340.6 11122.3 1944.42 154.122 108.906
 10612 4467.29 4150.41 701.164 94.6709
 34845.8 3430.12 828.984 740.143 141.616
 4840.81 6460.98 365.484 84.8827 90.092
F
 0.238099 0.3628 0.373084 0.373642 0.373671
 0.519073 0.790931 0.813351 0.814566 0.81463
 0.521361 0.794417 0.816936 0.818157 0.818221
 0.949771 1.4472 1.48823 1.49045 1.49057
 0.517634 0.788738 0.811096 0.812308 0.812372
 0.350565 0.53417 0.549311 0.550132 0.550175
 0.794911 1.21124 1.24557 1.24743 1.24753
 0.187929 0.286354 0.294471 0.294911 0.294935
 0.794358 1.21039 1.2447 1.24656 1.24666
 1.42075 2.16485 2.22622 2.22955 2.22972
 0.263557 0.401592 0.412976 0.413593 0.413626
 0.84885 1.29342 1.33009 1.33208 1.33218
 0.813163 1.23905 1.27417 1.27607 1.27617
 1.38223 2.10616 2.16586 2.16909 2.16926
 1.1622 1.77089 1.82109 1.82381 1.82395
 0.749835 1.14255 1.17494 1.17669 1.17679
 0.660492 1.00642 1.03495 1.03649 1.03657
 0.449346 0.684685 0.704094 0.705146 0.705201
 0.647031 0.985906 1.01385 1.01537 1.01545
 0.663423 1.01088 1.03954 1.04109 1.04117
 0.560623 0.854243 0.878458 0.87977 0.879839
 0.645374 0.98338 1.01126 1.01277 1.01285
 0.456018 0.694851 0.714548 0.715616 0.715672
 0.380612 0.579953 0.596392 0.597284 0.597331
 0.385953 0.588091 0.604761 0.605665 0.605713
 0.342097 0.521267 0.536043 0.536844 0.536886
 0.406343 0.61916 0.636711 0.637663 0.637713
 0.294467 0.448691 0.46141 0.4621 0.462136
 0.277473 0.422796 0.434781 0.43543 0.435464
 0.469528 0.715438 0.735718 0.736817 0.736875
 0.476318 0.725784 0.746357 0.747472 0.747531
 0.243617 0.371209 0.381732 0.382302 0.382332
YTP_r0W_actual
 41631 160232 10197 3166.12 3594.67
YTP_p0W_proyectada
 74033.8 29648.4 33981.3 2419.87 789.886
 74033.8 75483.6 11380.4 11918.7 930.066
CTP_r0_actual
 4840.81 6460.98 365.484 84.8827 90.092
CTP_p0_proyectada
 9818.81 1699.05 1411.77 77.2628 22.4081
 9818.81 4325.71 472.806 380.545 26.3849
Wmedp
 7.54 17.45 24.07 31.32 35.25
Frms_r0
 0.243617 0.371209 0.381732 0.382302 0.382332
Zrms_r0
 1.24362 1.37121 1.38173 1.3823 1.38233
nmprior
 7.27 8.72 9 0
nm_flota  nm_reclas  nm_pelaces    nm_pelaL
inf 18.6553 10.9074 28.3668
cv_recla  cv_pelaces  cv_mph
0.32452 0.436234 0.891195
 ------------------------------------------------
Talla a la edad & desviaci?n 
 8 13.2811 15.8009 17.003 17.5766
 0.8 1.32811 1.58009 1.7003 1.75766
