years
 1991 1992 1993 1994 1995 1996 1997 1998 1999 2000 2001 2002 2003 2004 2005 2006 2007 2008 2009 2010 2011 2012 2013 2014 2015 2016 2017 2018 2019 2020 2021 2022
reclasobs
 0 0 0 0 0 0 0 0 0 252601 567819 844713 477998 351125 339783 2.1784e+06 2.13404e+06 4.81314e+06 1.55562e+06 2.62356e+06 3.21686e+06 3.843e+06 1.13348e+06 3.07943e+06 1.97215e+06 2.03268e+06 2.025e+06 2.42433e+06 2.27542e+06 1.05018e+06 2.36338e+06 3.18982e+06
reclaspred
 3.42173e+06 1.94425e+06 986873 973653 967666 1.44321e+06 968154 882767 650256 483881 511002 631923 623998 509305 526850 1.27397e+06 1.29765e+06 2.74252e+06 2.27786e+06 1.71012e+06 3.0221e+06 2.46886e+06 2.02161e+06 3.0524e+06 2.30432e+06 2.05657e+06 2.39216e+06 2.55211e+06 2.16893e+06 1.54387e+06 2.05016e+06 2.28448e+06
pelacesobs
 0 0 0 0 0 0 0 0 0 0 0 0 0 0 0 552880 188675 0 991730 2.46772e+06 1.41603e+06 1.21717e+06 2.29649e+06 1.80582e+06 0 1.4828e+06 1.56532e+06 1.57751e+06 1.42118e+06 867257 1.10002e+06 1.06204e+06
pelacespred
 1.89405e+06 1.20928e+06 622641 498985 505640 776899 501268 539810 394260 281098 301304 314017 338301 297251 312349 621337 630679 1.51536e+06 1.32114e+06 927284 1.54839e+06 1.399e+06 1.12832e+06 1.84797e+06 1.35798e+06 1.20272e+06 1.58592e+06 1.53352e+06 1.169e+06 961719 1.09874e+06 1.22794e+06
mphobs
 0 0 0 0 0 0 0 0 0 0 0 498337 0 5186 125008 0 168611 109162 213762 579715 649985 157893 87575 83554 210694 70296 0 107559 103333 445601 22526 0
mphpred
 389570 260556 132337 71861.4 78991.2 87220.5 111265 75216.2 66437.8 47646.4 32074.2 45028.9 48324.6 41694.6 30516.9 38552 112350 112343 205986 159441 170402 208746 200278 169188 229707 189724 157996 165244 231138 165624 115856 194213
desembarqueobs
 494567 514787 250237 358949 120608 361735 552515 73892 212993 205616 52469 317467 293654 387597 252695 516296 358380 742168 942051 627588 828172 859565 418607 520667 417249 300574 415391 372974 316634 284311 391294 218835
desembarquepred
 494572 513345 250976 358970 120612 361748 552564 73895.1 213032 205653 52471 317530 293708 387656 252700 516279 358400 742096 941913 627497 828234 859604 418620 520689 417253 300577 415394 372966 316633 284314 391279 218837
Reclutas
 235244 135371 138038 242932 195866 313640 135497 66526.1 59837 76600.7 141154 175658 146209 105118 110271 571742 134706 870015 501967 381025 581553 786917 173106 500113 420684 195556 422661 487969 160217 149788 409181 183947
log_desv_Rt
 0.0460554 -0.50655 -0.487042 0.0782107 -0.13714 0.333678 -0.505623 -1.21698 -1.32294 -1.07596 -0.464718 -0.246028 -0.429535 -0.759482 -0.711628 0.934118 -0.511476 1.35394 0.803965 0.528296 0.951133 1.25355 -0.260667 0.800265 0.627312 -0.138722 0.632 0.775683 -0.338038 -0.405351 0.599587 -0.199919
SSB
 4.63124e+06 3.09751e+06 1.57323e+06 854294 939053 1.03688e+06 1.32272e+06 894177 789818 566425 381300 535307 574487 495669 362787 458310 1.33563e+06 1.33554e+06 2.44878e+06 1.89544e+06 2.02575e+06 2.48159e+06 2.38092e+06 2.01133e+06 2.73078e+06 2.25546e+06 1.87827e+06 1.96444e+06 2.74779e+06 1.96895e+06 1.37731e+06 2.30882e+06
BT
 6.0808e+06 4.12639e+06 2.11582e+06 1.79621e+06 1.60645e+06 2.63074e+06 1.99747e+06 1.67742e+06 1.39039e+06 1.03973e+06 946695 1.20746e+06 1.2791e+06 1.29281e+06 1.18785e+06 2.27872e+06 2.16567e+06 5.18308e+06 4.85994e+06 3.34175e+06 5.29882e+06 4.9912e+06 3.73785e+06 6.00654e+06 4.44486e+06 3.86141e+06 5.16345e+06 4.92969e+06 3.75399e+06 3.14956e+06 3.61543e+06 3.84063e+06
Ftot
 0.0929222 0.16771 0.162896 0.248134 0.0833408 0.17186 0.36347 0.0557672 0.216703 0.278795 0.0721684 0.336347 0.313883 0.504369 0.332949 0.291284 0.180777 0.19143 0.274432 0.244287 0.186414 0.235309 0.134925 0.119103 0.120427 0.0967096 0.120537 0.102627 0.0938381 0.120822 0.134188 0.0631617
BD_Bspro_t
 0.985242 0.889857 0.768667 0.6956 0.6875 0.745834 0.731109 0.599768 0.653441 0.622331 0.595016 0.748228 0.644059 0.562854 0.470886 0.529395 0.672409 0.660375 0.730537 0.648614 0.62223 0.666033 0.682678 0.681443 0.767301 0.774578 0.782336 0.807791 0.843204 0.799101 0.764926 0.820841
BD_Bspro
 2.86392 1.91548 0.972876 0.52829 0.580704 0.641202 0.817962 0.552953 0.488418 0.350273 0.235793 0.33103 0.355259 0.306518 0.224345 0.283415 0.825945 0.825887 1.51431 1.17213 1.25271 1.5346 1.47235 1.24379 1.68869 1.39476 1.16151 1.2148 1.69921 1.21759 0.851717 1.42776
BD_Bo
 1.39926 0.935868 0.47533 0.258113 0.283722 0.31328 0.399642 0.270163 0.238632 0.171137 0.115204 0.161735 0.173573 0.149759 0.109611 0.138472 0.403542 0.403514 0.739865 0.572681 0.612052 0.749778 0.719362 0.607694 0.825066 0.681454 0.567492 0.593527 0.830205 0.594891 0.416134 0.697576
BD_Brms
 2.54411 1.70158 0.864236 0.469296 0.515857 0.5696 0.726622 0.491205 0.433877 0.311158 0.209463 0.294064 0.315587 0.27229 0.199293 0.251767 0.733713 0.733661 1.34521 1.04124 1.11282 1.36323 1.30793 1.1049 1.50012 1.23901 1.0318 1.07914 1.50946 1.08162 0.756607 1.26832
Sel_flota
 0.8204 1 1 1 1
 0.8204 1 1 1 1
 0.8204 1 1 1 1
 0.8204 1 1 1 1
 0.8204 1 1 1 1
 0.8204 1 1 1 1
 0.8204 1 1 1 1
 0.8204 1 1 1 1
 0.8204 1 1 1 1
 0.8204 1 1 1 1
 0.8204 1 1 1 1
 0.8204 1 1 1 1
 0.8204 1 1 1 1
 0.8204 1 1 1 1
 0.8204 1 1 1 1
 0.8204 1 1 1 1
 0.8204 1 1 1 1
 0.8204 1 1 1 1
 0.8204 1 1 1 1
 0.8204 1 1 1 1
 0.8204 1 1 1 1
 0.8204 1 1 1 1
 0.8204 1 1 1 1
 0.8204 1 1 1 1
 0.8204 1 1 1 1
 0.8204 1 1 1 1
 0.8204 1 1 1 1
 0.8204 1 1 1 1
 0.8204 1 1 1 1
 0.8204 1 1 1 1
 0.8204 1 1 1 1
 0.8204 1 1 1 1
Sel_reclas
 1 1 1 1 1
 1 1 1 1 1
 1 1 1 1 1
 1 1 1 1 1
 1 1 1 1 1
 1 1 1 1 1
 1 1 1 1 1
 1 1 1 1 1
 1 1 1 1 1
 1 1 1 1 1
 1 1 1 1 1
 1 1 1 1 1
 1 1 1 1 1
 1 1 1 1 1
 1 1 1 1 1
 1 1 1 1 1
 1 1 1 1 1
 1 1 1 1 1
 1 1 1 1 1
 1 1 1 1 1
 1 1 1 1 1
 1 1 1 1 1
 1 1 1 1 1
 1 1 1 1 1
 1 1 1 1 1
 1 1 1 1 1
 1 1 1 1 1
 1 1 1 1 1
 1 1 1 1 1
 1 1 1 1 1
 1 1 1 1 1
 1 1 1 1 1
Sel_pelaces
 1 1 1 1 1
 1 1 1 1 1
 1 1 1 1 1
 1 1 1 1 1
 1 1 1 1 1
 1 1 1 1 1
 1 1 1 1 1
 1 1 1 1 1
 1 1 1 1 1
 1 1 1 1 1
 1 1 1 1 1
 1 1 1 1 1
 1 1 1 1 1
 1 1 1 1 1
 1 1 1 1 1
 1 1 1 1 1
 1 1 1 1 1
 1 1 1 1 1
 1 1 1 1 1
 1 1 1 1 1
 1 1 1 1 1
 1 1 1 1 1
 1 1 1 1 1
 1 1 1 1 1
 1 1 1 1 1
 1 1 1 1 1
 1 1 1 1 1
 1 1 1 1 1
 1 1 1 1 1
 1 1 1 1 1
 1 1 1 1 1
 1 1 1 1 1
pf_obs 
 0.8446 0.082 0.0669 0.0065 0
 0.8095 0.147 0.0364 0.0071 0
 0.9664 0.0169 0.016 0.0007 0
 0.9276 0.0648 0.0075 0.0001 0
 0.7033 0.2144 0.0806 0.0017 0
 0.9318 0.0425 0.0243 0.0014 0
 0.5671 0.3108 0.0964 0.0239 0.0018
 0.0768 0.2599 0.5324 0.112 0.0189
 0.490249 0.384438 0.106611 0.0170017 0.00170017
 0.7925 0.1577 0.0466 0.003 0.0002
 0.840416 0.127587 0.0312969 0.00059994 9.999e-05
 0.8084 0.0986 0.0794 0.0134 0.0002
 0.7335 0.1905 0.0724 0.0035 0.0001
 0.4001 0.4547 0.1325 0.0127 0
 0.49795 0.308269 0.164784 0.0264974 0.00249975
 0.9179 0.0499 0.0305 0.0017 0
 0.2467 0.6533 0.0926 0.0074 0
 0.9418 0.0223 0.034 0.0019 0
 0.707729 0.231977 0.0356964 0.0245975 0
 0.517169 0.277429 0.184464 0.0207286 0.00020938
 0.811772 0.124168 0.05621 0.00726502 0.000585176
 0.764997 0.148141 0.077277 0.00933861 0.000247198
 0.163321 0.427699 0.378323 0.0303852 0.000271297
 0.753843 0.0900009 0.118128 0.0371064 0.000921714
 0.721811 0.176058 0.0630433 0.0369309 0.00215725
 0.143369 0.312575 0.442814 0.0836902 0.0175525
 0.692698 0.0596174 0.167031 0.0765114 0.00414204
 0.394062 0.376323 0.152708 0.0712218 0.00568511
 0.125707 0.32114 0.495352 0.0537591 0.00404204
 0.23352 0.215282 0.420074 0.123614 0.00750983
 0.796117 0.104755 0.0508955 0.0450114 0.00322123
 0.162477 0.292055 0.404252 0.121198 0.0200186
pf_pred 
 0.407612 0.112241 0.455574 0.0245723 7.67648e-07
 0.39133 0.279124 0.06244 0.253436 0.01367
 0.539561 0.20433 0.117447 0.0262728 0.11239
 0.730114 0.159881 0.048817 0.0280596 0.0331283
 0.631279 0.284669 0.0497927 0.0152034 0.0190561
 0.724142 0.187024 0.0685835 0.0119962 0.00825391
 0.465484 0.409012 0.0850881 0.0312026 0.00921297
 0.43741 0.295258 0.204563 0.0425559 0.0202134
 0.510031 0.239125 0.131648 0.0912095 0.0279873
 0.662789 0.190513 0.0715945 0.0394157 0.0356878
 0.787063 0.151556 0.0346784 0.0130321 0.0136708
 0.711908 0.236088 0.0370133 0.00846923 0.00652144
 0.654549 0.261693 0.0686393 0.0107611 0.00435833
 0.602206 0.280437 0.0889028 0.0233183 0.0051364
 0.70548 0.194731 0.0703493 0.0223018 0.00713804
 0.921021 0.0593686 0.012966 0.00468413 0.00196022
 0.387608 0.573312 0.0293771 0.00641591 0.0032878
 0.881768 0.0520531 0.0619558 0.00317469 0.00104865
 0.580882 0.378342 0.0179518 0.021367 0.00145652
 0.57812 0.267922 0.13898 0.00659444 0.00838402
 0.726993 0.172446 0.0638626 0.0331278 0.00357031
 0.733107 0.204986 0.0391036 0.0144814 0.00832162
 0.317601 0.528496 0.118205 0.022549 0.0131493
 0.72618 0.100021 0.134602 0.0301053 0.00909192
 0.615169 0.294785 0.0328921 0.044264 0.0128901
 0.433402 0.376051 0.145961 0.0162863 0.0282995
 0.718589 0.1365 0.0961774 0.0373304 0.0114031
 0.684962 0.239173 0.0367992 0.0259285 0.013138
 0.368713 0.459701 0.130265 0.0200427 0.0212776
 0.487247 0.214472 0.217207 0.06155 0.0195237
 0.785748 0.115665 0.0412366 0.0417624 0.015588
 0.479516 0.426439 0.0507702 0.0181005 0.0251735
pobs_RECLAS
 0 0 0 0 0
 0 0 0 0 0
 0 0 0 0 0
 0 0 0 0 0
 0 0 0 0 0
 0 0 0 0 0
 0 0 0 0 0
 0 0 0 0 0
 0 0 0 0 0
 0 0 0 0 0
 0.991045 0.00858322 0.000360255 1.14367e-05 0
 0.934742 0.0480273 0.0164251 0.00080598 0
 0.827803 0.169806 0.00239088 0 0
 0.941827 0.0461693 0.0120037 0 0
 0.791401 0.0380133 0.147996 0.0225897 0
 0.846168 0.0940531 0.0597789 0 0
 0.134021 0.677848 0.182769 0.00536245 0
 0.80878 0.0450904 0.141981 0.00414843 0
 0.846168 0.0940531 0.0597789 0 0
 0.905697 0.0802665 0.012482 0.00150086 5.37128e-05
 0.989698 0.0102097 9.19794e-05 0 0
 0.975433 0.0193895 0.00387452 0.00125025 5.28907e-05
 0.303575 0.632131 0.0575291 0.00676475 0
 0.966965 0.00978017 0.0227588 0.000495775 0
 0.843318 0.132988 0.00938335 0.0141283 0.000182051
 0.564624 0.303363 0.111486 0.0197234 0.00080311
 0.826376 0.0876187 0.0782897 0.00655872 0.00115652
 0.89761 0.0855135 0.0140674 0.00269457 0.000114338
 0.34875 0.467042 0.161289 0.0227151 0.000203297
 0.318654 0.224769 0.449479 0.00709798 0
 0.937255 0.0296025 0.0250945 0.00804832 0
 0.456809 0.399803 0.12412 0.0192676 0
ppred_RECLAS
 0.456509 0.102977 0.417969 0.022544 7.04284e-07
 0.440057 0.256779 0.0574414 0.233147 0.0125756
 0.588866 0.18245 0.10487 0.0234595 0.100355
 0.768099 0.137379 0.0419463 0.0241104 0.0284657
 0.676337 0.249882 0.043708 0.0133455 0.0167274
 0.762417 0.161075 0.0590676 0.0103318 0.0071087
 0.516673 0.369843 0.0769395 0.0282144 0.00833068
 0.486789 0.269343 0.186608 0.0388207 0.0184393
 0.560178 0.214651 0.118174 0.0818744 0.0251228
 0.706576 0.165775 0.0622979 0.0342976 0.0310537
 0.818528 0.129161 0.0295541 0.0111064 0.0116507
 0.751948 0.203276 0.0318691 0.00729216 0.00561508
 0.699083 0.227956 0.0597905 0.00937378 0.00379646
 0.650962 0.246065 0.0780064 0.0204603 0.00450685
 0.746079 0.167888 0.0606517 0.0192275 0.00615406
 0.934603 0.0491593 0.0107363 0.00387863 0.00162313
 0.436265 0.527759 0.027043 0.00590614 0.00302657
 0.901191 0.0435017 0.0517776 0.00265314 0.000876373
 0.629335 0.334604 0.0158765 0.0188969 0.00128814
 0.626536 0.237174 0.123031 0.00583764 0.00742184
 0.765051 0.148406 0.05496 0.0285097 0.0030726
 0.770755 0.176071 0.0335876 0.0124386 0.00714776
 0.362475 0.493742 0.110432 0.0210661 0.0122846
 0.764089 0.0861736 0.115967 0.0259375 0.0078332
 0.661283 0.259461 0.0289506 0.0389599 0.0113455
 0.482888 0.343208 0.133213 0.0148639 0.0258278
 0.757201 0.117771 0.0829808 0.0322082 0.00983844
 0.726369 0.207737 0.0319624 0.0225205 0.0114112
 0.416227 0.425102 0.120461 0.0185341 0.0196761
 0.537158 0.193595 0.196064 0.0555587 0.0176232
 0.817523 0.0985111 0.0351209 0.0355688 0.0132762
 0.529208 0.385726 0.0459231 0.0163724 0.0227702
pobs_PELACES
 0 0 0 0 0
 0 0 0 0 0
 0 0 0 0 0
 0 0 0 0 0
 0 0 0 0 0
 0 0 0 0 0
 0 0 0 0 0
 0 0 0 0 0
 0 0 0 0 0
 0 0 0 0 0
 0 0 0 0 0
 0 0 0 0 0
 0 0 0 0 0
 0 0 0 0 0
 0 0 0 0 0
 0 0 0 0 0
 0.505614 0.472636 0.0217494 0 0
 0 0 0 0 0
 0.443492 0.261883 0.143347 0.151278 0
 0.227955 0.32914 0.350689 0.0885471 0.00366901
 0.970185 0.0296113 0.000203453 0 0
 0.997202 0.00247181 0.000326279 0 0
 0.445219 0.490057 0.0546422 0.010081 0
 0.90214 0.0892962 0.00764917 0.000914606 0
 0 0 0 0 0
 0.581667 0.319106 0.0959925 0.00289975 0.000334073
 0.762889 0.0836404 0.116647 0.0363945 0.000428098
 0.88444 0.0763242 0.0277011 0.0115352 0
 0.521256 0.241999 0.230069 0.00667565 0
 0.616807 0.101726 0.260614 0.0208532 0
 0.833518 0.0704572 0.0857862 0.0102388 0
 0.697417 0.212968 0.0787535 0.0105354 0.000325836
ppred_PELACES
 0.457876 0.102718 0.416918 0.0224873 7.02513e-07
 0.442508 0.255655 0.05719 0.232127 0.0125206
 0.591201 0.181413 0.104275 0.0233262 0.0997849
 0.770708 0.135833 0.0414744 0.0238391 0.0281454
 0.677417 0.249048 0.0435621 0.013301 0.0166716
 0.764257 0.159827 0.0586102 0.0102518 0.00705364
 0.52205 0.365728 0.0760835 0.0279005 0.00823799
 0.487615 0.268909 0.186308 0.0387583 0.0184096
 0.56334 0.213108 0.117324 0.0812858 0.0249422
 0.70999 0.163846 0.0615731 0.0338985 0.0306924
 0.819162 0.128709 0.0294508 0.0110676 0.01161
 0.755647 0.200244 0.0313937 0.0071834 0.00553133
 0.702982 0.225002 0.0590158 0.00925233 0.00374727
 0.657723 0.241299 0.0764953 0.020064 0.00441955
 0.749799 0.165428 0.059763 0.0189458 0.00606389
 0.93565 0.0483721 0.0105644 0.00381652 0.00159714
 0.438902 0.525291 0.0269165 0.00587851 0.00301242
 0.902197 0.043059 0.0512506 0.00262614 0.000867453
 0.633121 0.331186 0.0157143 0.0187039 0.00127498
 0.629917 0.235027 0.121917 0.00578478 0.00735464
 0.767032 0.147156 0.0544968 0.0282694 0.0030467
 0.77321 0.174185 0.0332279 0.0123054 0.00707122
 0.364325 0.492309 0.110111 0.021005 0.012249
 0.765359 0.0857097 0.115343 0.0257978 0.00779103
 0.662879 0.258238 0.0288142 0.0387762 0.011292
 0.484319 0.342258 0.132844 0.0148227 0.0257563
 0.758512 0.117135 0.0825328 0.0320343 0.00978532
 0.727576 0.20682 0.0318214 0.0224212 0.0113609
 0.417579 0.424117 0.120182 0.0184912 0.0196306
 0.538938 0.192851 0.19531 0.055345 0.0175555
 0.818706 0.0978722 0.0348931 0.0353381 0.0131901
 0.530141 0.384962 0.0458321 0.01634 0.0227251
pobs_pel_tallas
 0 0 0 0 0 0 0 0 0 0 0 0 0 0 0 0 0 0 0 0 0 0 0 0 0 0
 0 0 0 0 0 0 0 0 0 0 0 0 0 0 0 0 0 0 0 0 0 0 0 0 0 0
 0 0 0 0 0 0 0 0 0 0 0 0 0 0 0 0 0 0 0 0 0 0 0 0 0 0
 0 0 0 0 0 0 0 0 0 0 0 0 0 0 0 0 0 0 0 0 0 0 0 0 0 0
 0 0 0 0 0 0 0 0 0 0 0 0 0 0 0 0 0 0 0 0 0 0 0 0 0 0
 0 0 0 0 0 0 0 0 0 0 0 0 0 0 0 0 0 0 0 0 0 0 0 0 0 0
 0 0 0 0 0 0 0 0 0 0 0 0 0 0 0 0 0 0 0 0 0 0 0 0 0 0
 0 0 0 0 0 0 0 0 0 0 0 0 0 0 0 0 0 0 0 0 0 0 0 0 0 0
 0 0 0 0 0 0 0 0 0 0 0 0 0 0 0 0 0 0 0 0 0 0 0 0 0 0
 0 0 0 0 0 0 0 0 0 0 0 0 0 0 0 0 0 0 0 0 0 0 0 0 0 0
 0 0 0 0 0 0 0 0 0 0 0 0 0 0 0 0 0 0 0 0 0 0 0 0 0 0
 0 0 0 0 0 0 0 0 0 0 0 0 0 0 0 0 0 0 0 0 0 0 0 0 0 0
 0.00862536 0 0 0.000197151 0.00414017 0.0128641 0.00837892 0.0270097 0.101434 0.158115 0.152841 0.127902 0.109271 0.109419 0.0830992 0.0579132 0.0238553 0.00714673 0.00463305 0.00128148 0.00103504 0.000492878 0.000147863 0.000147863 4.92878e-05 0
 0 0 0 0 0 0 0 0 0 0 0 0 0 0 0 0 0 0 0 0 0 0 0 0 0 0
 0 0 0 0 0 0 0 0.0054083 0.00873648 0.0413646 0.0450493 0.0745869 0.0622846 0.0627006 0.0613931 0.0827291 0.12552 0.122667 0.0946155 0.0697135 0.0546179 0.0294188 0.0215738 0.0213955 0.0102223 0.00600262
 0 0 0 0 0.00359764 0.0251062 0.0480494 0.140153 0.205849 0.193036 0.1447 0.116669 0.0760912 0.0342217 0.00950174 0.001854 0.000860785 0 0 0 0.000165536 0 0.000143464 0 0 0
 0 0 0 0 0 0 0 0.000145254 0.000435761 0.0275982 0.070085 0.0708112 0.156366 0.174668 0.174014 0.160142 0.0824315 0.0480064 0.0283245 0.00493863 0.00203355 0 0 0 0 0
 0 0 0 0 0 0 0 0 0 0 0 0 0 0 0 0 0 0 0 0 0 0 0 0 0 0
 0 0 1.00437e-05 0.000401748 0.00122533 0.00171747 0.00176769 0.0269171 0.070346 0.194647 0.189555 0.159765 0.064822 0.0314167 0.0384472 0.0292271 0.0345202 0.0313363 0.0194345 0.0106764 0.0143323 0.0359363 0.0279516 0.0138201 0.00172751 0
 0 0.0021121 0.0136068 0.0755702 0.200478 0.177729 0.0527432 0.0373336 0.0318909 0.0142505 0.0149659 0.0166563 0.0217959 0.0798694 0.0677717 0.0528807 0.04013 0.0224614 0.0357745 0.0225083 0.00881397 0.00855152 0.00135912 0.000746735 0 0
 0 0 0 0 5.4009e-05 0.00500934 0.000945158 0.0243581 0.138947 0.33067 0.221406 0.137944 0.0707744 0.0437923 0.0131692 0.00525238 0.0047753 0.00276346 9.45158e-05 9.00151e-06 2.25038e-05 9.00151e-06 4.50075e-06 0 0 0
 0.000866109 0.00284123 0.00948549 0.0512746 0.133035 0.25785 0.225252 0.132002 0.0553304 0.0519788 0.0540692 0.017754 0.00435017 0.00159236 0.00146478 0.000404838 0.000125132 0.000115318 0.000107957 0.000100596 0 0 0 0 0 0
 0 0 0 0 0.00144013 0.00171154 0.00461396 0.0210425 0.0478622 0.0707936 0.0888783 0.103762 0.0637923 0.0337046 0.0602308 0.124433 0.169614 0.0934646 0.0462172 0.0250306 0.0313229 0.00938855 0.002487 0.000210481 0 0
 0 0.00764035 0.051015 0.0998891 0.058973 0.0496711 0.0374665 0.0718981 0.12319 0.153886 0.159021 0.0857701 0.0377988 0.023471 0.0147837 0.00900784 0.00315554 0.000888139 0.00291439 0.00214683 0.00393193 0.00274676 0.000635225 9.99891e-05 0 0
 0 0 0 0 0 0 0 0 0 0 0 0 0 0 0 0 0 0 0 0 0 0 0 0 0 0
 0 0 0 0 0 0 0 0 0 0 0 0 0 0 0 0 0 0 0 0 0 0 0 0 0 0
 0 0 0 0 0 0 0 0 0 0 0 0 0 0 0 0 0 0 0 0 0 0 0 0 0 0
 0 0 0 0 0 0 0 0 0 0 0 0 0 0 0 0 0 0 0 0 0 0 0 0 0 0
 0 0 0 0 0 0 0 0 0 0 0 0 0 0 0 0 0 0 0 0 0 0 0 0 0 0
 0 0 0 0 0 0 0 0 0 0 0 0 0 0 0 0 0 0 0 0 0 0 0 0 0 0
 0 0 0 0 0 0 0 0 0 0 0 0 0 0 0 0 0 0 0 0 0 0 0 0 0 0
 0 0 0 0 0 0 0 0 0 0 0 0 0 0 0 0 0 0 0 0 0 0 0 0 0 0
ppred_pel_tallas
 1.14313e-16 3.77147e-05 0.0003666 0.00243619 0.0110746 0.0344571 0.0734149 0.107153 0.107164 0.0734666 0.0346326 0.0115895 0.0037589 0.00335346 0.00600083 0.0106167 0.017045 0.0250781 0.0343894 0.0446069 0.0551428 0.0648418 0.0718857 0.0743127 0.0709644 0.0622101
 1.27114e-16 3.64488e-05 0.000354296 0.00235442 0.0107029 0.0333007 0.0709516 0.103561 0.103586 0.0710726 0.0337074 0.0118793 0.00531431 0.00683951 0.0124271 0.0206942 0.0303318 0.0393438 0.0458307 0.0491955 0.0506003 0.0521372 0.0553014 0.0599314 0.0643169 0.0662291
 1.22282e-16 4.86965e-05 0.000473347 0.00314556 0.0142993 0.0444904 0.0947922 0.138356 0.138373 0.0948784 0.0447804 0.0151388 0.00526038 0.00511555 0.00894164 0.0149109 0.0219721 0.0287149 0.0337728 0.0366344 0.0379691 0.0390987 0.041021 0.043749 0.0463797 0.0476837
 1.08386e-16 6.34822e-05 0.00061707 0.00410065 0.018641 0.057999 0.123573 0.180362 0.180375 0.123638 0.0582148 0.0192648 0.00566914 0.00404946 0.00660744 0.0108913 0.0158497 0.0202984 0.0230924 0.0237539 0.0227643 0.0212124 0.0200726 0.0196767 0.019698 0.0195157
 1.05477e-16 5.5798e-05 0.000542377 0.00360428 0.0163846 0.0509786 0.108616 0.158534 0.158558 0.108734 0.0513728 0.0175234 0.0064638 0.00678788 0.0119267 0.0196549 0.0283716 0.0358181 0.039736 0.0391029 0.0347415 0.0287449 0.0231932 0.0191598 0.0165862 0.01481
 1.03955e-16 6.29509e-05 0.000611905 0.00406632 0.0184849 0.0575136 0.122539 0.178853 0.178868 0.122615 0.0577675 0.0192192 0.00591231 0.00465113 0.00776193 0.0128051 0.0186103 0.02376 0.0268455 0.0272081 0.0252973 0.0222958 0.0193317 0.0169167 0.0149429 0.0130594
 1.06482e-16 4.30007e-05 0.000417982 0.00277764 0.0126268 0.0392867 0.0837058 0.122178 0.122214 0.0838783 0.039866 0.0143004 0.00698105 0.0096015 0.0175063 0.028932 0.0418128 0.0528787 0.0588217 0.0581223 0.0519332 0.0432379 0.0349905 0.0287005 0.0242917 0.0208949
 1.12448e-16 4.01642e-05 0.000390411 0.00259442 0.0117939 0.0366952 0.078184 0.114117 0.114143 0.078312 0.0371255 0.0130399 0.00573388 0.00728316 0.0132463 0.0221383 0.0325977 0.0424858 0.0496159 0.0529469 0.0530807 0.0515791 0.0497066 0.0476724 0.0448598 0.0406172
 1.15814e-16 4.64016e-05 0.00045104 0.00299732 0.0136254 0.0423938 0.0903252 0.131837 0.131857 0.0904265 0.0427343 0.014611 0.00547977 0.00589864 0.0104772 0.0174737 0.0257094 0.0335007 0.0391807 0.0420527 0.0427735 0.042756 0.0430726 0.0437558 0.0439485 0.042616
 1.10413e-16 5.8481e-05 0.000568456 0.00377759 0.0171724 0.0534297 0.113838 0.166154 0.16617 0.113916 0.0536904 0.0179263 0.00567397 0.0047214 0.00798508 0.0132143 0.0192857 0.0248095 0.0284267 0.0295653 0.0287792 0.0273181 0.026268 0.0259434 0.025902 0.0254065
 1.03958e-16 6.74734e-05 0.000655865 0.00435845 0.0198129 0.0616454 0.131342 0.191701 0.191713 0.131403 0.0618494 0.0204024 0.00583929 0.00389235 0.00622559 0.0102161 0.0147844 0.0187534 0.0209768 0.0209422 0.0190727 0.0164211 0.0140056 0.0123082 0.0112293 0.0103816
 1.02614e-16 6.22417e-05 0.000605011 0.00402051 0.0182767 0.0568657 0.121159 0.176839 0.176858 0.121253 0.0571824 0.0191917 0.00631763 0.0056206 0.00959065 0.0157645 0.0227218 0.028613 0.0315962 0.0308238 0.0269402 0.0216321 0.0166051 0.0127872 0.0102182 0.00845469
 1.03323e-16 5.79038e-05 0.000562845 0.00374031 0.0170029 0.0529025 0.112715 0.164515 0.164537 0.112821 0.0532592 0.0180337 0.00632986 0.0062227 0.010827 0.0178597 0.0258433 0.0327509 0.0365465 0.0362764 0.0326047 0.0273027 0.0221274 0.0179837 0.0148609 0.0123159
 1.0503e-16 5.41758e-05 0.000526608 0.0034995 0.0159082 0.0494965 0.105458 0.153924 0.153948 0.105572 0.0498795 0.0170155 0.00628227 0.00661282 0.0116465 0.0192562 0.0279402 0.035569 0.0399984 0.0402291 0.0369598 0.032025 0.027196 0.0233089 0.0202384 0.0174544
 1.04694e-16 6.176e-05 0.000600329 0.0039894 0.0181352 0.0564256 0.120221 0.17547 0.175486 0.120299 0.0566885 0.0188954 0.00590045 0.00478234 0.00803417 0.0132634 0.0192868 0.0246481 0.0279013 0.0283795 0.0265608 0.0236718 0.0208652 0.0186335 0.0168128 0.0149875
 1.00971e-16 7.70683e-05 0.000749131 0.00497824 0.0226304 0.0704114 0.150019 0.218958 0.218963 0.150042 0.0704881 0.0228518 0.00553441 0.0019644 0.00238848 0.00383567 0.00553937 0.00701164 0.00781247 0.00774211 0.00695333 0.00583913 0.00478659 0.00399016 0.00343421 0.00299926
 1.02011e-16 3.61519e-05 0.000351409 0.00233524 0.0106157 0.0330296 0.070375 0.102725 0.102775 0.070622 0.0338587 0.0130092 0.00833955 0.0134463 0.0248687 0.0409587 0.058771 0.0734263 0.0799754 0.0761375 0.0636839 0.0472955 0.0318466 0.0202023 0.0127848 0.00853019
 1.01901e-16 7.43128e-05 0.000722347 0.00480025 0.0218212 0.067894 0.144655 0.21113 0.211134 0.144676 0.0679635 0.022023 0.00531013 0.00184654 0.00224182 0.00367293 0.00547959 0.00729685 0.00879173 0.00978661 0.0103164 0.0105195 0.0104661 0.0100908 0.00927875 0.00800845
 1.0263e-16 5.21494e-05 0.000506911 0.0033686 0.0153132 0.0476452 0.101514 0.14817 0.148202 0.10167 0.048168 0.0168225 0.00715512 0.00876586 0.0157169 0.0258478 0.0371081 0.0464146 0.0506704 0.0484675 0.0409488 0.0310716 0.021879 0.0151041 0.0109073 0.00851052
 1.05404e-16 5.18855e-05 0.000504346 0.00335155 0.0152357 0.047404 0.101 0.147417 0.14744 0.101112 0.0477785 0.0163192 0.00607778 0.00647737 0.011459 0.0190265 0.0277849 0.0357315 0.040827 0.0420793 0.0400427 0.0362701 0.0322088 0.0284627 0.0248687 0.0210691
 1.04961e-16 6.31794e-05 0.000614126 0.00408109 0.018552 0.0577223 0.122984 0.179502 0.179516 0.123054 0.0579563 0.0192286 0.00578246 0.00433842 0.00716648 0.0118276 0.017222 0.0220625 0.0250816 0.0257051 0.0243678 0.0221509 0.0200416 0.0184146 0.0170497 0.015516
 1.03435e-16 6.36883e-05 0.000619073 0.00411396 0.0187015 0.0581873 0.123975 0.180949 0.180965 0.124057 0.0584631 0.0194983 0.00611493 0.00499009 0.0083737 0.0137658 0.0198797 0.0251202 0.027908 0.0275242 0.0245311 0.0203706 0.0164718 0.013567 0.0116148 0.0101753
 1.07483e-16 3.00091e-05 0.000291699 0.00193845 0.00881192 0.0274174 0.0584175 0.085272 0.0853195 0.0586497 0.0281973 0.0110653 0.00759796 0.0126571 0.0235452 0.0389591 0.05631 0.0712116 0.0791952 0.0781834 0.0696858 0.0576808 0.0461363 0.037127 0.0306472 0.0256527
 1.07257e-16 6.30416e-05 0.000612787 0.00407219 0.0185116 0.0575964 0.122716 0.179109 0.179117 0.122757 0.0577355 0.0189154 0.00509412 0.002871 0.00443215 0.00743806 0.0112023 0.0151238 0.018613 0.0213748 0.0234965 0.0251986 0.0264805 0.0270017 0.0263045 0.0241641
 1.06698e-16 5.46006e-05 0.000530737 0.00352693 0.0160329 0.0498846 0.106285 0.155132 0.155157 0.106407 0.050293 0.0172125 0.00648814 0.00699608 0.0123372 0.0203215 0.0293037 0.0369414 0.0409054 0.0401738 0.035664 0.0296192 0.0242408 0.0206182 0.0185838 0.0172909
 1.09767e-16 3.98928e-05 0.000387772 0.00257688 0.0117142 0.0364473 0.077656 0.113348 0.113381 0.0778179 0.0369914 0.0132874 0.00653244 0.00904474 0.0165456 0.0274592 0.0399486 0.0510692 0.0578252 0.0588162 0.0550024 0.0488984 0.0428898 0.0380355 0.0340704 0.0302141
 1.07281e-16 6.24777e-05 0.000607305 0.00403576 0.018346 0.0570812 0.121618 0.177507 0.177519 0.121674 0.0572688 0.0188893 0.00540528 0.00361576 0.00583158 0.00968839 0.0142967 0.0187132 0.0220161 0.0237877 0.0243162 0.0242794 0.0241801 0.0240125 0.0233786 0.0218696
 1.05143e-16 5.99296e-05 0.000582537 0.00387116 0.0175977 0.0547532 0.116658 0.17027 0.17029 0.116756 0.0550805 0.0185433 0.00624519 0.00576743 0.00991434 0.0163162 0.0235505 0.0297352 0.0330046 0.0325277 0.0290105 0.0242091 0.0198509 0.0167976 0.0149423 0.0136654
 1.08754e-16 3.43955e-05 0.000334336 0.00222179 0.0100999 0.0314249 0.0669555 0.0977322 0.0977731 0.0671558 0.0320976 0.0120442 0.00710693 0.0110144 0.0203643 0.0337335 0.0488764 0.0620632 0.0694967 0.0694108 0.0630695 0.0537895 0.0448206 0.037772 0.0325105 0.0280981
 1.14207e-16 4.43917e-05 0.000431503 0.00286749 0.0130352 0.0405574 0.0864126 0.126126 0.126145 0.0865049 0.0408683 0.0139366 0.00514376 0.00544626 0.00970284 0.0163239 0.0243419 0.032363 0.0389672 0.0434804 0.0462454 0.0480816 0.0494182 0.0498792 0.0486242 0.0450533
 1.06809e-16 6.74358e-05 0.0006555 0.00435603 0.0198019 0.061611 0.131269 0.191593 0.191603 0.131316 0.0617668 0.0202524 0.00548927 0.00313772 0.00480684 0.00790822 0.0115519 0.0148928 0.0171339 0.0179533 0.0176985 0.0171168 0.0168313 0.0169733 0.0172033 0.0170115
 1.06906e-16 4.36671e-05 0.000424459 0.00282068 0.0128224 0.0398956 0.0850031 0.124072 0.124109 0.0851844 0.0405042 0.0145802 0.00723251 0.0100547 0.0183311 0.0302318 0.0435399 0.0547506 0.0603309 0.0586833 0.0511153 0.0409647 0.0315996 0.0248376 0.0206962 0.0181716
pSPR Fmed_Fpbrs
0.537761   0.6 0.325
Fs Fmed_Fpbrs
0.341307   0.275805 0.671903
SSBpbr Bo_Bmed_Bpbrs
3.30977e+06  1.61438e+06  1.82037e+06 910187
Ro
224656
SPR SPRFo_SPRFmed_SPRFpbrs
1.61709e+06 869610 525556
Fref
0.275805
Nvult_r0
 119694 88269.6 10509 3746.66 5210.73
CTP_r0
 5896.74 5244.04 624.335 222.586 309.566
YTP_r0
218837
Np
 276935 81248.6 17939.9 13002 1980.17
Nvult_p0
 195687 58563.5 12931 9371.75 1427.29
CTP_p0
 36108 10012.1 7256.28 863.905 414.368
 36108 12660.3 2795.43 2026 308.554
YTP_p0
 663288 634794
CBA_c0
352172
log_Ro
12.1423
likeval ReclasPelacesDesembMPH_pf_preclas_ppelaces_ptallas_desvR_qrecl_qpela
 16.5089 17.5436 0.0840897 0.00112426 230.669 129.714 111.726 0 22.2085 8.8024e-06 3.39523e-06 0.426049 7.93864e-16 0 0
q_reclas_q_pelaces
0.657322 0.770601
M
1
N
 235244 53509.7 217189 11714.5 0.365966
 135371 80189.4 17938.3 72809.4 3927.24
 138038 43398.7 24945.2 5580.23 23871.1
 242932 44428.7 13565.6 7797.36 9205.9
 195866 72908.9 12752.8 3893.86 4880.61
 313640 67293 24677 4316.36 2969.83
 135497 100209 20846.7 7644.68 2257.19
 66526.1 36994 25630.5 5332 2532.62
 59837 23379.1 12871.1 8917.5 2736.3
 76600.7 18427.5 6925.01 3812.5 3451.92
 141154 22418.4 5129.7 1927.73 2022.21
 175658 48942.4 7673.05 1755.72 1351.93
 146209 49038.3 12862.3 2016.51 816.703
 105118 41576.1 13180.3 3457.05 761.495
 110271 25567 9236.43 2928.09 937.18
 571742 30870.1 6741.98 2435.63 1019.27
 134706 165624 8486.74 1853.49 949.811
 870015 42725 50853.1 2605.77 860.725
 501967 273544 12979.3 15448.5 1053.08
 381025 147435 76480 3628.87 4613.67
 581553 114715 42483 22037.4 2375.06
 786917 183601 35024.2 12970.7 7453.48
 173106 238668 53381.2 10183.1 5938.21
 500113 57009 76719.1 17159.2 5182.13
 420684 166855 18617.6 25054.4 7296.06
 195556 140202 54418 6071.95 10550.8
 422661 66453.8 46823 18173.9 5551.47
 487969 140848 21670.9 15269.2 7736.95
 160217 165018 46761.2 7194.68 7637.98
 149788 54573.4 55269.3 15661.7 4967.88
 409181 49903.8 17791.6 18018.5 6725.47
 183947 134837 16053.2 5723.25 7959.71
pred_Ctot
 10983.1 3024.34 12275.4 662.098 0.0206842
 11123.8 7934.32 1774.9 7204.11 388.58
 11035.2 4178.97 2402.03 537.334 2298.61
 28757.2 6297.29 1922.77 1105.19 1304.84
 8228.28 3710.46 649.013 198.165 248.383
 26374 6811.61 2497.88 436.916 300.616
 22625.8 19880.8 4135.87 1516.66 447.814
 1887.67 1274.21 882.806 183.653 87.2324
 6250.66 2930.58 1613.41 1117.81 342.997
 10085.9 2899.1 1089.48 599.801 543.072
 5154.39 992.52 227.105 85.3457 89.5286
 27383.3 9081.05 1423.7 325.766 250.845
 21426.4 8566.39 2246.88 352.259 142.668
 23283 10842.5 3437.24 901.553 198.588
 17035.3 4702.19 1698.73 538.524 172.363
 78331.2 5049.19 1102.73 398.377 166.713
 11879.7 17571.3 900.375 196.64 100.767
 80960.4 4779.31 5688.54 291.487 96.2826
 65152.1 42435.1 2013.49 2396.54 163.365
 44461.2 20604.9 10688.5 507.156 644.787
 52787.4 12521.4 4637.1 2405.43 259.242
 88712.3 24805.1 4731.87 1752.38 1006.99
 11570.3 19253.2 4306.23 821.464 479.032
 29664.7 4085.89 5498.52 1229.81 371.408
 25219.4 12085 1348.44 1814.65 528.442
 9490.1 8234.3 3196.07 356.616 619.666
 25360.2 4817.34 3394.27 1317.45 402.434
 25079.4 8757.14 1347.38 949.353 481.041
 7551.61 9415.13 2667.96 410.493 435.786
 9007.84 3964.99 4015.55 1137.89 360.938
 27206.6 4004.91 1427.82 1446.03 539.737
 5896.74 5244.04 624.335 222.586 309.566
F
 0.0762334 0.0929222 0.0929222 0.0929222 0.0929222
 0.137589 0.16771 0.16771 0.16771 0.16771
 0.13364 0.162896 0.162896 0.162896 0.162896
 0.203569 0.248134 0.248134 0.248134 0.248134
 0.0683728 0.0833408 0.0833408 0.0833408 0.0833408
 0.140994 0.17186 0.17186 0.17186 0.17186
 0.298191 0.36347 0.36347 0.36347 0.36347
 0.0457514 0.0557672 0.0557672 0.0557672 0.0557672
 0.177783 0.216703 0.216703 0.216703 0.216703
 0.228723 0.278795 0.278795 0.278795 0.278795
 0.0592069 0.0721684 0.0721684 0.0721684 0.0721684
 0.275939 0.336347 0.336347 0.336347 0.336347
 0.257509 0.313883 0.313883 0.313883 0.313883
 0.413785 0.504369 0.504369 0.504369 0.504369
 0.273152 0.332949 0.332949 0.332949 0.332949
 0.23897 0.291284 0.291284 0.291284 0.291284
 0.148309 0.180777 0.180777 0.180777 0.180777
 0.157049 0.19143 0.19143 0.19143 0.19143
 0.225144 0.274432 0.274432 0.274432 0.274432
 0.200413 0.244287 0.244287 0.244287 0.244287
 0.152934 0.186414 0.186414 0.186414 0.186414
 0.193048 0.235309 0.235309 0.235309 0.235309
 0.110692 0.134925 0.134925 0.134925 0.134925
 0.0977119 0.119103 0.119103 0.119103 0.119103
 0.098798 0.120427 0.120427 0.120427 0.120427
 0.0793405 0.0967096 0.0967096 0.0967096 0.0967096
 0.0988887 0.120537 0.120537 0.120537 0.120537
 0.0841954 0.102627 0.102627 0.102627 0.102627
 0.0769847 0.0938381 0.0938381 0.0938381 0.0938381
 0.0991222 0.120822 0.120822 0.120822 0.120822
 0.110087 0.134188 0.134188 0.134188 0.134188
 0.0518178 0.0631617 0.0631617 0.0631617 0.0631617
YTP_r0W_actual
 50712 130052 17418.9 8302.46 12351.7
YTP_p0W_proyectada
 272254 174711 174659 27057.5 14606.5
 272254 220923 67286.1 63454.3 10876.5
CTP_r0_actual
 5896.74 5244.04 624.335 222.586 309.566
CTP_p0_proyectada
 36108 10012.1 7256.28 863.905 414.368
 36108 12660.3 2795.43 2026 308.554
Wmedp
 7.54 17.45 24.07 31.32 35.25
Frms_r0
 0.0518178 0.0631617 0.0631617 0.0631617 0.0631617
Zrms_r0
 1.05182 1.06316 1.06316 1.06316 1.06316
nmprior
 7.27 8.72 9 0
nm_flota  nm_reclas  nm_pelaces    nm_pelaL
inf 11.6655 18.5236 59.541
cv_recla  cv_pelaces  cv_mph
0.359444 0.458828 0.91257
 ------------------------------------------------
Talla a la edad & desviaci?n 
 8 13.2811 15.8009 17.003 17.5766
 0.8 1.32811 1.58009 1.7003 1.75766
