years
 1991 1992 1993 1994 1995 1996 1997 1998 1999 2000 2001 2002 2003 2004 2005 2006 2007 2008 2009 2010 2011 2012 2013 2014 2015 2016 2017 2018 2019 2020 2021 2022
reclasobs
 0 0 0 0 0 0 0 0 0 252601 567819 844713 477998 351125 339783 2.1784e+06 2.13404e+06 4.81314e+06 1.55562e+06 2.62356e+06 3.21686e+06 3.843e+06 1.13348e+06 3.07943e+06 1.97215e+06 2.03268e+06 2.025e+06 2.42433e+06 2.27542e+06 1.05018e+06 2.36338e+06 3.18982e+06
reclaspred
 4.12911e+06 1.90545e+06 968217 712647 466844 2.45927e+06 1.24374e+06 801615 529358 260892 477407 782844 746547 535121 450154 1.60321e+06 1.03159e+06 3.95207e+06 2.89437e+06 1.99377e+06 3.15794e+06 2.87621e+06 1.83149e+06 3.11755e+06 2.28595e+06 1.83152e+06 2.30991e+06 2.97466e+06 2.30888e+06 1.22245e+06 1.90033e+06 1.82382e+06
pelacesobs
 0 0 0 0 0 0 0 0 0 0 0 0 0 0 0 552880 188675 0 991730 2.46772e+06 1.41603e+06 1.21717e+06 2.29649e+06 1.80582e+06 0 1.4828e+06 1.56532e+06 1.57751e+06 1.42118e+06 867257 1.10002e+06 1.06204e+06
pelacespred
 2.59969e+06 1.16762e+06 524438 288135 229788 1.42002e+06 595164 546057 281687 108778 271416 353720 377366 254727 219070 725498 476362 2.27842e+06 1.62064e+06 969151 1.651e+06 1.47514e+06 1.0209e+06 1.97722e+06 1.36987e+06 1.11203e+06 1.58869e+06 1.84497e+06 1.38374e+06 777201 969471 1.06084e+06
mphobs
 0 0 0 0 0 0 0 0 0 0 0 498337 0 5186 125008 0 168611 109162 213762 579715 649985 157893 87575 83554 210694 70296 0 107559 103333 445601 22526 0
mphpred
 573911 306586 118593 72299.6 43610.6 40258.3 213835 81079.7 57463 27052 11885.1 46813.4 52578.7 38191.8 20189.6 23952.8 134750 72249.1 326713 175378 182348 210892 232842 140766 251950 197301 138392 170571 307942 167719 82298.6 199527
desembarqueobs
 494567 514787 250237 358949 120608 361735 552515 73892 212993 205616 52469 317467 293654 387597 252695 516296 358380 742168 942051 627588 828172 859565 418607 520667 417249 300574 415391 372974 316634 284311 391294 218835
desembarquepred
 494520 514640 249974 358863 120587 361624 552159 73887.2 212936 205548 52465.1 317347 293495 387200 252521 515977 358287 741705 941041 626828 827978 858997 418420 520529 417038 300452 415219 372798 316471 284121 391061 218817
Reclutas
 89289.3 80721.4 102662 67816.4 39826.6 253592 50070 16583.4 26742.3 35766.7 52160 106679 84818.7 67403.5 47879 268638 32362.8 470173 226525 210393 237056 401776 47514.3 184451 154950 55660.1 147255 185615 46918.5 42613.8 141770 33757.4
log_desv_Rt
 0.00529959 -0.0955786 0.144859 -0.269778 -0.802046 1.04914 -0.57316 -1.67818 -1.20033 -0.909566 -0.532266 0.183245 -0.0460657 -0.275886 -0.617905 1.10678 -1.00957 1.66652 0.936273 0.862394 0.981713 1.50931 -0.625552 0.730804 0.556523 -0.467318 0.505584 0.737091 -0.63817 -0.734404 0.467624 -0.967381
SSB
 1.24378e+06 664436 257016 156688 94513.2 87248 463426 175717 124534 58627.4 25757.5 101455 113949 82769.6 43755 51910.8 292032 156579 708056 380082 395185 457047 504617 305069 546028 427593 299923 369663 667375 363482 178358 432416
BT
 1.76068e+06 1.11871e+06 506495 441750 225648 1.22725e+06 789700 370265 370313 257898 214760 476562 493375 560162 388684 878654 534151 2.13232e+06 1.81004e+06 1.09094e+06 1.69236e+06 1.63005e+06 902084 1.72063e+06 1.13627e+06 878241 1.40405e+06 1.4486e+06 976712 703153 915008 740524
Ftot
 0.363166 0.79459 0.798326 1.46473 0.815889 0.539529 1.23695 0.294298 1.23716 2.18653 0.404298 1.30118 1.2495 2.12647 1.78761 1.13655 1.01604 0.680047 1.00551 1.0103 0.860605 0.98286 0.690689 0.581583 0.587183 0.516961 0.616776 0.441393 0.416884 0.708123 0.719378 0.374226
BD_Bspro_t
 0.943875 0.633303 0.351537 0.265686 0.16377 0.190246 0.461049 0.219181 0.217311 0.140553 0.0899196 0.350525 0.256249 0.173115 0.096223 0.115002 0.304256 0.188179 0.429236 0.268583 0.238718 0.264855 0.301628 0.232145 0.3818 0.381777 0.356304 0.437834 0.558259 0.416806 0.300143 0.454716
BD_Bspro
 1.94549 1.03929 0.402017 0.245087 0.147835 0.136471 0.724877 0.274851 0.194793 0.0917033 0.0402891 0.158692 0.178236 0.129466 0.0684403 0.0811973 0.456787 0.244916 1.10752 0.594512 0.618137 0.7149 0.789307 0.477181 0.854081 0.668829 0.469131 0.578216 1.04389 0.568548 0.278983 0.676372
BD_Bo
 2.03383 1.08648 0.420272 0.256216 0.154548 0.142668 0.757793 0.287331 0.203638 0.0958673 0.0421185 0.165898 0.186329 0.135345 0.071548 0.0848843 0.477529 0.256037 1.15781 0.621508 0.646206 0.747362 0.825148 0.498849 0.892863 0.699199 0.490434 0.604471 1.09129 0.594365 0.291651 0.707085
BD_Brms
 3.69788 1.97543 0.764131 0.465848 0.280996 0.259396 1.3778 0.522421 0.370251 0.174304 0.0765792 0.301633 0.33878 0.246081 0.130087 0.154335 0.868235 0.465522 2.10511 1.13001 1.17492 1.35884 1.50027 0.906998 1.62339 1.27127 0.891698 1.09904 1.98416 1.08066 0.530275 1.28561
Sel_flota
 0.650797 0.972535 0.998516 0.999922 0.999996
 0.650797 0.972535 0.998516 0.999922 0.999996
 0.650797 0.972535 0.998516 0.999922 0.999996
 0.650797 0.972535 0.998516 0.999922 0.999996
 0.650797 0.972535 0.998516 0.999922 0.999996
 0.650797 0.972535 0.998516 0.999922 0.999996
 0.650797 0.972535 0.998516 0.999922 0.999996
 0.650797 0.972535 0.998516 0.999922 0.999996
 0.650797 0.972535 0.998516 0.999922 0.999996
 0.650797 0.972535 0.998516 0.999922 0.999996
 0.650797 0.972535 0.998516 0.999922 0.999996
 0.650797 0.972535 0.998516 0.999922 0.999996
 0.650797 0.972535 0.998516 0.999922 0.999996
 0.650797 0.972535 0.998516 0.999922 0.999996
 0.650797 0.972535 0.998516 0.999922 0.999996
 0.650797 0.972535 0.998516 0.999922 0.999996
 0.650797 0.972535 0.998516 0.999922 0.999996
 0.650797 0.972535 0.998516 0.999922 0.999996
 0.650797 0.972535 0.998516 0.999922 0.999996
 0.650797 0.972535 0.998516 0.999922 0.999996
 0.650797 0.972535 0.998516 0.999922 0.999996
 0.650797 0.972535 0.998516 0.999922 0.999996
 0.650797 0.972535 0.998516 0.999922 0.999996
 0.650797 0.972535 0.998516 0.999922 0.999996
 0.650797 0.972535 0.998516 0.999922 0.999996
 0.650797 0.972535 0.998516 0.999922 0.999996
 0.650797 0.972535 0.998516 0.999922 0.999996
 0.650797 0.972535 0.998516 0.999922 0.999996
 0.650797 0.972535 0.998516 0.999922 0.999996
 0.650797 0.972535 0.998516 0.999922 0.999996
 0.650797 0.972535 0.998516 0.999922 0.999996
 0.650797 0.972535 0.998516 0.999922 0.999996
Sel_reclas
 0.854824 1 1 1 1
 0.854824 1 1 1 1
 0.854824 1 1 1 1
 0.854824 1 1 1 1
 0.854824 1 1 1 1
 0.854824 1 1 1 1
 0.854824 1 1 1 1
 0.854824 1 1 1 1
 0.854824 1 1 1 1
 0.854824 1 1 1 1
 0.854824 1 1 1 1
 0.854824 1 1 1 1
 0.854824 1 1 1 1
 0.854824 1 1 1 1
 0.854824 1 1 1 1
 0.854824 1 1 1 1
 0.854824 1 1 1 1
 0.854824 1 1 1 1
 0.854824 1 1 1 1
 0.854824 1 1 1 1
 0.854824 1 1 1 1
 0.854824 1 1 1 1
 0.854824 1 1 1 1
 0.854824 1 1 1 1
 0.854824 1 1 1 1
 0.854824 1 1 1 1
 0.854824 1 1 1 1
 0.854824 1 1 1 1
 0.854824 1 1 1 1
 0.854824 1 1 1 1
 0.854824 1 1 1 1
 0.854824 1 1 1 1
Sel_pelaces
 0.751444 1 1 1 1
 0.751444 1 1 1 1
 0.751444 1 1 1 1
 0.751444 1 1 1 1
 0.751444 1 1 1 1
 0.751444 1 1 1 1
 0.751444 1 1 1 1
 0.751444 1 1 1 1
 0.751444 1 1 1 1
 0.751444 1 1 1 1
 0.751444 1 1 1 1
 0.751444 1 1 1 1
 0.751444 1 1 1 1
 0.751444 1 1 1 1
 0.751444 1 1 1 1
 0.751444 1 1 1 1
 0.751444 1 1 1 1
 0.751444 1 1 1 1
 0.751444 1 1 1 1
 0.751444 1 1 1 1
 0.751444 1 1 1 1
 0.751444 1 1 1 1
 0.751444 1 1 1 1
 0.751444 1 1 1 1
 0.751444 1 1 1 1
 0.751444 1 1 1 1
 0.751444 1 1 1 1
 0.751444 1 1 1 1
 0.751444 1 1 1 1
 0.751444 1 1 1 1
 0.751444 1 1 1 1
 0.751444 1 1 1 1
pf_obs 
 0.8446 0.082 0.0669 0.0065 0
 0.8095 0.147 0.0364 0.0071 0
 0.9664 0.0169 0.016 0.0007 0
 0.9276 0.0648 0.0075 0.0001 0
 0.7033 0.2144 0.0806 0.0017 0
 0.9318 0.0425 0.0243 0.0014 0
 0.5671 0.3108 0.0964 0.0239 0.0018
 0.0768 0.2599 0.5324 0.112 0.0189
 0.490249 0.384438 0.106611 0.0170017 0.00170017
 0.7925 0.1577 0.0466 0.003 0.0002
 0.840416 0.127587 0.0312969 0.00059994 9.999e-05
 0.8084 0.0986 0.0794 0.0134 0.0002
 0.7335 0.1905 0.0724 0.0035 0.0001
 0.4001 0.4547 0.1325 0.0127 0
 0.49795 0.308269 0.164784 0.0264974 0.00249975
 0.9179 0.0499 0.0305 0.0017 0
 0.2467 0.6533 0.0926 0.0074 0
 0.9418 0.0223 0.034 0.0019 0
 0.707729 0.231977 0.0356964 0.0245975 0
 0.517169 0.277429 0.184464 0.0207286 0.00020938
 0.811772 0.124168 0.05621 0.00726502 0.000585176
 0.764997 0.148141 0.077277 0.00933861 0.000247198
 0.163321 0.427699 0.378323 0.0303852 0.000271297
 0.753843 0.0900009 0.118128 0.0371064 0.000921714
 0.721811 0.176058 0.0630433 0.0369309 0.00215725
 0.143369 0.312575 0.442814 0.0836902 0.0175525
 0.692698 0.0596174 0.167031 0.0765114 0.00414204
 0.394062 0.376323 0.152708 0.0712218 0.00568511
 0.125707 0.32114 0.495352 0.0537591 0.00404204
 0.23352 0.215282 0.420074 0.123614 0.00750983
 0.796117 0.104755 0.0508955 0.0450114 0.00322123
 0.162477 0.292055 0.404252 0.121198 0.0200186
pf_pred 
 0.417857 0.198302 0.342618 0.041222 9.98982e-07
 0.550712 0.24061 0.0725584 0.121523 0.014597
 0.744361 0.174517 0.0442489 0.0128385 0.024035
 0.663803 0.281151 0.0380499 0.00927942 0.00771603
 0.709451 0.23247 0.0489786 0.00629603 0.00280424
 0.944583 0.0448627 0.00850974 0.00172455 0.000319744
 0.360947 0.61708 0.0179044 0.0032818 0.000786928
 0.42003 0.300138 0.270639 0.00749427 0.00169874
 0.684859 0.168158 0.077172 0.0675206 0.00228979
 0.844298 0.126137 0.0161326 0.0070611 0.00637125
 0.915019 0.0789899 0.00491465 0.000588123 0.000487888
 0.840584 0.15065 0.00816609 0.000492089 0.000107549
 0.779103 0.201267 0.0185986 0.000960553 7.03486e-05
 0.776951 0.194516 0.0261055 0.00230022 0.000127171
 0.846574 0.137074 0.0143777 0.00180687 0.000167414
 0.971656 0.0261816 0.0019435 0.000192319 2.63253e-05
 0.336805 0.653008 0.00944191 0.000669999 7.51915e-05
 0.963789 0.017341 0.0185924 0.000257607 2.02845e-05
 0.599711 0.391711 0.00418613 0.00432679 6.45432e-05
 0.727245 0.199279 0.0719673 0.000737038 0.000771401
 0.784084 0.179178 0.0271472 0.00939492 0.000196456
 0.839421 0.138881 0.0181279 0.00263918 0.000930454
 0.286114 0.645482 0.0594949 0.00744616 0.0014629
 0.827488 0.0696061 0.0933696 0.0082964 0.00123988
 0.680788 0.28393 0.014533 0.0188292 0.00191952
 0.442923 0.433846 0.110039 0.0054398 0.00775185
 0.804087 0.110696 0.0668583 0.016397 0.00196204
 0.759713 0.209839 0.0174706 0.0101863 0.00279179
 0.350345 0.54245 0.0940064 0.00757836 0.00561978
 0.522069 0.221239 0.215459 0.0361642 0.00506843
 0.87232 0.0833964 0.0209107 0.0196245 0.00374807
 0.400559 0.55221 0.0312552 0.00755186 0.00842405
pobs_RECLAS
 0 0 0 0 0
 0 0 0 0 0
 0 0 0 0 0
 0 0 0 0 0
 0 0 0 0 0
 0 0 0 0 0
 0 0 0 0 0
 0 0 0 0 0
 0 0 0 0 0
 0 0 0 0 0
 0.991045 0.00858322 0.000360255 1.14367e-05 0
 0.934742 0.0480273 0.0164251 0.00080598 0
 0.827803 0.169806 0.00239088 0 0
 0.941827 0.0461693 0.0120037 0 0
 0.791401 0.0380133 0.147996 0.0225897 0
 0.846168 0.0940531 0.0597789 0 0
 0.134021 0.677848 0.182769 0.00536245 0
 0.80878 0.0450904 0.141981 0.00414843 0
 0.846168 0.0940531 0.0597789 0 0
 0.905697 0.0802665 0.012482 0.00150086 5.37128e-05
 0.989698 0.0102097 9.19794e-05 0 0
 0.975433 0.0193895 0.00387452 0.00125025 5.28907e-05
 0.303575 0.632131 0.0575291 0.00676475 0
 0.966965 0.00978017 0.0227588 0.000495775 0
 0.843318 0.132988 0.00938335 0.0141283 0.000182051
 0.564624 0.303363 0.111486 0.0197234 0.00080311
 0.826376 0.0876187 0.0782897 0.00655872 0.00115652
 0.89761 0.0855135 0.0140674 0.00269457 0.000114338
 0.34875 0.467042 0.161289 0.0227151 0.000203297
 0.318654 0.224769 0.449479 0.00709798 0
 0.937255 0.0296025 0.0250945 0.00804832 0
 0.456809 0.399803 0.12412 0.0192676 0
ppred_RECLAS
 0.485909 0.178317 0.29976 0.0360129 8.72675e-07
 0.621497 0.205552 0.0601975 0.100663 0.0120904
 0.79524 0.141108 0.034745 0.0100652 0.0188415
 0.733092 0.224436 0.0293754 0.0071511 0.00594573
 0.764625 0.189431 0.0387548 0.00497398 0.00221522
 0.957147 0.034878 0.00643256 0.00130164 0.000241315
 0.434638 0.546517 0.0153596 0.00281056 0.00067387
 0.486196 0.269386 0.2364 0.00653667 0.00148156
 0.749986 0.135438 0.0602062 0.0525867 0.00178318
 0.889706 0.0900259 0.0110704 0.00483521 0.00436234
 0.933224 0.0621892 0.00376419 0.000449788 0.0003731
 0.878285 0.115225 0.00604734 0.000363783 7.94996e-05
 0.827981 0.157174 0.0140673 0.000725283 5.31132e-05
 0.837071 0.142784 0.0184341 0.0016209 8.96041e-05
 0.887323 0.10105 0.0102254 0.00128256 0.000118823
 0.978898 0.0195386 0.00140579 0.000138878 1.90084e-05
 0.404892 0.586238 0.00822186 0.000582473 6.53631e-05
 0.972574 0.0133309 0.0138883 0.000192134 1.51278e-05
 0.667349 0.325738 0.00337673 0.00348452 5.19744e-05
 0.782522 0.160189 0.0561146 0.00057375 0.000600449
 0.828771 0.142814 0.021006 0.00725811 0.00015176
 0.875211 0.108368 0.0137228 0.00199463 0.000703154
 0.345482 0.593426 0.0531458 0.00664131 0.00130467
 0.864337 0.0556682 0.072592 0.00644046 0.000962441
 0.736503 0.235121 0.011699 0.0151345 0.00154275
 0.510185 0.38382 0.0946635 0.00467271 0.0066582
 0.844647 0.088874 0.0521741 0.0127763 0.00152867
 0.804569 0.171273 0.0138702 0.00807512 0.00221301
 0.412507 0.492775 0.0830731 0.00668711 0.00495848
 0.593253 0.191233 0.180941 0.0303236 0.00424952
 0.90079 0.0654662 0.0159472 0.0149432 0.00285376
 0.464214 0.494645 0.0272392 0.00657188 0.00733032
pobs_PELACES
 0 0 0 0 0
 0 0 0 0 0
 0 0 0 0 0
 0 0 0 0 0
 0 0 0 0 0
 0 0 0 0 0
 0 0 0 0 0
 0 0 0 0 0
 0 0 0 0 0
 0 0 0 0 0
 0 0 0 0 0
 0 0 0 0 0
 0 0 0 0 0
 0 0 0 0 0
 0 0 0 0 0
 0 0 0 0 0
 0.505614 0.472636 0.0217494 0 0
 0 0 0 0 0
 0.443492 0.261883 0.143347 0.151278 0
 0.227955 0.32914 0.350689 0.0885471 0.00366901
 0.970185 0.0296113 0.000203453 0 0
 0.997202 0.00247181 0.000326279 0 0
 0.445219 0.490057 0.0546422 0.010081 0
 0.90214 0.0892962 0.00764917 0.000914606 0
 0 0 0 0 0
 0.581667 0.319106 0.0959925 0.00289975 0.000334073
 0.762889 0.0836404 0.116647 0.0363945 0.000428098
 0.88444 0.0763242 0.0277011 0.0115352 0
 0.521256 0.241999 0.230069 0.00667565 0
 0.616807 0.101726 0.260614 0.0208532 0
 0.833518 0.0704572 0.0857862 0.0102388 0
 0.697417 0.212968 0.0787535 0.0105354 0.000325836
ppred_PELACES
 0.463895 0.186333 0.312263 0.0375086 9.08912e-07
 0.61173 0.211535 0.0615293 0.102852 0.0123531
 0.788323 0.146193 0.0357515 0.0103529 0.0193798
 0.738658 0.2202 0.0284613 0.00692388 0.0057566
 0.757185 0.195687 0.0397558 0.00510051 0.00227152
 0.954149 0.03735 0.0068567 0.00138712 0.000257159
 0.435324 0.546049 0.0151846 0.00277693 0.000665788
 0.462152 0.282331 0.247136 0.00683258 0.00154862
 0.751375 0.135357 0.059535 0.0519706 0.00176224
 0.899754 0.0821113 0.00990962 0.00432383 0.00390076
 0.927678 0.0673697 0.00406364 0.000485479 0.000402702
 0.879333 0.1143 0.00593225 0.000356644 7.79371e-05
 0.828647 0.156709 0.0138763 0.000715019 5.23599e-05
 0.850143 0.131624 0.0166863 0.00146577 8.10243e-05
 0.893421 0.0957331 0.00954002 0.00119561 0.000110762
 0.978742 0.0196969 0.00140344 0.000138572 1.8966e-05
 0.399868 0.591264 0.00822043 0.000582096 6.53193e-05
 0.971104 0.0140872 0.0145909 0.000201791 1.58879e-05
 0.662457 0.330589 0.0033976 0.00350442 5.227e-05
 0.77921 0.162999 0.0566066 0.000578509 0.000605414
 0.823559 0.147342 0.0215128 0.00743025 0.000155356
 0.872629 0.110734 0.0139047 0.00202014 0.00071213
 0.333151 0.604942 0.0538573 0.00672806 0.00132169
 0.856631 0.059004 0.0765592 0.0067906 0.00101475
 0.723496 0.246865 0.0122216 0.0158063 0.0016112
 0.491925 0.398513 0.0978524 0.00482896 0.00688076
 0.836456 0.0937741 0.0547603 0.0134058 0.00160396
 0.791426 0.182878 0.0147541 0.00858798 0.00235354
 0.392296 0.510022 0.085674 0.00689513 0.00511268
 0.581018 0.197625 0.185857 0.0311372 0.00436346
 0.896197 0.0686446 0.0166187 0.0155672 0.00297287
 0.442183 0.515113 0.0282754 0.00682071 0.0076078
pobs_pel_tallas
 0 0 0 0 0 0 0 0 0 0 0 0 0 0 0 0 0 0 0 0 0 0 0 0 0 0
 0 0 0 0 0 0 0 0 0 0 0 0 0 0 0 0 0 0 0 0 0 0 0 0 0 0
 0 0 0 0 0 0 0 0 0 0 0 0 0 0 0 0 0 0 0 0 0 0 0 0 0 0
 0 0 0 0 0 0 0 0 0 0 0 0 0 0 0 0 0 0 0 0 0 0 0 0 0 0
 0 0 0 0 0 0 0 0 0 0 0 0 0 0 0 0 0 0 0 0 0 0 0 0 0 0
 0 0 0 0 0 0 0 0 0 0 0 0 0 0 0 0 0 0 0 0 0 0 0 0 0 0
 0 0 0 0 0 0 0 0 0 0 0 0 0 0 0 0 0 0 0 0 0 0 0 0 0 0
 0 0 0 0 0 0 0 0 0 0 0 0 0 0 0 0 0 0 0 0 0 0 0 0 0 0
 0 0 0 0 0 0 0 0 0 0 0 0 0 0 0 0 0 0 0 0 0 0 0 0 0 0
 0 0 0 0 0 0 0 0 0 0 0 0 0 0 0 0 0 0 0 0 0 0 0 0 0 0
 0 0 0 0 0 0 0 0 0 0 0 0 0 0 0 0 0 0 0 0 0 0 0 0 0 0
 0 0 0 0 0 0 0 0 0 0 0 0 0 0 0 0 0 0 0 0 0 0 0 0 0 0
 0.00862536 0 0 0.000197151 0.00414017 0.0128641 0.00837892 0.0270097 0.101434 0.158115 0.152841 0.127902 0.109271 0.109419 0.0830992 0.0579132 0.0238553 0.00714673 0.00463305 0.00128148 0.00103504 0.000492878 0.000147863 0.000147863 4.92878e-05 0
 0 0 0 0 0 0 0 0 0 0 0 0 0 0 0 0 0 0 0 0 0 0 0 0 0 0
 0 0 0 0 0 0 0 0.0054083 0.00873648 0.0413646 0.0450493 0.0745869 0.0622846 0.0627006 0.0613931 0.0827291 0.12552 0.122667 0.0946155 0.0697135 0.0546179 0.0294188 0.0215738 0.0213955 0.0102223 0.00600262
 0 0 0 0 0.00359764 0.0251062 0.0480494 0.140153 0.205849 0.193036 0.1447 0.116669 0.0760912 0.0342217 0.00950174 0.001854 0.000860785 0 0 0 0.000165536 0 0.000143464 0 0 0
 0 0 0 0 0 0 0 0.000145254 0.000435761 0.0275982 0.070085 0.0708112 0.156366 0.174668 0.174014 0.160142 0.0824315 0.0480064 0.0283245 0.00493863 0.00203355 0 0 0 0 0
 0 0 0 0 0 0 0 0 0 0 0 0 0 0 0 0 0 0 0 0 0 0 0 0 0 0
 0 0 1.00437e-05 0.000401748 0.00122533 0.00171747 0.00176769 0.0269171 0.070346 0.194647 0.189555 0.159765 0.064822 0.0314167 0.0384472 0.0292271 0.0345202 0.0313363 0.0194345 0.0106764 0.0143323 0.0359363 0.0279516 0.0138201 0.00172751 0
 0 0.0021121 0.0136068 0.0755702 0.200478 0.177729 0.0527432 0.0373336 0.0318909 0.0142505 0.0149659 0.0166563 0.0217959 0.0798694 0.0677717 0.0528807 0.04013 0.0224614 0.0357745 0.0225083 0.00881397 0.00855152 0.00135912 0.000746735 0 0
 0 0 0 0 5.4009e-05 0.00500934 0.000945158 0.0243581 0.138947 0.33067 0.221406 0.137944 0.0707744 0.0437923 0.0131692 0.00525238 0.0047753 0.00276346 9.45158e-05 9.00151e-06 2.25038e-05 9.00151e-06 4.50075e-06 0 0 0
 0.000866109 0.00284123 0.00948549 0.0512746 0.133035 0.25785 0.225252 0.132002 0.0553304 0.0519788 0.0540692 0.017754 0.00435017 0.00159236 0.00146478 0.000404838 0.000125132 0.000115318 0.000107957 0.000100596 0 0 0 0 0 0
 0 0 0 0 0.00144013 0.00171154 0.00461396 0.0210425 0.0478622 0.0707936 0.0888783 0.103762 0.0637923 0.0337046 0.0602308 0.124433 0.169614 0.0934646 0.0462172 0.0250306 0.0313229 0.00938855 0.002487 0.000210481 0 0
 0 0.00764035 0.051015 0.0998891 0.058973 0.0496711 0.0374665 0.0718981 0.12319 0.153886 0.159021 0.0857701 0.0377988 0.023471 0.0147837 0.00900784 0.00315554 0.000888139 0.00291439 0.00214683 0.00393193 0.00274676 0.000635225 9.99891e-05 0 0
 0 0 0 0 0 0 0 0 0 0 0 0 0 0 0 0 0 0 0 0 0 0 0 0 0 0
 0 0 0 0 0 0 0 0 0 0 0 0 0 0 0 0 0 0 0 0 0 0 0 0 0 0
 0 0 0 0 0 0 0 0 0 0 0 0 0 0 0 0 0 0 0 0 0 0 0 0 0 0
 0 0 0 0 0 0 0 0 0 0 0 0 0 0 0 0 0 0 0 0 0 0 0 0 0 0
 0 0 0 0 0 0 0 0 0 0 0 0 0 0 0 0 0 0 0 0 0 0 0 0 0 0
 0 0 0 0 0 0 0 0 0 0 0 0 0 0 0 0 0 0 0 0 0 0 0 0 0 0
 0 0 0 0 0 0 0 0 0 0 0 0 0 0 0 0 0 0 0 0 0 0 0 0 0 0
 0 0 0 0 0 0 0 0 0 0 0 0 0 0 0 0 0 0 0 0 0 0 0 0 0 0
ppred_pel_tallas
 1.12821e-16 3.82104e-05 0.000371419 0.00246821 0.0112201 0.0349101 0.0743804 0.108564 0.108583 0.0744705 0.0352142 0.0121042 0.00470916 0.00533541 0.00967654 0.0164862 0.0250241 0.0341314 0.0425595 0.049594 0.0552071 0.0595369 0.0622238 0.0623228 0.0589266 0.0519421
 1.14235e-16 5.03875e-05 0.000489784 0.00325479 0.0147958 0.0460354 0.098084 0.143161 0.143181 0.0981841 0.0463717 0.0157684 0.00570074 0.00584531 0.0102703 0.0170325 0.0248602 0.0319955 0.0367236 0.0383674 0.0377136 0.0364195 0.0358562 0.036293 0.0369368 0.0366092
 1.05388e-16 6.49332e-05 0.000631173 0.00419437 0.019067 0.0593246 0.126398 0.184484 0.184498 0.126467 0.0595564 0.0197369 0.00587731 0.00431006 0.00706691 0.0116208 0.016832 0.0213808 0.0239753 0.0240433 0.0220716 0.0192557 0.0167424 0.0150589 0.0140626 0.0132793
 1.02547e-16 6.08423e-05 0.000591409 0.00393012 0.0178658 0.0555872 0.118435 0.172864 0.172885 0.118539 0.0559353 0.0188713 0.00645389 0.00610032 0.0105218 0.0172949 0.0249002 0.0312974 0.0344502 0.0334232 0.0289372 0.0228764 0.0171592 0.0128478 0.0100113 0.00816146
 1.02094e-16 6.23684e-05 0.000606243 0.0040287 0.0183139 0.0569814 0.121406 0.177199 0.177218 0.121498 0.0572912 0.019209 0.00627641 0.00551587 0.00939491 0.0154543 0.0223056 0.0281507 0.0311939 0.0305964 0.0269557 0.0218684 0.0169467 0.0130645 0.0102714 0.00819225
 1.00391e-16 7.8592e-05 0.000763942 0.00507666 0.0230778 0.0718036 0.152985 0.223287 0.223291 0.153003 0.0718627 0.0232486 0.00550545 0.00170036 0.00185816 0.00295046 0.00424937 0.00535743 0.00592729 0.00579906 0.00508873 0.00410443 0.00315763 0.00241769 0.00189402 0.00151221
 1.00969e-16 3.58571e-05 0.000348544 0.0023162 0.0105291 0.0327604 0.0698014 0.101888 0.101941 0.070058 0.0336217 0.0130157 0.00855279 0.0139465 0.025812 0.0424875 0.0609001 0.0759488 0.08246 0.0780491 0.0645757 0.0469656 0.0303785 0.0178937 0.0100247 0.00568931
 1.08152e-16 3.80669e-05 0.000370024 0.00245894 0.011178 0.0347791 0.0741015 0.108159 0.108187 0.0742362 0.0352322 0.0124908 0.00576933 0.00764677 0.0140042 0.0234712 0.0346866 0.0454377 0.0534118 0.0574076 0.057836 0.0560426 0.053102 0.0491743 0.0438466 0.0369327
 1.07263e-16 6.18898e-05 0.000601591 0.00399779 0.0181734 0.0565441 0.120474 0.175838 0.175851 0.120538 0.0567599 0.0187975 0.00556846 0.00404408 0.00664075 0.01099 0.0160881 0.0207982 0.0240149 0.0252629 0.0249603 0.024054 0.0233237 0.022919 0.0224237 0.0212757
 1.01401e-16 7.41116e-05 0.000720391 0.00478725 0.0217622 0.0677102 0.144264 0.210559 0.210567 0.144303 0.06784 0.0221371 0.00572836 0.0027747 0.00397533 0.00645423 0.00928998 0.0116835 0.0128776 0.0125309 0.010921 0.00875739 0.00675561 0.00530083 0.00439618 0.00383004
 1.00252e-16 7.64117e-05 0.000742749 0.00493583 0.0224376 0.0698116 0.148741 0.217093 0.2171 0.148773 0.0699179 0.0227446 0.00570609 0.00242275 0.00326266 0.00526136 0.00754461 0.00942999 0.0102789 0.00979803 0.00821277 0.0061204 0.00414267 0.00264492 0.00168159 0.00111915
 1.0025e-16 7.24295e-05 0.000704041 0.0046786 0.0212682 0.0661735 0.14099 0.205781 0.205792 0.141044 0.0663538 0.021789 0.00598501 0.00355312 0.00547502 0.00891471 0.0127831 0.0159652 0.0173776 0.0165205 0.0137763 0.010162 0.00674003 0.00414031 0.00246515 0.00149514
 1.00522e-16 6.82546e-05 0.000663459 0.00440892 0.0200423 0.0623592 0.132863 0.193921 0.193936 0.132937 0.0626067 0.020757 0.00620211 0.00457556 0.00749075 0.0122563 0.0176029 0.0220373 0.0240846 0.0230607 0.0194764 0.0146971 0.010141 0.00663706 0.00430911 0.00286529
 1.00676e-16 7.00251e-05 0.000680669 0.00452329 0.0205622 0.0639768 0.13631 0.198951 0.198963 0.136372 0.0641848 0.0211631 0.00603132 0.00397194 0.00631842 0.0103285 0.0148562 0.0186474 0.0204718 0.0197569 0.0169213 0.0130869 0.00940932 0.00655057 0.00459465 0.00329861
 1.00439e-16 7.35899e-05 0.00071532 0.00475355 0.021609 0.0672336 0.143249 0.209077 0.209087 0.143294 0.0673848 0.0220457 0.00584946 0.00310653 0.00461143 0.00749787 0.0107717 0.0134982 0.0147775 0.0141936 0.0120573 0.00919765 0.0064721 0.00437638 0.00297712 0.0020916
 1.00063e-16 8.06177e-05 0.000783633 0.00520752 0.0236726 0.0736543 0.156928 0.229042 0.229044 0.156938 0.0736854 0.0237624 0.00543279 0.00127502 0.0010127 0.00154357 0.00220854 0.0027618 0.00301326 0.0028768 0.00241751 0.00180878 0.00123098 0.00078997 0.00050178 0.000328649
 1.00458e-16 3.29367e-05 0.000320157 0.00212756 0.0096716 0.0300922 0.0641168 0.0935923 0.0936491 0.0643946 0.0310246 0.012363 0.00887737 0.0150349 0.0279194 0.0459482 0.0658202 0.0819979 0.0888619 0.083823 0.0689086 0.0494923 0.0312215 0.0174939 0.00890974 0.00430639
 1.00448e-16 7.99886e-05 0.000777517 0.00516688 0.0234879 0.0730795 0.155704 0.227254 0.227256 0.15571 0.0731022 0.0235536 0.00533284 0.00114285 0.000782689 0.00119031 0.00176004 0.00232291 0.00276175 0.00301612 0.00310082 0.00307149 0.0029672 0.00278369 0.00249583 0.00209994
 1.00543e-16 5.45658e-05 0.000530399 0.00352469 0.0160227 0.0498528 0.106218 0.155035 0.155067 0.106373 0.0503741 0.0175275 0.00729853 0.0087574 0.0156459 0.0256923 0.0368012 0.0458497 0.0496978 0.0469045 0.0386113 0.0278289 0.0177149 0.0101583 0.00547391 0.00298586
 1.01836e-16 6.41825e-05 0.000623877 0.00414588 0.0188466 0.0586388 0.124937 0.182352 0.182368 0.125014 0.0588976 0.0195947 0.0060261 0.00473612 0.00789648 0.0130107 0.0188689 0.0239999 0.0269326 0.0269593 0.0245133 0.0208038 0.0170278 0.0138004 0.011137 0.00880504
 1.01431e-16 6.78355e-05 0.000659386 0.00438185 0.0199193 0.0619763 0.132048 0.19273 0.192744 0.132117 0.0622093 0.0205924 0.00607151 0.00434823 0.00707454 0.0115907 0.0166959 0.0210076 0.0231642 0.0225374 0.0195989 0.0155907 0.0117731 0.00883828 0.00682888 0.00543464
 1.00753e-16 7.18774e-05 0.000698674 0.00464293 0.0211061 0.065669 0.139915 0.204212 0.204223 0.139967 0.065844 0.0216116 0.00591168 0.00346777 0.00532915 0.00869171 0.0125024 0.0156973 0.0172428 0.0166604 0.0143055 0.0111238 0.00808643 0.00574472 0.0041596 0.00311495
 1.02608e-16 2.74413e-05 0.00026674 0.00177258 0.00805793 0.0250715 0.0534197 0.0779798 0.0780381 0.0537043 0.026027 0.0108169 0.00869536 0.0153702 0.0286849 0.0473078 0.0679783 0.0851273 0.0930862 0.0892248 0.0755241 0.0572558 0.0398824 0.0265769 0.0177794 0.0123245
 1.03078e-16 7.05596e-05 0.000685865 0.00455781 0.0207192 0.064465 0.13735 0.200467 0.200473 0.137378 0.0645605 0.0209965 0.00525906 0.0022337 0.00305993 0.00507657 0.00760734 0.0101926 0.0123929 0.0139718 0.0149671 0.0155364 0.015726 0.0153921 0.014338 0.0125232
 1.02274e-16 5.95935e-05 0.00057927 0.00384945 0.0174991 0.0544462 0.116004 0.169317 0.16934 0.11612 0.0548359 0.0186243 0.0066723 0.00673662 0.0117392 0.0192762 0.0276781 0.0346345 0.0378409 0.0362532 0.0307269 0.023465 0.0167279 0.0117919 0.00875704 0.00702461
 1.04575e-16 4.05193e-05 0.000393862 0.00261735 0.0118981 0.0370197 0.0788759 0.11513 0.115168 0.0790639 0.0376512 0.0137228 0.0072004 0.0104083 0.0190874 0.031563 0.0456286 0.057717 0.0641952 0.0633494 0.0563535 0.0463777 0.0366076 0.0287482 0.0228832 0.0182995
 1.03221e-16 6.88978e-05 0.000669711 0.00445047 0.0202312 0.0629467 0.134115 0.195747 0.195756 0.13416 0.0630964 0.0206644 0.00554135 0.00306208 0.00464467 0.00765391 0.0112166 0.0145194 0.0167732 0.0176029 0.01723 0.0162418 0.0151471 0.014094 0.0129262 0.0114417
 1.01733e-16 6.51887e-05 0.000633658 0.00421088 0.0191421 0.0595581 0.126896 0.185211 0.185229 0.126982 0.059847 0.0199762 0.00630386 0.00520018 0.00873068 0.014312 0.0205682 0.0257784 0.0282387 0.0271719 0.0231961 0.0179167 0.0129783 0.00930694 0.0069776 0.00556968
 1.0416e-16 3.2313e-05 0.000314094 0.00208727 0.00948845 0.0295223 0.0629023 0.0918181 0.0918672 0.0631426 0.0303292 0.0118192 0.00793849 0.0130898 0.0243028 0.0401438 0.0578639 0.0728389 0.0803573 0.0782163 0.0680031 0.0539672 0.0404451 0.0298573 0.0224338 0.0172192
 1.09276e-16 4.78577e-05 0.000465194 0.00309138 0.014053 0.0437241 0.0931596 0.135973 0.135993 0.093254 0.0440419 0.0149741 0.00541579 0.00557992 0.0098805 0.0165691 0.0245882 0.0324334 0.0385581 0.0421855 0.0436244 0.0437596 0.0431912 0.0418004 0.0390444 0.0345925
 1.02562e-16 7.38185e-05 0.000717543 0.00476832 0.0216761 0.0674425 0.143694 0.209726 0.209733 0.143726 0.0675513 0.0219908 0.00555915 0.00244679 0.00336667 0.00547253 0.00793368 0.0101032 0.0113813 0.0115077 0.010714 0.00955154 0.00853298 0.00786661 0.00744487 0.00701995
 1.0292e-16 3.64222e-05 0.000354036 0.0023527 0.0106951 0.0332766 0.0709011 0.103493 0.103542 0.0711433 0.0340896 0.0130425 0.00824169 0.0131982 0.0243959 0.040185 0.0576771 0.0720961 0.0786014 0.0749692 0.0629454 0.0471194 0.0322558 0.021133 0.014122 0.0101339
pSPR Fmed_Fpbrs
0.572706   0.6 0.325
Fs Fmed_Fpbrs
0.341307   0.309747 0.77213
SSBpbr Bo_Bmed_Bpbrs
611547  319659  336351 168175
Ro
88817.4
SPR SPRFo_SPRFmed_SPRFpbrs
639317 366140 207778
Fref
0.309747
Nvult_r0
 24023.1 24307.7 1349.57 325.75 363.352
CTP_r0
 4704.87 6486.13 367.116 88.7024 98.947
YTP_r0
218817
Np
 85035 25571.5 2649.62 2254.22 156.806
Nvult_p0
 59463.4 18611.1 1934.19 1645.82 114.485
CTP_p0
 9975.81 1640.12 1439.64 78.9913 23.8755
 9975.81 4308.51 456.905 389.201 27.075
YTP_p0
 141805 174543
CBA_c0
195714
log_Ro
11.2143
likeval ReclasPelacesDesembMPH_pf_preclas_ppelaces_ptallas_desvR_qrecl_qpela
 13.3577 16.1586 0.0502485 0.00113988 244.616 126.932 119.925 0 30.9359 6.444e-05 0.000118552 0.0168917 3.46503e-16 0 0
q_reclas_q_pelaces
3.11196 4.66373
M
1
N
 89289.3 29695.1 50155.2 6027.13 0.146053
 80721.4 25933.5 7673.64 12839.1 1542.12
 102662 17705.7 4405.12 1276.83 2390.23
 67816.4 22463.5 2996.63 730.246 607.19
 39826.6 9617.32 1988.53 255.364 113.732
 253592 8615.46 1600.13 323.912 60.0522
 50070 65667.3 1875.45 343.474 82.3565
 16583.4 8235.19 7254.49 200.634 45.4752
 26742.3 5037.31 2275.5 1989.25 67.4575
 35766.7 4397.81 556.375 243.381 219.597
 52160 3170.95 192.942 23.0614 19.1298
 106679 14749.4 787.287 47.4032 10.3598
 84818.7 16827.7 1530.75 78.9918 5.78492
 67403.5 13837 1836.46 161.72 8.94066
 47879 6213.93 643.569 80.8241 7.48843
 268638 5503.06 401.832 39.7285 5.43792
 32362.8 47167.4 670.302 47.521 5.33285
 470173 6145.84 6459.63 89.4071 7.03971
 226525 111111 1166.97 1205.07 17.9752
 210393 43314 15373.4 157.299 164.625
 237056 40104 5965.09 2062.34 43.123
 401776 49810 6388.56 929.226 327.586
 47514.3 77964.3 7045.23 880.827 173.041
 184451 11151 14651.3 1300.42 194.334
 154950 46474 2330.13 3015.64 307.407
 55660.1 38899 9658.49 476.928 679.595
 147255 14626.4 8655.6 2120.48 253.72
 185615 36262 2953.5 1720.04 471.389
 46918.5 51234.7 8684.16 699.251 518.501
 42613.8 13159 12565.8 2106.94 295.272
 141770 9888.12 2431.31 2279.4 435.315
 33757.4 32656.3 1807.08 436.102 486.439
pred_Ctot
 12111.5 5747.75 9930.7 1194.81 0.0289553
 21479.2 9384.42 2829.97 4739.72 569.323
 27420.6 6428.8 1630.03 472.941 885.394
 28402.9 12029.9 1628.08 397.049 330.155
 10824.8 3547 747.311 96.0643 42.7868
 48836.9 2319.49 439.971 89.1627 16.5314
 18657.7 31897.5 925.495 169.64 40.6771
 1855.93 1326.18 1195.84 33.1139 7.50599
 9966.26 2447.09 1123.03 982.578 33.3216
 19143 2859.94 365.778 160.098 144.457
 7792.9 672.73 41.8564 5.00884 4.15517
 41199.1 7383.72 400.24 24.1185 5.27123
 31834 8223.73 759.936 39.2479 2.87442
 35521.7 8893.17 1193.53 105.165 5.8142
 22788.1 3689.75 387.019 48.6372 4.50644
 94163.9 2537.27 188.346 18.6378 2.5512
 10435.3 20232.4 292.542 20.7588 2.32968
 110158 1982.03 2125.06 29.4438 2.31846
 72468 47333.6 505.844 522.842 7.79927
 67550.4 18510.1 6684.7 68.46 71.6518
 67222.5 15361.6 2327.43 805.462 16.8429
 126322 20899.9 2728.01 397.164 140.022
 11276.5 25440 2344.84 293.471 57.6566
 37884.4 3186.74 4274.69 379.83 56.7649
 32086.2 13381.9 684.955 887.441 90.4689
 10329.9 10118.2 2566.34 126.867 180.789
 31791.3 4376.59 2643.38 648.29 77.5736
 29987.5 8282.78 689.6 402.073 110.198
 7204.55 11155 1933.16 155.843 115.566
 10323.8 4374.96 4260.66 715.139 100.227
 34794.1 3326.42 834.063 782.761 149.499
 4704.87 6486.13 367.116 88.7024 98.947
F
 0.236347 0.353192 0.362627 0.363138 0.363165
 0.517117 0.772767 0.793411 0.794528 0.794587
 0.519548 0.7764 0.797141 0.798264 0.798323
 0.953239 1.4245 1.46255 1.46461 1.46472
 0.530978 0.793481 0.814678 0.815826 0.815886
 0.351124 0.524711 0.538728 0.539487 0.539527
 0.805006 1.20298 1.23512 1.23686 1.23695
 0.191528 0.286215 0.293861 0.294275 0.294296
 0.805142 1.20318 1.23533 1.23707 1.23716
 1.42298 2.12647 2.18328 2.18635 2.18652
 0.263116 0.393194 0.403698 0.404267 0.404297
 0.846803 1.26544 1.29925 1.30108 1.30117
 0.813173 1.21519 1.24765 1.24941 1.2495
 1.3839 2.06807 2.12332 2.12631 2.12647
 1.16337 1.73852 1.78496 1.78747 1.78761
 0.739661 1.10533 1.13486 1.13646 1.13654
 0.661233 0.988131 1.01453 1.01596 1.01603
 0.442572 0.661369 0.679038 0.679994 0.680044
 0.65438 0.977889 1.00401 1.00543 1.0055
 0.6575 0.982551 1.0088 1.01022 1.0103
 0.560079 0.836968 0.859327 0.860537 0.860601
 0.639643 0.955866 0.981402 0.982784 0.982856
 0.449498 0.671719 0.689664 0.690635 0.690686
 0.378492 0.56561 0.58072 0.581537 0.581581
 0.382137 0.571056 0.586312 0.587137 0.587181
 0.336437 0.502762 0.516194 0.51692 0.516959
 0.401396 0.599837 0.615861 0.616728 0.616774
 0.287257 0.42927 0.440737 0.441358 0.441391
 0.271307 0.405434 0.416265 0.416852 0.416882
 0.460844 0.688674 0.707072 0.708067 0.70812
 0.468169 0.69962 0.71831 0.719321 0.719375
 0.243545 0.363948 0.373671 0.374197 0.374225
YTP_r0W_actual
 40461.9 160856 10242.5 3308.6 3947.98
YTP_p0W_proyectada
 75217.6 28620 34652.1 2474.01 841.612
 75217.6 75183.5 10997.7 12189.8 954.393
CTP_r0_actual
 4704.87 6486.13 367.116 88.7024 98.947
CTP_p0_proyectada
 9975.81 1640.12 1439.64 78.9913 23.8755
 9975.81 4308.51 456.905 389.201 27.075
Wmedp
 7.54 17.45 24.07 31.32 35.25
Frms_r0
 0.243545 0.363948 0.373671 0.374197 0.374225
Zrms_r0
 1.24355 1.36395 1.37367 1.3742 1.37422
nmprior
 7.27 8.72 9 0
nm_flota  nm_reclas  nm_pelaces    nm_pelaL
inf 19.0078 11.8185 31.7386
cv_recla  cv_pelaces  cv_mph
0.323324 0.440344 0.918889
 ------------------------------------------------
Talla a la edad & desviaci?n 
 8 13.2811 15.8009 17.003 17.5766
 0.8 1.32811 1.58009 1.7003 1.75766
