years
 1991 1992 1993 1994 1995 1996 1997 1998 1999 2000 2001 2002 2003 2004 2005 2006 2007 2008 2009 2010 2011 2012 2013 2014 2015 2016 2017 2018 2019 2020 2021 2022
reclasobs
 0 0 0 0 0 0 0 0 0 252601 567819 844713 477998 351125 339783 2.1784e+06 2.13404e+06 4.81314e+06 1.55562e+06 2.62356e+06 3.21686e+06 3.843e+06 1.13348e+06 3.07943e+06 1.97215e+06 2.03268e+06 2.025e+06 2.42433e+06 2.27542e+06 1.05018e+06 2.36338e+06 3.18982e+06
reclaspred
 3.40029e+06 1.93614e+06 983977 971254 965790 1.43314e+06 971202 889058 656376 490775 511666 629580 623411 512774 531456 1.26903e+06 1.30147e+06 2.71591e+06 2.26234e+06 1.70461e+06 3.01573e+06 2.46307e+06 2.02515e+06 3.04959e+06 2.30458e+06 2.0575e+06 2.38841e+06 2.5429e+06 2.16741e+06 1.54714e+06 2.04994e+06 2.28774e+06
pelacesobs
 0 0 0 0 0 0 0 0 0 0 0 0 0 0 0 552880 188675 0 991730 2.46772e+06 1.41603e+06 1.21717e+06 2.29649e+06 1.80582e+06 0 1.4828e+06 1.56532e+06 1.57751e+06 1.42118e+06 867257 1.10002e+06 1.06204e+06
pelacespred
 1.88383e+06 1.20669e+06 622993 499205 504802 771889 505659 542959 399072 286389 302354 314224 339138 301340 316531 620980 633880 1.50069e+06 1.31585e+06 927799 1.54512e+06 1.40077e+06 1.1315e+06 1.84541e+06 1.35949e+06 1.20345e+06 1.58283e+06 1.52841e+06 1.16796e+06 963989 1.09979e+06 1.22875e+06
mphobs
 0 0 0 0 0 0 0 0 0 0 0 498337 0 5186 125008 0 168611 109162 213762 579715 649985 157893 87575 83554 0 0 0 0 0 0 0 0
mphpred
 505559 337997 172168 93571.5 103131 113558 144771 99156.2 87451.7 63136.7 42700.2 58815.5 63241.5 54875 40672 51237.9 146680 147480 266738 207772 222604 272595 261559 221535 299831 247711 206420 215534 300641 216187 151779 253534
desembarqueobs
 494567 514787 250237 358949 120608 361735 552515 73892 212993 205616 52469 317467 293654 387597 252695 516296 358380 742168 942051 627588 828172 859565 418607 520667 417249 300574 415391 372974 316634 284311 391294 218835
desembarquepred
 494572 513304 250999 358969 120611 361748 552563 73894.9 213030 205651 52470.9 317528 293708 387657 252700 516281 358399 742100 941922 627504 828232 859605 418620 520689 417254 300577 415395 372967 316633 284314 391280 218837
Reclutas
 241316 140294 143594 254198 205130 326851 141792 70266.4 63019.9 80440.4 147701 182196 151933 109459 115661 596118 142069 902445 522789 396269 608220 821583 182009 525971 441848 205900 444432 512809 168670 157899 430861 194497
log_desv_Rt
 0.0260779 -0.516291 -0.493044 0.0780808 -0.136388 0.329472 -0.505668 -1.20774 -1.31658 -1.07251 -0.464843 -0.254949 -0.436593 -0.76448 -0.709367 0.930407 -0.503719 1.34508 0.799147 0.522062 0.950505 1.2512 -0.255976 0.805214 0.630935 -0.132643 0.636765 0.779872 -0.332087 -0.398076 0.605754 -0.189612
SSB
 4.90185e+06 3.27718e+06 1.66932e+06 907260 999943 1.10104e+06 1.40368e+06 961408 847923 612167 414017 570269 613183 532062 394352 496797 1.4222e+06 1.42995e+06 2.58626e+06 2.01454e+06 2.15834e+06 2.64306e+06 2.53605e+06 2.14798e+06 2.90713e+06 2.40178e+06 2.00143e+06 2.08979e+06 2.91498e+06 2.09613e+06 1.47163e+06 2.45824e+06
BT
 6.41322e+06 4.35165e+06 2.23764e+06 1.8935e+06 1.70114e+06 2.76444e+06 2.10857e+06 1.79117e+06 1.48157e+06 1.11082e+06 1.00812e+06 1.26899e+06 1.34706e+06 1.3631e+06 1.26135e+06 2.39763e+06 2.29742e+06 5.4278e+06 5.0985e+06 3.52309e+06 5.58554e+06 5.26801e+06 3.96542e+06 6.35349e+06 4.71123e+06 4.09534e+06 5.4585e+06 5.20868e+06 3.97556e+06 3.34189e+06 3.83049e+06 4.07932e+06
Ftot
 0.0882639 0.159185 0.154484 0.235862 0.0792333 0.16418 0.344468 0.0524448 0.203342 0.260756 0.0682775 0.320854 0.298349 0.476249 0.313387 0.277732 0.171578 0.183295 0.262848 0.232478 0.177162 0.224038 0.12789 0.112954 0.114339 0.0917028 0.114452 0.0977916 0.0892106 0.11413 0.127242 0.0599485
BD_Bspro_t
 0.985999 0.895309 0.779511 0.709384 0.701862 0.757821 0.743214 0.617435 0.669949 0.640935 0.615145 0.760425 0.659297 0.580583 0.491959 0.549481 0.686397 0.675813 0.741525 0.662634 0.637421 0.680289 0.696674 0.69613 0.778723 0.785722 0.793259 0.817388 0.851025 0.809119 0.776721 0.830106
BD_Bspro
 2.89655 1.93652 0.986417 0.536108 0.590875 0.650617 0.829448 0.568105 0.501045 0.361735 0.244646 0.336977 0.362335 0.3144 0.233026 0.293562 0.840388 0.844969 1.52824 1.19041 1.27538 1.5618 1.49857 1.26926 1.71785 1.41923 1.18266 1.23488 1.72249 1.23862 0.869601 1.45259
BD_Bo
 1.39869 0.935106 0.476321 0.258876 0.285322 0.31417 0.400524 0.274327 0.241945 0.174675 0.118135 0.16272 0.174965 0.151818 0.112524 0.141755 0.405807 0.408019 0.73796 0.574825 0.615858 0.754165 0.723631 0.612902 0.829516 0.685319 0.571084 0.596298 0.831757 0.598105 0.419913 0.701429
BD_Brms
 2.54307 1.70019 0.866039 0.470684 0.518767 0.571218 0.728226 0.498776 0.4399 0.31759 0.214791 0.295854 0.318117 0.276032 0.204589 0.257737 0.737831 0.741853 1.34174 1.04514 1.11974 1.37121 1.31569 1.11437 1.50821 1.24603 1.03834 1.08418 1.51229 1.08746 0.763478 1.27533
Sel_flota
 0.813244 0.988058 0.999364 0.999967 0.999998
 0.813244 0.988058 0.999364 0.999967 0.999998
 0.813244 0.988058 0.999364 0.999967 0.999998
 0.813244 0.988058 0.999364 0.999967 0.999998
 0.813244 0.988058 0.999364 0.999967 0.999998
 0.813244 0.988058 0.999364 0.999967 0.999998
 0.813244 0.988058 0.999364 0.999967 0.999998
 0.813244 0.988058 0.999364 0.999967 0.999998
 0.813244 0.988058 0.999364 0.999967 0.999998
 0.813244 0.988058 0.999364 0.999967 0.999998
 0.813244 0.988058 0.999364 0.999967 0.999998
 0.813244 0.988058 0.999364 0.999967 0.999998
 0.813244 0.988058 0.999364 0.999967 0.999998
 0.813244 0.988058 0.999364 0.999967 0.999998
 0.813244 0.988058 0.999364 0.999967 0.999998
 0.813244 0.988058 0.999364 0.999967 0.999998
 0.813244 0.988058 0.999364 0.999967 0.999998
 0.813244 0.988058 0.999364 0.999967 0.999998
 0.813244 0.988058 0.999364 0.999967 0.999998
 0.813244 0.988058 0.999364 0.999967 0.999998
 0.813244 0.988058 0.999364 0.999967 0.999998
 0.813244 0.988058 0.999364 0.999967 0.999998
 0.813244 0.988058 0.999364 0.999967 0.999998
 0.813244 0.988058 0.999364 0.999967 0.999998
 0.813244 0.988058 0.999364 0.999967 0.999998
 0.813244 0.988058 0.999364 0.999967 0.999998
 0.813244 0.988058 0.999364 0.999967 0.999998
 0.813244 0.988058 0.999364 0.999967 0.999998
 0.813244 0.988058 0.999364 0.999967 0.999998
 0.813244 0.988058 0.999364 0.999967 0.999998
 0.813244 0.988058 0.999364 0.999967 0.999998
 0.813244 0.988058 0.999364 0.999967 0.999998
Sel_reclas
 1 1 1 1 1
 1 1 1 1 1
 1 1 1 1 1
 1 1 1 1 1
 1 1 1 1 1
 1 1 1 1 1
 1 1 1 1 1
 1 1 1 1 1
 1 1 1 1 1
 1 1 1 1 1
 1 1 1 1 1
 1 1 1 1 1
 1 1 1 1 1
 1 1 1 1 1
 1 1 1 1 1
 1 1 1 1 1
 1 1 1 1 1
 1 1 1 1 1
 1 1 1 1 1
 1 1 1 1 1
 1 1 1 1 1
 1 1 1 1 1
 1 1 1 1 1
 1 1 1 1 1
 1 1 1 1 1
 1 1 1 1 1
 1 1 1 1 1
 1 1 1 1 1
 1 1 1 1 1
 1 1 1 1 1
 1 1 1 1 1
 1 1 1 1 1
Sel_pelaces
 1 1 1 1 1
 1 1 1 1 1
 1 1 1 1 1
 1 1 1 1 1
 1 1 1 1 1
 1 1 1 1 1
 1 1 1 1 1
 1 1 1 1 1
 1 1 1 1 1
 1 1 1 1 1
 1 1 1 1 1
 1 1 1 1 1
 1 1 1 1 1
 1 1 1 1 1
 1 1 1 1 1
 1 1 1 1 1
 1 1 1 1 1
 1 1 1 1 1
 1 1 1 1 1
 1 1 1 1 1
 1 1 1 1 1
 1 1 1 1 1
 1 1 1 1 1
 1 1 1 1 1
 1 1 1 1 1
 1 1 1 1 1
 1 1 1 1 1
 1 1 1 1 1
 1 1 1 1 1
 1 1 1 1 1
 1 1 1 1 1
 1 1 1 1 1
pf_obs 
 0.8446 0.082 0.0669 0.0065 0
 0.8095 0.147 0.0364 0.0071 0
 0.9664 0.0169 0.016 0.0007 0
 0.9276 0.0648 0.0075 0.0001 0
 0.7033 0.2144 0.0806 0.0017 0
 0.9318 0.0425 0.0243 0.0014 0
 0.5671 0.3108 0.0964 0.0239 0.0018
 0.0768 0.2599 0.5324 0.112 0.0189
 0.490249 0.384438 0.106611 0.0170017 0.00170017
 0.7925 0.1577 0.0466 0.003 0.0002
 0.840416 0.127587 0.0312969 0.00059994 9.999e-05
 0.8084 0.0986 0.0794 0.0134 0.0002
 0.7335 0.1905 0.0724 0.0035 0.0001
 0.4001 0.4547 0.1325 0.0127 0
 0.49795 0.308269 0.164784 0.0264974 0.00249975
 0.9179 0.0499 0.0305 0.0017 0
 0.2467 0.6533 0.0926 0.0074 0
 0.9418 0.0223 0.034 0.0019 0
 0.707729 0.231977 0.0356964 0.0245975 0
 0.517169 0.277429 0.184464 0.0207286 0.00020938
 0.811772 0.124168 0.05621 0.00726502 0.000585176
 0.764997 0.148141 0.077277 0.00933861 0.000247198
 0.163321 0.427699 0.378323 0.0303852 0.000271297
 0.753843 0.0900009 0.118128 0.0371064 0.000921714
 0.721811 0.176058 0.0630433 0.0369309 0.00215725
 0.143369 0.312575 0.442814 0.0836902 0.0175525
 0.692698 0.0596174 0.167031 0.0765114 0.00414204
 0.394062 0.376323 0.152708 0.0712218 0.00568511
 0.125707 0.32114 0.495352 0.0537591 0.00404204
 0.23352 0.215282 0.420074 0.123614 0.00750983
 0.796117 0.104755 0.0508955 0.0450114 0.00322123
 0.162477 0.292055 0.404252 0.121198 0.0200186
pf_pred 
 0.399177 0.110868 0.465271 0.0246838 7.7416e-07
 0.388014 0.274519 0.0628545 0.260785 0.0138274
 0.535938 0.203371 0.117738 0.0266391 0.116313
 0.728245 0.1595 0.0495333 0.028338 0.0343841
 0.628297 0.285622 0.0507894 0.0155785 0.0197132
 0.721235 0.187488 0.0703263 0.0123644 0.00858627
 0.463527 0.408087 0.0866899 0.0321305 0.0095657
 0.433354 0.294242 0.207875 0.0435816 0.0209471
 0.505766 0.238085 0.133733 0.09343 0.0289851
 0.657126 0.191509 0.0733899 0.040723 0.0372521
 0.782315 0.153286 0.0361743 0.0136895 0.0145349
 0.70822 0.237428 0.0384036 0.00896105 0.00698741
 0.650193 0.262956 0.0708469 0.0113108 0.00469389
 0.597049 0.281443 0.0916347 0.0243716 0.00550186
 0.69923 0.196484 0.0731538 0.0234827 0.00764969
 0.918587 0.0605559 0.0136877 0.00503036 0.0021393
 0.387049 0.572121 0.0304704 0.00680035 0.00355961
 0.878334 0.0530603 0.0640869 0.00337256 0.00114593
 0.579423 0.378136 0.0186357 0.0222382 0.0015669
 0.573658 0.268741 0.141882 0.00690465 0.00881405
 0.724118 0.172363 0.0655529 0.0341822 0.00378439
 0.730282 0.205947 0.0400251 0.0150404 0.00870542
 0.315968 0.526467 0.120668 0.0231641 0.0137335
 0.722863 0.0999468 0.136745 0.0309789 0.00946673
 0.612724 0.294964 0.0335407 0.0453623 0.0134087
 0.431359 0.374521 0.14827 0.0166661 0.0291847
 0.715858 0.136457 0.0976526 0.0382211 0.0118121
 0.682985 0.239361 0.0375211 0.0265425 0.0135908
 0.367319 0.458038 0.132242 0.0204937 0.021907
 0.484529 0.213396 0.219386 0.0626222 0.020066
 0.783425 0.11589 0.0419686 0.0426505 0.0160653
 0.478547 0.425394 0.051688 0.0185017 0.0258684
pobs_RECLAS
 0 0 0 0 0
 0 0 0 0 0
 0 0 0 0 0
 0 0 0 0 0
 0 0 0 0 0
 0 0 0 0 0
 0 0 0 0 0
 0 0 0 0 0
 0 0 0 0 0
 0 0 0 0 0
 0.991045 0.00858322 0.000360255 1.14367e-05 0
 0.934742 0.0480273 0.0164251 0.00080598 0
 0.827803 0.169806 0.00239088 0 0
 0.941827 0.0461693 0.0120037 0 0
 0.791401 0.0380133 0.147996 0.0225897 0
 0.846168 0.0940531 0.0597789 0 0
 0.134021 0.677848 0.182769 0.00536245 0
 0.80878 0.0450904 0.141981 0.00414843 0
 0.846168 0.0940531 0.0597789 0 0
 0.905697 0.0802665 0.012482 0.00150086 5.37128e-05
 0.989698 0.0102097 9.19794e-05 0 0
 0.975433 0.0193895 0.00387452 0.00125025 5.28907e-05
 0.303575 0.632131 0.0575291 0.00676475 0
 0.966965 0.00978017 0.0227588 0.000495775 0
 0.843318 0.132988 0.00938335 0.0141283 0.000182051
 0.564624 0.303363 0.111486 0.0197234 0.00080311
 0.826376 0.0876187 0.0782897 0.00655872 0.00115652
 0.89761 0.0855135 0.0140674 0.00269457 0.000114338
 0.34875 0.467042 0.161289 0.0227151 0.000203297
 0.318654 0.224769 0.449479 0.00709798 0
 0.937255 0.0296025 0.0250945 0.00804832 0
 0.456809 0.399803 0.12412 0.0192676 0
ppred_RECLAS
 0.44931 0.102574 0.425553 0.022563 7.07621e-07
 0.437396 0.254046 0.0574989 0.238419 0.0126411
 0.586104 0.182599 0.104499 0.0236293 0.103168
 0.766643 0.137641 0.04225 0.0241564 0.0293094
 0.673387 0.251653 0.0442392 0.0135612 0.0171599
 0.759841 0.16214 0.0601198 0.0105635 0.00733541
 0.514449 0.370409 0.0777628 0.0288038 0.00857501
 0.483223 0.26984 0.188469 0.0394892 0.0189795
 0.556594 0.214918 0.119327 0.0833144 0.0258461
 0.701632 0.167533 0.0634565 0.0351893 0.032189
 0.814332 0.131193 0.0306082 0.0115761 0.0122905
 0.748296 0.205271 0.032814 0.00765201 0.00596648
 0.694851 0.230058 0.0612605 0.00977425 0.0040561
 0.645917 0.248216 0.0798512 0.0212241 0.00479115
 0.740423 0.170274 0.0626548 0.0201 0.00654752
 0.932515 0.0503488 0.0112481 0.00413123 0.00175686
 0.435014 0.527761 0.0277847 0.00619716 0.00324376
 0.898534 0.0445411 0.053178 0.00279677 0.000950255
 0.627368 0.335434 0.0163392 0.0194857 0.00137292
 0.622415 0.239036 0.124738 0.00606662 0.00774402
 0.762607 0.148971 0.0560049 0.0291855 0.0032311
 0.76806 0.177596 0.0341162 0.0128121 0.00741543
 0.360558 0.493466 0.111809 0.0214505 0.0127171
 0.761808 0.0865416 0.117051 0.0265013 0.00809815
 0.658836 0.260578 0.029292 0.0395919 0.0117026
 0.480952 0.343211 0.134325 0.0150895 0.0264229
 0.755208 0.118274 0.0836732 0.0327296 0.0101146
 0.724448 0.208654 0.0323344 0.0228596 0.0117046
 0.414728 0.425071 0.121325 0.0187904 0.0200856
 0.535297 0.193695 0.196857 0.0561571 0.0179938
 0.815774 0.099124 0.035486 0.0360406 0.0135751
 0.527946 0.385924 0.0463589 0.0165841 0.0231865
pobs_PELACES
 0 0 0 0 0
 0 0 0 0 0
 0 0 0 0 0
 0 0 0 0 0
 0 0 0 0 0
 0 0 0 0 0
 0 0 0 0 0
 0 0 0 0 0
 0 0 0 0 0
 0 0 0 0 0
 0 0 0 0 0
 0 0 0 0 0
 0 0 0 0 0
 0 0 0 0 0
 0 0 0 0 0
 0 0 0 0 0
 0.505614 0.472636 0.0217494 0 0
 0 0 0 0 0
 0.443492 0.261883 0.143347 0.151278 0
 0.227955 0.32914 0.350689 0.0885471 0.00366901
 0.970185 0.0296113 0.000203453 0 0
 0.997202 0.00247181 0.000326279 0 0
 0.445219 0.490057 0.0546422 0.010081 0
 0.90214 0.0892962 0.00764917 0.000914606 0
 0 0 0 0 0
 0.581667 0.319106 0.0959925 0.00289975 0.000334073
 0.762889 0.0836404 0.116647 0.0363945 0.000428098
 0.88444 0.0763242 0.0277011 0.0115352 0
 0.521256 0.241999 0.230069 0.00667565 0
 0.616807 0.101726 0.260614 0.0208532 0
 0.833518 0.0704572 0.0857862 0.0102388 0
 0.697417 0.212968 0.0787535 0.0105354 0.000325836
ppred_PELACES
 0.450637 0.102354 0.424502 0.0225069 7.05861e-07
 0.439741 0.253073 0.0572447 0.237357 0.0125848
 0.588345 0.181671 0.103908 0.0234949 0.102581
 0.769135 0.136222 0.0417777 0.0238852 0.0289803
 0.674407 0.250884 0.0440911 0.0135156 0.0171022
 0.761602 0.160984 0.0596545 0.0104814 0.00727838
 0.519489 0.366678 0.0768807 0.0284751 0.00847713
 0.484002 0.269458 0.188166 0.0394252 0.0189488
 0.559586 0.213553 0.11848 0.0827192 0.0256614
 0.704862 0.165792 0.0627358 0.0347879 0.0318217
 0.814938 0.130775 0.0305028 0.0115361 0.0122481
 0.751808 0.202453 0.0323246 0.00753742 0.00587711
 0.698546 0.227335 0.060468 0.00964724 0.00400338
 0.652297 0.243875 0.0783153 0.0208139 0.00469852
 0.743961 0.168022 0.061754 0.0198097 0.00645296
 0.933533 0.0496026 0.0110699 0.00406557 0.00172893
 0.437458 0.525499 0.027648 0.00616645 0.00322768
 0.899529 0.0441214 0.0526409 0.00276842 0.000940622
 0.63093 0.332261 0.0161688 0.0192815 0.00135853
 0.625637 0.237072 0.123606 0.00601129 0.00767338
 0.764498 0.147822 0.0555361 0.0289402 0.00320393
 0.77039 0.175848 0.033752 0.0126747 0.00733593
 0.362286 0.492186 0.111466 0.0213841 0.0126777
 0.763037 0.0861183 0.116429 0.0263599 0.00805495
 0.66034 0.259456 0.0291534 0.0394037 0.011647
 0.482302 0.342358 0.133945 0.0150466 0.0263478
 0.756468 0.117692 0.0832257 0.0325538 0.0100603
 0.72559 0.207807 0.0321915 0.0227581 0.0116527
 0.416 0.424186 0.121032 0.0187447 0.0200367
 0.536997 0.193035 0.196102 0.0559406 0.0179244
 0.816909 0.0985359 0.0352588 0.0358089 0.0134878
 0.528818 0.385227 0.0462649 0.0165503 0.0231392
pobs_pel_tallas
 0 0 0 0 0 0 0 0 0 0 0 0 0 0 0 0 0 0 0 0 0 0 0 0 0 0
 0 0 0 0 0 0 0 0 0 0 0 0 0 0 0 0 0 0 0 0 0 0 0 0 0 0
 0 0 0 0 0 0 0 0 0 0 0 0 0 0 0 0 0 0 0 0 0 0 0 0 0 0
 0 0 0 0 0 0 0 0 0 0 0 0 0 0 0 0 0 0 0 0 0 0 0 0 0 0
 0 0 0 0 0 0 0 0 0 0 0 0 0 0 0 0 0 0 0 0 0 0 0 0 0 0
 0 0 0 0 0 0 0 0 0 0 0 0 0 0 0 0 0 0 0 0 0 0 0 0 0 0
 0 0 0 0 0 0 0 0 0 0 0 0 0 0 0 0 0 0 0 0 0 0 0 0 0 0
 0 0 0 0 0 0 0 0 0 0 0 0 0 0 0 0 0 0 0 0 0 0 0 0 0 0
 0 0 0 0 0 0 0 0 0 0 0 0 0 0 0 0 0 0 0 0 0 0 0 0 0 0
 0 0 0 0 0 0 0 0 0 0 0 0 0 0 0 0 0 0 0 0 0 0 0 0 0 0
 0 0 0 0 0 0 0 0 0 0 0 0 0 0 0 0 0 0 0 0 0 0 0 0 0 0
 0 0 0 0 0 0 0 0 0 0 0 0 0 0 0 0 0 0 0 0 0 0 0 0 0 0
 0.00862536 0 0 0.000197151 0.00414017 0.0128641 0.00837892 0.0270097 0.101434 0.158115 0.152841 0.127902 0.109271 0.109419 0.0830992 0.0579132 0.0238553 0.00714673 0.00463305 0.00128148 0.00103504 0.000492878 0.000147863 0.000147863 4.92878e-05 0
 0 0 0 0 0 0 0 0 0 0 0 0 0 0 0 0 0 0 0 0 0 0 0 0 0 0
 0 0 0 0 0 0 0 0.0054083 0.00873648 0.0413646 0.0450493 0.0745869 0.0622846 0.0627006 0.0613931 0.0827291 0.12552 0.122667 0.0946155 0.0697135 0.0546179 0.0294188 0.0215738 0.0213955 0.0102223 0.00600262
 0 0 0 0 0.00359764 0.0251062 0.0480494 0.140153 0.205849 0.193036 0.1447 0.116669 0.0760912 0.0342217 0.00950174 0.001854 0.000860785 0 0 0 0.000165536 0 0.000143464 0 0 0
 0 0 0 0 0 0 0 0.000145254 0.000435761 0.0275982 0.070085 0.0708112 0.156366 0.174668 0.174014 0.160142 0.0824315 0.0480064 0.0283245 0.00493863 0.00203355 0 0 0 0 0
 0 0 0 0 0 0 0 0 0 0 0 0 0 0 0 0 0 0 0 0 0 0 0 0 0 0
 0 0 1.00437e-05 0.000401748 0.00122533 0.00171747 0.00176769 0.0269171 0.070346 0.194647 0.189555 0.159765 0.064822 0.0314167 0.0384472 0.0292271 0.0345202 0.0313363 0.0194345 0.0106764 0.0143323 0.0359363 0.0279516 0.0138201 0.00172751 0
 0 0.0021121 0.0136068 0.0755702 0.200478 0.177729 0.0527432 0.0373336 0.0318909 0.0142505 0.0149659 0.0166563 0.0217959 0.0798694 0.0677717 0.0528807 0.04013 0.0224614 0.0357745 0.0225083 0.00881397 0.00855152 0.00135912 0.000746735 0 0
 0 0 0 0 5.4009e-05 0.00500934 0.000945158 0.0243581 0.138947 0.33067 0.221406 0.137944 0.0707744 0.0437923 0.0131692 0.00525238 0.0047753 0.00276346 9.45158e-05 9.00151e-06 2.25038e-05 9.00151e-06 4.50075e-06 0 0 0
 0.000866109 0.00284123 0.00948549 0.0512746 0.133035 0.25785 0.225252 0.132002 0.0553304 0.0519788 0.0540692 0.017754 0.00435017 0.00159236 0.00146478 0.000404838 0.000125132 0.000115318 0.000107957 0.000100596 0 0 0 0 0 0
 0 0 0 0 0.00144013 0.00171154 0.00461396 0.0210425 0.0478622 0.0707936 0.0888783 0.103762 0.0637923 0.0337046 0.0602308 0.124433 0.169614 0.0934646 0.0462172 0.0250306 0.0313229 0.00938855 0.002487 0.000210481 0 0
 0 0.00764035 0.051015 0.0998891 0.058973 0.0496711 0.0374665 0.0718981 0.12319 0.153886 0.159021 0.0857701 0.0377988 0.023471 0.0147837 0.00900784 0.00315554 0.000888139 0.00291439 0.00214683 0.00393193 0.00274676 0.000635225 9.99891e-05 0 0
 0 0 0 0 0 0 0 0 0 0 0 0 0 0 0 0 0 0 0 0 0 0 0 0 0 0
 0 0 0 0 0 0 0 0 0 0 0 0 0 0 0 0 0 0 0 0 0 0 0 0 0 0
 0 0 0 0 0 0 0 0 0 0 0 0 0 0 0 0 0 0 0 0 0 0 0 0 0 0
 0 0 0 0 0 0 0 0 0 0 0 0 0 0 0 0 0 0 0 0 0 0 0 0 0 0
 0 0 0 0 0 0 0 0 0 0 0 0 0 0 0 0 0 0 0 0 0 0 0 0 0 0
 0 0 0 0 0 0 0 0 0 0 0 0 0 0 0 0 0 0 0 0 0 0 0 0 0 0
 0 0 0 0 0 0 0 0 0 0 0 0 0 0 0 0 0 0 0 0 0 0 0 0 0 0
 0 0 0 0 0 0 0 0 0 0 0 0 0 0 0 0 0 0 0 0 0 0 0 0 0 0
ppred_pel_tallas
 1.14534e-16 3.71184e-05 0.000360804 0.00239767 0.0108995 0.0339123 0.0722542 0.105459 0.10547 0.0723058 0.0340875 0.0114136 0.00371893 0.00334636 0.00600319 0.0106356 0.017105 0.0252214 0.0346728 0.0450893 0.0558641 0.0658006 0.0730267 0.0755342 0.0721443 0.06324
 1.2765e-16 3.62209e-05 0.00035208 0.0023397 0.0106359 0.0330925 0.070508 0.102914 0.102938 0.0706278 0.0334952 0.0118008 0.00527063 0.00677462 0.0123095 0.0205049 0.030071 0.0390433 0.0455567 0.0490367 0.0506451 0.0524507 0.0559098 0.0608168 0.0654184 0.0674519
 1.22761e-16 4.84612e-05 0.000471061 0.00313036 0.0142302 0.0442755 0.0943343 0.137687 0.137705 0.0944206 0.0445659 0.0150709 0.00524816 0.00511981 0.00895407 0.0149326 0.0220055 0.0287631 0.0338405 0.0367322 0.0381164 0.0393243 0.041358 0.0442248 0.0470034 0.0484374
 1.08541e-16 6.33526e-05 0.00061581 0.00409228 0.0186029 0.0578806 0.123321 0.179994 0.180007 0.123386 0.058097 0.0192286 0.00566537 0.00405833 0.00662688 0.0109245 0.0158998 0.0203664 0.0231776 0.0238558 0.0228854 0.0213586 0.0202514 0.0198933 0.0199515 0.0197972
 1.05587e-16 5.555e-05 0.000539966 0.00358827 0.0163118 0.050752 0.108133 0.157829 0.157853 0.108252 0.0511492 0.017459 0.00646896 0.00683181 0.0120148 0.0198017 0.0285851 0.0360909 0.0400453 0.0394192 0.0350418 0.0290213 0.0234512 0.0194104 0.0168361 0.0150582
 1.04046e-16 6.27322e-05 0.000609779 0.0040522 0.0184207 0.0573137 0.122114 0.178232 0.178247 0.12219 0.0575696 0.0191604 0.00591178 0.00467895 0.00781928 0.0129021 0.0187545 0.0239507 0.0270732 0.0274595 0.0255616 0.0225677 0.0196098 0.0171983 0.0152205 0.0133213
 1.06603e-16 4.27897e-05 0.000415931 0.00276401 0.0125648 0.0390939 0.0832951 0.121579 0.121614 0.083468 0.0396747 0.0142429 0.00697862 0.00962411 0.0175535 0.0290122 0.0419326 0.0530383 0.059015 0.0583409 0.0521716 0.0434958 0.03527 0.0290007 0.0246047 0.0212061
 1.1266e-16 3.98667e-05 0.000387518 0.00257519 0.0117065 0.0364233 0.0776047 0.113272 0.113298 0.077733 0.0368546 0.0129552 0.00572167 0.0072961 0.0132776 0.0221945 0.0326882 0.0426199 0.0498027 0.0531957 0.0534007 0.0519765 0.0501786 0.0482034 0.0454213 0.0411732
 1.16112e-16 4.60924e-05 0.000448035 0.00297735 0.0135346 0.0421113 0.0897234 0.130958 0.130979 0.0898248 0.0424525 0.0145224 0.00546547 0.00590843 0.0105024 0.0175194 0.0257835 0.033612 0.0393395 0.0422719 0.0430692 0.0431437 0.043561 0.0443393 0.0446035 0.043303
 1.10727e-16 5.80586e-05 0.000564351 0.00375031 0.0170484 0.0530439 0.113016 0.164954 0.16497 0.113095 0.0533077 0.0178113 0.00566945 0.00476733 0.00808071 0.0133758 0.0195253 0.0251258 0.0288052 0.0299874 0.0292347 0.0278108 0.0268106 0.0265446 0.0265557 0.0260881
 1.04144e-16 6.71254e-05 0.000652483 0.00433598 0.0197107 0.0613275 0.130665 0.190712 0.190725 0.130727 0.0615348 0.0203098 0.00584084 0.00394166 0.00632606 0.0103847 0.0150321 0.0190755 0.021352 0.0213431 0.0194788 0.0168265 0.0144165 0.012732 0.0116651 0.0108173
 1.02736e-16 6.19255e-05 0.000601938 0.00400009 0.0181838 0.0565768 0.120543 0.175941 0.17596 0.120639 0.0568971 0.019109 0.00632278 0.00567356 0.00969732 0.0159428 0.0229823 0.0289484 0.0319807 0.0312235 0.0273282 0.0219976 0.0169517 0.0131228 0.0105456 0.00876846
 1.03449e-16 5.75384e-05 0.000559294 0.0037167 0.0168956 0.0525686 0.112004 0.163477 0.163499 0.112111 0.0529291 0.0179372 0.00633344 0.0062788 0.0109409 0.0180509 0.0261244 0.0331165 0.0369723 0.0367292 0.0330574 0.0277427 0.0225539 0.0183984 0.0152591 0.012686
 1.05205e-16 5.37289e-05 0.000522264 0.00347063 0.015777 0.0490882 0.104589 0.152655 0.152679 0.104704 0.0494754 0.0168962 0.00628354 0.00667468 0.011773 0.0194694 0.0282551 0.0359816 0.0404848 0.0407562 0.0375012 0.0325694 0.0277429 0.0238573 0.0207776 0.017964
 1.04904e-16 6.12791e-05 0.000595655 0.00395834 0.017994 0.0559862 0.119285 0.174103 0.17412 0.119365 0.0562532 0.0187662 0.00589981 0.00484454 0.00816211 0.0134794 0.019607 0.0250696 0.028402 0.0289287 0.0271344 0.0242604 0.0214689 0.0192501 0.0174283 0.0155767
 1.01033e-16 7.68939e-05 0.000747436 0.00496697 0.0225791 0.0702521 0.14968 0.218463 0.218468 0.149703 0.0703307 0.0228062 0.0055374 0.00199392 0.0024479 0.003935 0.00568444 0.00719831 0.00802629 0.00796413 0.00716838 0.00604105 0.0049771 0.00417342 0.00361162 0.0031677
 1.02097e-16 3.6033e-05 0.000350253 0.00232756 0.0105808 0.032921 0.0701435 0.102387 0.102438 0.0703906 0.0337504 0.0129754 0.00833455 0.0134512 0.0248807 0.0409803 0.058806 0.0734784 0.0800484 0.0762354 0.0638108 0.0474541 0.0320359 0.0204162 0.0130118 0.00875575
 1.01968e-16 7.4093e-05 0.00072021 0.00478605 0.0217567 0.0676932 0.144228 0.210505 0.21051 0.144249 0.0677644 0.0219635 0.00530857 0.0018723 0.0022955 0.00376443 0.005617 0.00748129 0.00901666 0.0100414 0.0105912 0.0108074 0.0107609 0.0103832 0.00955561 0.00825515
 1.02716e-16 5.19689e-05 0.000505156 0.00335694 0.0152602 0.0474803 0.101163 0.147657 0.147689 0.101319 0.0480048 0.0167745 0.00715595 0.0087915 0.0157691 0.0259354 0.0372367 0.0465816 0.0508648 0.0486752 0.0411593 0.0312823 0.0220931 0.0153251 0.0111335 0.00873418
 1.0553e-16 5.15329e-05 0.000500919 0.00332878 0.0151322 0.0470819 0.100314 0.146416 0.146439 0.100426 0.0474597 0.0162252 0.00607899 0.00652667 0.0115599 0.0191966 0.0280367 0.0360622 0.0412178 0.0425038 0.0404787 0.0367062 0.0326418 0.028889 0.0252788 0.0214479
 1.05086e-16 6.29707e-05 0.000612098 0.0040676 0.0184907 0.0575316 0.122578 0.178909 0.178923 0.122648 0.0577667 0.0191705 0.00577703 0.00435425 0.00720105 0.0118874 0.0173136 0.0221893 0.0252439 0.025902 0.0245998 0.0224195 0.0203465 0.0187489 0.0173984 0.0158584
 1.03532e-16 6.3456e-05 0.000616815 0.00409895 0.0186333 0.0579751 0.123523 0.180288 0.180305 0.123606 0.0582535 0.0194377 0.00611913 0.00502986 0.00845362 0.0138992 0.0200741 0.0253692 0.0281917 0.0278167 0.0248122 0.0206333 0.0167206 0.0138101 0.0118566 0.0104126
 1.07633e-16 2.98411e-05 0.000290066 0.00192759 0.0087626 0.0272639 0.0580905 0.0847947 0.0848422 0.0583226 0.0280437 0.0110156 0.00758624 0.0126539 0.0235434 0.0389593 0.0563174 0.0712362 0.0792513 0.0782881 0.069854 0.0579203 0.0464438 0.0374871 0.0310354 0.0260403
 1.07389e-16 6.28504e-05 0.000610928 0.00405983 0.0184554 0.0574217 0.122343 0.178565 0.178574 0.122385 0.0575615 0.0188613 0.00508688 0.00288062 0.00445467 0.00747803 0.0112656 0.0152158 0.0187382 0.0215377 0.0237021 0.0254507 0.0267782 0.0273362 0.0266587 0.0245156
 1.06831e-16 5.43914e-05 0.000528704 0.00351342 0.0159715 0.0496935 0.105878 0.154538 0.154563 0.106 0.0501038 0.0171567 0.00648872 0.00702492 0.0123959 0.0204199 0.0294477 0.0371276 0.0411211 0.0404032 0.0358964 0.0298543 0.024486 0.0208815 0.0188668 0.0175852
 1.09921e-16 3.97267e-05 0.000386158 0.00256615 0.0116654 0.0362955 0.0773327 0.112876 0.112909 0.0774946 0.0368398 0.0132392 0.0065233 0.00904691 0.0165536 0.0274751 0.0399773 0.0511178 0.0579028 0.0589333 0.0551693 0.0491217 0.0431691 0.0383618 0.0344263 0.030577
 1.074e-16 6.23093e-05 0.000605669 0.00402488 0.0182965 0.0569274 0.12129 0.177029 0.17704 0.121346 0.0571159 0.0188425 0.00540107 0.00362887 0.00586003 0.00973732 0.0143711 0.0188153 0.0221452 0.0239424 0.0244972 0.0244892 0.0244208 0.0242817 0.023667 0.0221617
 1.05237e-16 5.9766e-05 0.000580946 0.00386059 0.0175497 0.0546038 0.11634 0.169806 0.169826 0.116438 0.0549326 0.0184998 0.00624607 0.00579092 0.0099621 0.0163962 0.0236677 0.0298868 0.0331802 0.0327139 0.0291977 0.0243956 0.020041 0.0169965 0.0151509 0.0138782
 1.08872e-16 3.42655e-05 0.000333073 0.00221339 0.0100618 0.0313061 0.0667025 0.0973628 0.0974038 0.0669028 0.0319789 0.0120065 0.00709966 0.0110159 0.02037 0.0337452 0.0488978 0.0621 0.0695562 0.0695016 0.0631998 0.0539648 0.0450405 0.0380291 0.0327907 0.0283831
 1.14352e-16 4.42318e-05 0.000429949 0.00285716 0.0129883 0.0404114 0.0861014 0.125672 0.12569 0.0861939 0.0407225 0.0138906 0.00513589 0.00545033 0.00971412 0.0163449 0.024377 0.0324176 0.0390479 0.0435953 0.0464031 0.0482892 0.0496776 0.0501847 0.048961 0.0454002
 1.06917e-16 6.72877e-05 0.000654061 0.00434646 0.0197584 0.0614757 0.130981 0.191172 0.191182 0.131028 0.0616326 0.020212 0.00548747 0.00315334 0.00483945 0.00796336 0.0116338 0.015001 0.0172637 0.0180989 0.0178569 0.0172899 0.0170235 0.0171877 0.0174369 0.0172546
 1.0701e-16 4.35581e-05 0.000423401 0.00281365 0.0127905 0.0397961 0.0847911 0.123763 0.1238 0.0849725 0.0404051 0.0145494 0.0072287 0.0100608 0.018345 0.030256 0.0435775 0.0548035 0.0604004 0.058771 0.051224 0.0410982 0.0317608 0.0250262 0.0209066 0.0183933
pSPR Fmed_Fpbrs
0.540264   0.6 0.325
Fs Fmed_Fpbrs
0.341307   0.278072 0.677844
SSBpbr Bo_Bmed_Bpbrs
3.50461e+06  1.71819e+06  1.92754e+06 963768
Ro
235105
SPR SPRFo_SPRFmed_SPRFpbrs
1.69231e+06 914294 550000
Fref
0.278072
Nvult_r0
 126351 93368.5 11223.7 4015.22 5613.77
CTP_r0
 5873.58 5221.19 634.407 227.086 317.503
YTP_r0
218837
Np
 291502 85533.3 19047.1 13807 2119.52
Nvult_p0
 205968 61626.7 13740.1 9960.72 1529.08
CTP_p0
 37987.3 10582.6 7773.76 934.003 449.893
 37987.3 13282.6 2987.98 2167.11 332.683
YTP_p0
 703318 669727
CBA_c0
396106
log_Ro
12.1878
likeval ReclasPelacesDesembMPH_pf_preclas_ppelaces_ptallas_desvR_qrecl_qpela
 16.7705 17.5746 0.0890336 0.000809927 230.616 129.97 111.718 0 22.1174 1.15036e-05 5.22117e-06 0.450903 4.26155e-15 0 0
q_reclas_q_pelaces
0.618994 0.723868
M
1
N
 241316 55517.1 230442 12218.5 0.383196
 140294 82626.4 18717.9 77617.4 4115.33
 143594 45344.3 25972.7 5873.19 25643.1
 254198 46588.5 14319.8 8187.92 9934.58
 205130 77192.2 13576.1 4161.74 5266.13
 326851 70753.8 26259.1 4614.14 3204.12
 141792 105213 22131.2 8198.37 2440.7
 70266.4 39418.2 27539.7 5770.38 2773.4
 63019.9 24770.2 13768.8 9613.99 2982.49
 80440.4 19650.1 7453.84 4133.79 3781.35
 147701 23937.8 5586.99 2113.06 2243.48
 182196 51401.2 8231.73 1919.77 1496.91
 151933 51632.4 13772 2197.56 911.943
 109459 43851.5 14145 3760.23 848.844
 115661 27337.1 10076.9 3233.02 1053.16
 596118 32976.8 7378.72 2710.3 1152.6
 142069 174963 9220.13 2056.58 1076.47
 902445 45457.5 54328.3 2857.42 970.867
 522789 286015 13952.7 16641 1172.49
 396269 155309 81152.9 3947.14 5038.53
 608220 120667 45409.4 23665.2 2619.96
 821583 193729 37262.5 13994.6 8099.87
 182009 251901 57116.8 10958.2 6496.69
 525971 60343.3 81668.8 18491.1 5650.45
 441848 176512 19854.8 26837.3 7932.62
 205900 148114 57998.3 6515.47 11409.1
 444432 70302.8 49768 19467.9 6016.31
 512809 148966 23097.5 16329.8 8361.28
 168670 174230 49754.2 7705.98 8237.14
 157899 57707.9 58687.7 16742.3 5364.58
 430861 52939 18965.6 19262.7 7255.53
 194497 142923 17174.4 6143.94 8589.97
pred_Ctot
 10627.9 2951.82 12387.6 657.197 0.0206117
 10882.9 7699.66 1762.93 7314.44 387.828
 10826.9 4108.45 2378.51 538.156 2349.73
 28487.7 6239.36 1937.66 1108.54 1345.05
 8134.49 3697.91 657.564 201.693 255.224
 26107 6786.63 2545.65 447.563 310.803
 22402.9 19723.4 4189.84 1552.91 462.323
 1861.05 1263.63 892.726 187.162 89.958
 6154.21 2897.05 1627.28 1136.87 352.694
 9885.54 2880.99 1104.05 612.621 560.405
 5065.86 992.602 234.246 88.6463 94.1202
 27018.3 9057.77 1465.08 341.86 266.567
 21103.5 8534.82 2299.5 367.118 152.351
 22926.7 10807.4 3518.78 935.874 211.272
 16793.1 4718.84 1756.9 563.971 183.719
 77597.1 5115.43 1156.26 424.937 180.716
 11830 17486.6 931.316 207.85 108.798
 79966.9 4830.81 5834.71 307.05 104.33
 64718.1 42235.5 2081.49 2483.88 175.014
 43820.9 20528.7 10838.1 527.435 673.292
 52197.6 12424.7 4725.35 2464 272.796
 87797.9 24759.9 4812 1808.22 1046.61
 11461.8 19097.7 4377.25 840.284 498.185
 29400.2 4065.03 5561.68 1259.97 385.03
 24989.3 12029.8 1367.93 1850.05 546.86
 9410.55 8170.56 3234.66 363.589 636.694
 25159.4 4795.89 3432.09 1343.31 415.145
 24943 8741.58 1370.29 969.348 496.345
 7505.76 9359.5 2702.22 418.766 447.645
 8914.5 3926.11 4036.33 1152.14 369.18
 27001.4 3994.25 1446.48 1469.98 553.703
 5873.58 5221.19 634.407 227.086 317.503
F
 0.0717801 0.0872099 0.0882078 0.088261 0.0882638
 0.129456 0.157283 0.159083 0.159179 0.159184
 0.125633 0.15264 0.154386 0.154479 0.154484
 0.191814 0.233046 0.235713 0.235855 0.235862
 0.064436 0.0782871 0.079183 0.0792307 0.0792332
 0.133519 0.16222 0.164076 0.164175 0.16418
 0.280136 0.340354 0.344249 0.344457 0.344467
 0.0426504 0.0518185 0.0524114 0.052443 0.0524447
 0.165367 0.200914 0.203213 0.203335 0.203342
 0.212058 0.257642 0.26059 0.260747 0.260756
 0.0555263 0.0674621 0.0682341 0.0682752 0.0682774
 0.260932 0.317022 0.32065 0.320843 0.320853
 0.242631 0.294786 0.29816 0.298339 0.298349
 0.387307 0.470562 0.475946 0.476233 0.476248
 0.25486 0.309645 0.313188 0.313377 0.313387
 0.225863 0.274415 0.277555 0.277722 0.277731
 0.139535 0.169529 0.171469 0.171573 0.171578
 0.149063 0.181106 0.183178 0.183289 0.183294
 0.213759 0.259709 0.26268 0.262839 0.262847
 0.189061 0.229701 0.23233 0.23247 0.232477
 0.144076 0.175046 0.177049 0.177156 0.177162
 0.182197 0.221362 0.223895 0.22403 0.224037
 0.104006 0.126363 0.127809 0.127886 0.12789
 0.0918588 0.111605 0.112882 0.11295 0.112953
 0.0929853 0.112973 0.114266 0.114335 0.114339
 0.0745767 0.0906076 0.0916445 0.0916997 0.0917026
 0.0930776 0.113085 0.11438 0.114448 0.114452
 0.0795284 0.0966238 0.0977295 0.0977883 0.0977914
 0.07255 0.0881453 0.0891539 0.0892077 0.0892105
 0.0928153 0.112767 0.114057 0.114126 0.11413
 0.103479 0.125723 0.127161 0.127238 0.127242
 0.0487527 0.0592326 0.0599104 0.0599465 0.0599484
YTP_r0W_actual
 50512.8 129486 17700 8470.29 12668.4
YTP_p0W_proyectada
 286424 184667 187114 29253 15858.7
 286424 231781 71920.6 67873.9 11727.1
CTP_r0_actual
 5873.58 5221.19 634.407 227.086 317.503
CTP_p0_proyectada
 37987.3 10582.6 7773.76 934.003 449.893
 37987.3 13282.6 2987.98 2167.11 332.683
Wmedp
 7.54 17.45 24.07 31.32 35.25
Frms_r0
 0.0487527 0.0592326 0.0599104 0.0599465 0.0599484
Zrms_r0
 1.04875 1.05923 1.05991 1.05995 1.05995
nmprior
 7.27 8.72 9 0
nm_flota  nm_reclas  nm_pelaces    nm_pelaL
inf 11.6024 18.3064 58.5659
cv_recla  cv_pelaces  cv_mph
0.36228 0.459234 0.878271
 ------------------------------------------------
Talla a la edad & desviaci?n 
 8 13.2811 15.8009 17.003 17.5766
 0.8 1.32811 1.58009 1.7003 1.75766
