years
 1991 1992 1993 1994 1995 1996 1997 1998 1999 2000 2001 2002 2003 2004 2005 2006 2007 2008 2009 2010 2011 2012 2013 2014 2015 2016 2017 2018 2019 2020 2021 2022
reclasobs
 0 0 0 0 0 0 0 0 0 252601 567819 844713 477998 351125 339783 2.1784e+06 2.13404e+06 4.81314e+06 1.55562e+06 2.62356e+06 3.21686e+06 3.843e+06 1.13348e+06 3.07943e+06 1.97215e+06 2.03268e+06 2.025e+06 2.42433e+06 2.27542e+06 1.05018e+06 2.36338e+06 3.18982e+06
reclaspred
 3.35393e+06 1.77253e+06 895597 842134 815948 1.87736e+06 922374 744892 508762 296373 503416 740865 719826 510014 471062 1.49e+06 1.13732e+06 3.63348e+06 2.72959e+06 1.87601e+06 3.17008e+06 2.67774e+06 1.85493e+06 3.11315e+06 2.22954e+06 1.91112e+06 2.39535e+06 2.78875e+06 2.1312e+06 1.33829e+06 1.97987e+06 2.03266e+06
pelacesobs
 0 0 0 0 0 0 0 0 0 0 0 0 0 0 0 552880 188675 0 991730 2.46772e+06 1.41603e+06 1.21717e+06 2.29649e+06 1.80582e+06 0 1.4828e+06 1.56532e+06 1.57751e+06 1.42118e+06 867257 1.10002e+06 1.06204e+06
pelacespred
 2.03247e+06 1.13056e+06 534238 379617 430882 993586 432000 491614 281416 136768 269647 330751 361515 244199 230053 630598 549627 1.93277e+06 1.53132e+06 944844 1.6169e+06 1.38091e+06 1.07145e+06 1.88283e+06 1.34794e+06 1.18019e+06 1.5924e+06 1.65612e+06 1.28839e+06 891359 1.00147e+06 1.18979e+06
mphobs
 0 0 0 0 0 0 0 0 0 0 0 498337 0 5186 125008 0 168611 109162 213762 579715 649985 157893 87575 83554 0 0 0 0 0 0 0 0
mphpred
 535304 348577 159299 88931 83408.4 103789 186101 82606 72374 38820.2 20468.5 61534.7 67322.2 51802 28096.4 35151.8 161343 121074 368365 231587 230668 281948 281004 202878 317766 253655 198757 224806 355119 219527 129542 260825
desembarqueobs
 494567 514787 250237 358949 120608 361735 552515 73892 212993 205616 52469 317467 293654 387597 252695 516296 358380 742168 942051 627588 828172 859565 418607 520667 417249 300574 415391 372974 316634 284311 391294 218835
desembarquepred
 494552 514341 250310 358961 120608 361694 552384 73895 213026 205641 52469.9 317465 293615 387411 252611 516124 358384 741878 941459 627133 828184 859354 418554 520649 417178 300538 415335 372893 316575 284257 391181 218835
Reclutas
 144508 88199.9 87169.6 101836 82421.2 205901 66746.3 25624.2 28446.4 38069.1 67708.4 113513 93004.3 67924.1 55141.7 303897 51238.2 521074 271049 219196 287985 425785 68819.1 221217 184299 78030.8 182183 216713 64079.2 58523.4 172559 61735
log_desv_Rt
 0.275447 -0.218285 -0.230036 -0.0745284 -0.286048 0.629503 -0.496993 -1.45436 -1.34987 -1.05849 -0.482681 0.0340234 -0.165245 -0.4795 -0.687986 1.0188 -0.761407 1.558 0.90441 0.692076 0.965019 1.35604 -0.46641 0.701253 0.51867 -0.340788 0.507121 0.680682 -0.537771 -0.628464 0.452851 -0.57504
SSB
 1.37387e+06 894628 408843 228243 214069 266377 477630 212009 185749 99632.6 52532.8 157930 172783 132950 72109.8 90217.5 414089 310738 945414 594372 592012 723623 721201 520688 815552 651010 510113 576968 911418 563418 332471 669411
BT
 2.03942e+06 1.40643e+06 665057 626745 471073 1.24362e+06 844806 496027 456993 318711 301442 568681 597787 631159 473655 1.03434e+06 748407 2.53419e+06 2.25216e+06 1.37797e+06 2.17703e+06 2.02047e+06 1.26206e+06 2.24608e+06 1.53765e+06 1.27451e+06 1.8977e+06 1.86273e+06 1.31339e+06 1.02017e+06 1.25096e+06 1.18483e+06
Ftot
 0.30601 0.578969 0.575758 0.948148 0.34143 0.491079 1.15475 0.223434 0.923118 1.47656 0.285364 1.00655 0.945872 1.68902 1.33301 0.944255 0.659113 0.550973 0.762818 0.761129 0.621404 0.757441 0.471279 0.42257 0.41769 0.343249 0.429687 0.340803 0.301437 0.449092 0.506491 0.2313
BD_Bspro_t
 0.952527 0.697934 0.453251 0.349378 0.314226 0.415308 0.477122 0.25838 0.298167 0.219468 0.167347 0.456333 0.344836 0.251358 0.149427 0.182875 0.385103 0.311511 0.503503 0.364075 0.321321 0.364087 0.388377 0.347994 0.487405 0.491991 0.489582 0.550589 0.637698 0.529692 0.441788 0.568221
BD_Bspro
 1.73964 1.13281 0.517691 0.289008 0.271061 0.337295 0.604791 0.268453 0.235202 0.126158 0.0665188 0.199976 0.218784 0.168346 0.0913078 0.114236 0.524333 0.393467 1.19711 0.752614 0.749625 0.916275 0.913208 0.659313 1.03268 0.824331 0.645921 0.730576 1.15407 0.713419 0.420986 0.84763
BD_Bo
 1.55947 1.01549 0.464076 0.259077 0.242989 0.302364 0.542156 0.240651 0.210843 0.113093 0.0596298 0.179266 0.196126 0.150912 0.0818516 0.102406 0.470031 0.352718 1.07314 0.67467 0.671991 0.821382 0.818632 0.591032 0.92573 0.738959 0.579027 0.654914 1.03455 0.639534 0.377387 0.759846
BD_Brms
 2.8354 1.84635 0.843775 0.47105 0.441798 0.549752 0.985738 0.437548 0.383351 0.205623 0.108418 0.325937 0.356592 0.274385 0.148821 0.186192 0.854602 0.641305 1.95116 1.22667 1.2218 1.49342 1.48842 1.0746 1.68315 1.34356 1.05278 1.19075 1.88099 1.16279 0.686158 1.38154
Sel_flota
 0.624331 0.969303 0.998336 0.999912 0.999995
 0.624331 0.969303 0.998336 0.999912 0.999995
 0.624331 0.969303 0.998336 0.999912 0.999995
 0.624331 0.969303 0.998336 0.999912 0.999995
 0.624331 0.969303 0.998336 0.999912 0.999995
 0.624331 0.969303 0.998336 0.999912 0.999995
 0.624331 0.969303 0.998336 0.999912 0.999995
 0.624331 0.969303 0.998336 0.999912 0.999995
 0.624331 0.969303 0.998336 0.999912 0.999995
 0.624331 0.969303 0.998336 0.999912 0.999995
 0.624331 0.969303 0.998336 0.999912 0.999995
 0.624331 0.969303 0.998336 0.999912 0.999995
 0.624331 0.969303 0.998336 0.999912 0.999995
 0.624331 0.969303 0.998336 0.999912 0.999995
 0.624331 0.969303 0.998336 0.999912 0.999995
 0.624331 0.969303 0.998336 0.999912 0.999995
 0.624331 0.969303 0.998336 0.999912 0.999995
 0.624331 0.969303 0.998336 0.999912 0.999995
 0.624331 0.969303 0.998336 0.999912 0.999995
 0.624331 0.969303 0.998336 0.999912 0.999995
 0.624331 0.969303 0.998336 0.999912 0.999995
 0.624331 0.969303 0.998336 0.999912 0.999995
 0.624331 0.969303 0.998336 0.999912 0.999995
 0.624331 0.969303 0.998336 0.999912 0.999995
 0.624331 0.969303 0.998336 0.999912 0.999995
 0.624331 0.969303 0.998336 0.999912 0.999995
 0.624331 0.969303 0.998336 0.999912 0.999995
 0.624331 0.969303 0.998336 0.999912 0.999995
 0.624331 0.969303 0.998336 0.999912 0.999995
 0.624331 0.969303 0.998336 0.999912 0.999995
 0.624331 0.969303 0.998336 0.999912 0.999995
 0.624331 0.969303 0.998336 0.999912 0.999995
Sel_reclas
 1 1 1 1 1
 1 1 1 1 1
 1 1 1 1 1
 1 1 1 1 1
 1 1 1 1 1
 1 1 1 1 1
 1 1 1 1 1
 1 1 1 1 1
 1 1 1 1 1
 1 1 1 1 1
 1 1 1 1 1
 1 1 1 1 1
 1 1 1 1 1
 1 1 1 1 1
 1 1 1 1 1
 1 1 1 1 1
 1 1 1 1 1
 1 1 1 1 1
 1 1 1 1 1
 1 1 1 1 1
 1 1 1 1 1
 1 1 1 1 1
 1 1 1 1 1
 1 1 1 1 1
 1 1 1 1 1
 1 1 1 1 1
 1 1 1 1 1
 1 1 1 1 1
 1 1 1 1 1
 1 1 1 1 1
 1 1 1 1 1
 1 1 1 1 1
Sel_pelaces
 0.739112 0.934459 0.986255 0.997238 0.99945
 0.739112 0.934459 0.986255 0.997238 0.99945
 0.739112 0.934459 0.986255 0.997238 0.99945
 0.739112 0.934459 0.986255 0.997238 0.99945
 0.739112 0.934459 0.986255 0.997238 0.99945
 0.739112 0.934459 0.986255 0.997238 0.99945
 0.739112 0.934459 0.986255 0.997238 0.99945
 0.739112 0.934459 0.986255 0.997238 0.99945
 0.739112 0.934459 0.986255 0.997238 0.99945
 0.739112 0.934459 0.986255 0.997238 0.99945
 0.739112 0.934459 0.986255 0.997238 0.99945
 0.739112 0.934459 0.986255 0.997238 0.99945
 0.739112 0.934459 0.986255 0.997238 0.99945
 0.739112 0.934459 0.986255 0.997238 0.99945
 0.739112 0.934459 0.986255 0.997238 0.99945
 0.739112 0.934459 0.986255 0.997238 0.99945
 0.739112 0.934459 0.986255 0.997238 0.99945
 0.739112 0.934459 0.986255 0.997238 0.99945
 0.739112 0.934459 0.986255 0.997238 0.99945
 0.739112 0.934459 0.986255 0.997238 0.99945
 0.739112 0.934459 0.986255 0.997238 0.99945
 0.739112 0.934459 0.986255 0.997238 0.99945
 0.739112 0.934459 0.986255 0.997238 0.99945
 0.739112 0.934459 0.986255 0.997238 0.99945
 0.739112 0.934459 0.986255 0.997238 0.99945
 0.739112 0.934459 0.986255 0.997238 0.99945
 0.739112 0.934459 0.986255 0.997238 0.99945
 0.739112 0.934459 0.986255 0.997238 0.99945
 0.739112 0.934459 0.986255 0.997238 0.99945
 0.739112 0.934459 0.986255 0.997238 0.99945
 0.739112 0.934459 0.986255 0.997238 0.99945
 0.739112 0.934459 0.986255 0.997238 0.99945
pf_obs 
 0.8446 0.082 0.0669 0.0065 0
 0.8095 0.147 0.0364 0.0071 0
 0.9664 0.0169 0.016 0.0007 0
 0.9276 0.0648 0.0075 0.0001 0
 0.7033 0.2144 0.0806 0.0017 0
 0.9318 0.0425 0.0243 0.0014 0
 0.5671 0.3108 0.0964 0.0239 0.0018
 0.0768 0.2599 0.5324 0.112 0.0189
 0.490249 0.384438 0.106611 0.0170017 0.00170017
 0.7925 0.1577 0.0466 0.003 0.0002
 0.840416 0.127587 0.0312969 0.00059994 9.999e-05
 0.8084 0.0986 0.0794 0.0134 0.0002
 0.7335 0.1905 0.0724 0.0035 0.0001
 0.4001 0.4547 0.1325 0.0127 0
 0.49795 0.308269 0.164784 0.0264974 0.00249975
 0.9179 0.0499 0.0305 0.0017 0
 0.2467 0.6533 0.0926 0.0074 0
 0.9418 0.0223 0.034 0.0019 0
 0.707729 0.231977 0.0356964 0.0245975 0
 0.517169 0.277429 0.184464 0.0207286 0.00020938
 0.811772 0.124168 0.05621 0.00726502 0.000585176
 0.764997 0.148141 0.077277 0.00933861 0.000247198
 0.163321 0.427699 0.378323 0.0303852 0.000271297
 0.753843 0.0900009 0.118128 0.0371064 0.000921714
 0.721811 0.176058 0.0630433 0.0369309 0.00215725
 0.143369 0.312575 0.442814 0.0836902 0.0175525
 0.692698 0.0596174 0.167031 0.0765114 0.00414204
 0.394062 0.376323 0.152708 0.0712218 0.00568511
 0.125707 0.32114 0.495352 0.0537591 0.00404204
 0.23352 0.215282 0.420074 0.123614 0.00750983
 0.796117 0.104755 0.0508955 0.0450114 0.00322123
 0.162477 0.292055 0.404252 0.121198 0.0200186
pf_pred 
 0.501781 0.166206 0.305633 0.0263789 9.44788e-07
 0.46589 0.333671 0.0683811 0.121583 0.0104752
 0.617764 0.230512 0.0962074 0.0189661 0.0365509
 0.708881 0.214995 0.0466281 0.0187183 0.0107781
 0.687927 0.256316 0.0416783 0.00863207 0.00544674
 0.819048 0.141691 0.0324439 0.0050979 0.00171882
 0.439649 0.496062 0.0507486 0.011194 0.00234716
 0.46403 0.32542 0.187461 0.0182353 0.00485236
 0.59375 0.236757 0.10422 0.0581269 0.00714635
 0.784207 0.158845 0.0338375 0.0142243 0.00888654
 0.878379 0.107868 0.0102785 0.00206712 0.00140737
 0.785353 0.197759 0.0150352 0.00138549 0.000467486
 0.725763 0.239897 0.0317553 0.00230202 0.00028297
 0.698755 0.251171 0.0440557 0.005566 0.000451949
 0.800552 0.167861 0.0266081 0.00438255 0.000596613
 0.95704 0.0383645 0.00390095 0.000585455 0.000109231
 0.361621 0.62348 0.01337 0.00129813 0.000230593
 0.934997 0.0323474 0.031923 0.000657493 7.50134e-05
 0.576667 0.407079 0.00824445 0.00783022 0.000179301
 0.640801 0.254966 0.100395 0.00194864 0.00188878
 0.754005 0.187867 0.0417651 0.0157625 0.000601081
 0.779964 0.185491 0.0266307 0.00568986 0.00222452
 0.294833 0.609504 0.0811783 0.0111724 0.00331267
 0.767491 0.0959677 0.118602 0.0152279 0.00271178
 0.630171 0.31361 0.023696 0.028257 0.0042659
 0.42698 0.423412 0.127565 0.00930164 0.012742
 0.747023 0.13918 0.0848382 0.024699 0.00426001
 0.703758 0.246621 0.0277448 0.016317 0.00555895
 0.346744 0.519387 0.112091 0.012187 0.00959125
 0.486954 0.237487 0.220592 0.0460383 0.00892836
 0.818593 0.111968 0.0327768 0.0293605 0.00730163
 0.439933 0.49571 0.0403018 0.0113668 0.0126885
pobs_RECLAS
 0 0 0 0 0
 0 0 0 0 0
 0 0 0 0 0
 0 0 0 0 0
 0 0 0 0 0
 0 0 0 0 0
 0 0 0 0 0
 0 0 0 0 0
 0 0 0 0 0
 0 0 0 0 0
 0.991045 0.00858322 0.000360255 1.14367e-05 0
 0.934742 0.0480273 0.0164251 0.00080598 0
 0.827803 0.169806 0.00239088 0 0
 0.941827 0.0461693 0.0120037 0 0
 0.791401 0.0380133 0.147996 0.0225897 0
 0.846168 0.0940531 0.0597789 0 0
 0.134021 0.677848 0.182769 0.00536245 0
 0.80878 0.0450904 0.141981 0.00414843 0
 0.846168 0.0940531 0.0597789 0 0
 0.905697 0.0802665 0.012482 0.00150086 5.37128e-05
 0.989698 0.0102097 9.19794e-05 0 0
 0.975433 0.0193895 0.00387452 0.00125025 5.28907e-05
 0.303575 0.632131 0.0575291 0.00676475 0
 0.966965 0.00978017 0.0227588 0.000495775 0
 0.843318 0.132988 0.00938335 0.0141283 0.000182051
 0.564624 0.303363 0.111486 0.0197234 0.00080311
 0.826376 0.0876187 0.0782897 0.00655872 0.00115652
 0.89761 0.0855135 0.0140674 0.00269457 0.000114338
 0.34875 0.467042 0.161289 0.0227151 0.000203297
 0.318654 0.224769 0.449479 0.00709798 0
 0.937255 0.0296025 0.0250945 0.00804832 0
 0.456809 0.399803 0.12412 0.0192676 0
ppred_RECLAS
 0.617267 0.130295 0.232411 0.0200265 7.1721e-07
 0.583923 0.263114 0.0522427 0.0927315 0.0079887
 0.722314 0.169598 0.0685818 0.0134972 0.0260091
 0.799677 0.149261 0.0312992 0.012542 0.00722109
 0.776949 0.184204 0.0290504 0.00600683 0.00378992
 0.878211 0.0960112 0.0213087 0.00334263 0.00112691
 0.564986 0.386651 0.0381923 0.0084085 0.00176293
 0.578099 0.259205 0.144882 0.0140706 0.00374384
 0.706285 0.17361 0.0739026 0.0411439 0.00505791
 0.861283 0.103133 0.0211609 0.00887757 0.0055456
 0.919111 0.0719893 0.00665447 0.00133611 0.000909595
 0.856828 0.132258 0.00971851 0.000893927 0.000301595
 0.811944 0.165196 0.0211428 0.00152993 0.000188045
 0.800958 0.167033 0.0281691 0.00355137 0.000288333
 0.870935 0.109248 0.0166986 0.00274501 0.00037365
 0.973204 0.0240155 0.00236109 0.000353713 6.59877e-05
 0.475054 0.513074 0.0106556 0.00103281 0.000183447
 0.958662 0.0208967 0.0199833 0.000410887 4.68738e-05
 0.68656 0.301787 0.00591602 0.00560898 0.000128426
 0.743038 0.184112 0.070172 0.00135964 0.00131775
 0.831078 0.129983 0.0279913 0.0105461 0.000402127
 0.851188 0.126091 0.0175227 0.00373734 0.00146102
 0.398946 0.521701 0.0673547 0.00925445 0.00274375
 0.841313 0.0666983 0.07992 0.0102444 0.00182416
 0.729714 0.230296 0.0168716 0.0200858 0.00303204
 0.541383 0.341587 0.0998118 0.00726608 0.00995272
 0.825315 0.0974599 0.0575971 0.0167406 0.00288711
 0.789592 0.176074 0.0192117 0.0112801 0.00384263
 0.455917 0.435283 0.0911244 0.00989128 0.00778387
 0.603827 0.18648 0.167921 0.0349876 0.00678467
 0.878545 0.0758842 0.0215296 0.0192533 0.00478766
 0.552221 0.397711 0.031373 0.0088342 0.00986062
pobs_PELACES
 0 0 0 0 0
 0 0 0 0 0
 0 0 0 0 0
 0 0 0 0 0
 0 0 0 0 0
 0 0 0 0 0
 0 0 0 0 0
 0 0 0 0 0
 0 0 0 0 0
 0 0 0 0 0
 0 0 0 0 0
 0 0 0 0 0
 0 0 0 0 0
 0 0 0 0 0
 0 0 0 0 0
 0 0 0 0 0
 0.505614 0.472636 0.0217494 0 0
 0 0 0 0 0
 0.443492 0.261883 0.143347 0.151278 0
 0.227955 0.32914 0.350689 0.0885471 0.00366901
 0.970185 0.0296113 0.000203453 0 0
 0.997202 0.00247181 0.000326279 0 0
 0.445219 0.490057 0.0546422 0.010081 0
 0.90214 0.0892962 0.00764917 0.000914606 0
 0 0 0 0 0
 0.581667 0.319106 0.0959925 0.00289975 0.000334073
 0.762889 0.0836404 0.116647 0.0363945 0.000428098
 0.88444 0.0763242 0.0277011 0.0115352 0
 0.521256 0.241999 0.230069 0.00667565 0
 0.616807 0.101726 0.260614 0.0208532 0
 0.833518 0.0704572 0.0857862 0.0102388 0
 0.697417 0.212968 0.0787535 0.0105354 0.000325836
ppred_PELACES
 0.560639 0.144497 0.271234 0.0236284 8.48072e-07
 0.537301 0.28657 0.0597219 0.107155 0.00925162
 0.682668 0.189797 0.0805583 0.016026 0.0309501
 0.776416 0.164475 0.036072 0.0146083 0.0084292
 0.739384 0.21318 0.0353678 0.00739323 0.00467494
 0.856426 0.11194 0.0260978 0.00413843 0.00139828
 0.538234 0.40833 0.042101 0.00936665 0.00196811
 0.52126 0.288071 0.169578 0.0166506 0.00444009
 0.674263 0.188641 0.0840056 0.0472667 0.00582334
 0.8517 0.10899 0.0232707 0.00986381 0.0061751
 0.902224 0.0864881 0.00841479 0.00170812 0.00116542
 0.841003 0.146357 0.0112417 0.001045 0.000353335
 0.79087 0.182669 0.0244524 0.00178824 0.000220277
 0.793093 0.172529 0.0302157 0.00384844 0.00031313
 0.86054 0.117259 0.0186764 0.00310217 0.000423188
 0.969539 0.0271656 0.00279344 0.000422936 7.90748e-05
 0.435246 0.551359 0.0120094 0.00117658 0.000209443
 0.950144 0.024593 0.0246909 0.000513189 5.86735e-05
 0.653492 0.332965 0.00683885 0.00655352 0.000150382
 0.711026 0.204257 0.081568 0.00159741 0.00155161
 0.804947 0.148299 0.0335058 0.0127602 0.000487623
 0.830331 0.142663 0.0207734 0.00447823 0.0017545
 0.354885 0.556091 0.0754328 0.0104772 0.00311312
 0.810232 0.0773971 0.0974846 0.0126322 0.00225431
 0.689473 0.262332 0.0202028 0.0243142 0.00367843
 0.489206 0.375291 0.115359 0.00848986 0.0116547
 0.793073 0.112752 0.0700393 0.020579 0.00355691
 0.753512 0.204354 0.0234566 0.0139234 0.00475356
 0.404242 0.471493 0.103875 0.0113991 0.00899028
 0.552368 0.204925 0.193923 0.0408457 0.00793812
 0.855802 0.0882206 0.0262891 0.0237652 0.00592264
 0.498753 0.442338 0.0367459 0.0104611 0.0117024
pobs_pel_tallas
 0 0 0 0 0 0 0 0 0 0 0 0 0 0 0 0 0 0 0 0 0 0 0 0 0 0
 0 0 0 0 0 0 0 0 0 0 0 0 0 0 0 0 0 0 0 0 0 0 0 0 0 0
 0 0 0 0 0 0 0 0 0 0 0 0 0 0 0 0 0 0 0 0 0 0 0 0 0 0
 0 0 0 0 0 0 0 0 0 0 0 0 0 0 0 0 0 0 0 0 0 0 0 0 0 0
 0 0 0 0 0 0 0 0 0 0 0 0 0 0 0 0 0 0 0 0 0 0 0 0 0 0
 0 0 0 0 0 0 0 0 0 0 0 0 0 0 0 0 0 0 0 0 0 0 0 0 0 0
 0 0 0 0 0 0 0 0 0 0 0 0 0 0 0 0 0 0 0 0 0 0 0 0 0 0
 0 0 0 0 0 0 0 0 0 0 0 0 0 0 0 0 0 0 0 0 0 0 0 0 0 0
 0 0 0 0 0 0 0 0 0 0 0 0 0 0 0 0 0 0 0 0 0 0 0 0 0 0
 0 0 0 0 0 0 0 0 0 0 0 0 0 0 0 0 0 0 0 0 0 0 0 0 0 0
 0 0 0 0 0 0 0 0 0 0 0 0 0 0 0 0 0 0 0 0 0 0 0 0 0 0
 0 0 0 0 0 0 0 0 0 0 0 0 0 0 0 0 0 0 0 0 0 0 0 0 0 0
 0.00862536 0 0 0.000197151 0.00414017 0.0128641 0.00837892 0.0270097 0.101434 0.158115 0.152841 0.127902 0.109271 0.109419 0.0830992 0.0579132 0.0238553 0.00714673 0.00463305 0.00128148 0.00103504 0.000492878 0.000147863 0.000147863 4.92878e-05 0
 0 0 0 0 0 0 0 0 0 0 0 0 0 0 0 0 0 0 0 0 0 0 0 0 0 0
 0 0 0 0 0 0 0 0.0054083 0.00873648 0.0413646 0.0450493 0.0745869 0.0622846 0.0627006 0.0613931 0.0827291 0.12552 0.122667 0.0946155 0.0697135 0.0546179 0.0294188 0.0215738 0.0213955 0.0102223 0.00600262
 0 0 0 0 0.00359764 0.0251062 0.0480494 0.140153 0.205849 0.193036 0.1447 0.116669 0.0760912 0.0342217 0.00950174 0.001854 0.000860785 0 0 0 0.000165536 0 0.000143464 0 0 0
 0 0 0 0 0 0 0 0.000145254 0.000435761 0.0275982 0.070085 0.0708112 0.156366 0.174668 0.174014 0.160142 0.0824315 0.0480064 0.0283245 0.00493863 0.00203355 0 0 0 0 0
 0 0 0 0 0 0 0 0 0 0 0 0 0 0 0 0 0 0 0 0 0 0 0 0 0 0
 0 0 1.00437e-05 0.000401748 0.00122533 0.00171747 0.00176769 0.0269171 0.070346 0.194647 0.189555 0.159765 0.064822 0.0314167 0.0384472 0.0292271 0.0345202 0.0313363 0.0194345 0.0106764 0.0143323 0.0359363 0.0279516 0.0138201 0.00172751 0
 0 0.0021121 0.0136068 0.0755702 0.200478 0.177729 0.0527432 0.0373336 0.0318909 0.0142505 0.0149659 0.0166563 0.0217959 0.0798694 0.0677717 0.0528807 0.04013 0.0224614 0.0357745 0.0225083 0.00881397 0.00855152 0.00135912 0.000746735 0 0
 0 0 0 0 5.4009e-05 0.00500934 0.000945158 0.0243581 0.138947 0.33067 0.221406 0.137944 0.0707744 0.0437923 0.0131692 0.00525238 0.0047753 0.00276346 9.45158e-05 9.00151e-06 2.25038e-05 9.00151e-06 4.50075e-06 0 0 0
 0.000866109 0.00284123 0.00948549 0.0512746 0.133035 0.25785 0.225252 0.132002 0.0553304 0.0519788 0.0540692 0.017754 0.00435017 0.00159236 0.00146478 0.000404838 0.000125132 0.000115318 0.000107957 0.000100596 0 0 0 0 0 0
 0 0 0 0 0.00144013 0.00171154 0.00461396 0.0210425 0.0478622 0.0707936 0.0888783 0.103762 0.0637923 0.0337046 0.0602308 0.124433 0.169614 0.0934646 0.0462172 0.0250306 0.0313229 0.00938855 0.002487 0.000210481 0 0
 0 0.00764035 0.051015 0.0998891 0.058973 0.0496711 0.0374665 0.0718981 0.12319 0.153886 0.159021 0.0857701 0.0377988 0.023471 0.0147837 0.00900784 0.00315554 0.000888139 0.00291439 0.00214683 0.00393193 0.00274676 0.000635225 9.99891e-05 0 0
 0 0 0 0 0 0 0 0 0 0 0 0 0 0 0 0 0 0 0 0 0 0 0 0 0 0
 0 0 0 0 0 0 0 0 0 0 0 0 0 0 0 0 0 0 0 0 0 0 0 0 0 0
 0 0 0 0 0 0 0 0 0 0 0 0 0 0 0 0 0 0 0 0 0 0 0 0 0 0
 0 0 0 0 0 0 0 0 0 0 0 0 0 0 0 0 0 0 0 0 0 0 0 0 0 0
 0 0 0 0 0 0 0 0 0 0 0 0 0 0 0 0 0 0 0 0 0 0 0 0 0 0
 0 0 0 0 0 0 0 0 0 0 0 0 0 0 0 0 0 0 0 0 0 0 0 0 0 0
 0 0 0 0 0 0 0 0 0 0 0 0 0 0 0 0 0 0 0 0 0 0 0 0 0 0
 0 0 0 0 0 0 0 0 0 0 0 0 0 0 0 0 0 0 0 0 0 0 0 0 0 0
ppred_pel_tallas
 1.10234e-16 4.61791e-05 0.000448878 0.00298295 0.0135601 0.0421905 0.0898918 0.131203 0.131217 0.089962 0.0424272 0.0142488 0.00473061 0.00432649 0.00759319 0.0129557 0.0197644 0.0271528 0.034184 0.0402948 0.0453861 0.0494183 0.0519348 0.0520626 0.0490629 0.0429553
 1.14109e-16 4.42568e-05 0.000430192 0.00285878 0.0129956 0.0404343 0.0861506 0.125745 0.125773 0.0862859 0.0408889 0.0143095 0.00616054 0.00765086 0.0137974 0.0228498 0.0331859 0.0423508 0.0479153 0.0488757 0.0462817 0.0424816 0.0395712 0.0382539 0.0378086 0.0369005
 1.09219e-16 5.62305e-05 0.000546581 0.00363222 0.0165116 0.0513737 0.109458 0.159761 0.159779 0.109548 0.0516758 0.0173852 0.00582984 0.00535934 0.00924201 0.0153103 0.0223355 0.0286977 0.0327863 0.0338794 0.0325477 0.0301821 0.0280393 0.0265721 0.0254486 0.0240434
 1.03975e-16 6.39524e-05 0.00062164 0.00413102 0.018779 0.0584286 0.124489 0.181698 0.181714 0.124566 0.0586892 0.019532 0.00602248 0.00475492 0.00792637 0.0130363 0.0188537 0.0238835 0.0266497 0.0264841 0.0239159 0.0202864 0.0169062 0.0144175 0.0127351 0.0114144
 1.02608e-16 6.09021e-05 0.00059199 0.00393398 0.0178833 0.0556418 0.118552 0.173034 0.173054 0.118652 0.0559791 0.0188577 0.00638009 0.00593329 0.0102092 0.0167925 0.0242103 0.0304997 0.0337004 0.032907 0.0287975 0.0231555 0.0177846 0.0136668 0.0108487 0.00887445
 1.01434e-16 7.05427e-05 0.0006857 0.00455672 0.0207142 0.0644496 0.137317 0.20042 0.200431 0.13737 0.0646269 0.0212266 0.0058438 0.00349796 0.00541899 0.00886637 0.0128104 0.0162023 0.0180202 0.0177873 0.0158396 0.013074 0.0103872 0.00825262 0.00667992 0.00545053
 1.02592e-16 4.43337e-05 0.00043094 0.00286375 0.0130182 0.0405047 0.0863009 0.125967 0.126006 0.0864931 0.0411498 0.0148813 0.00753912 0.0106331 0.0194074 0.0319812 0.0459877 0.0576651 0.0632048 0.0608445 0.0519183 0.0399581 0.0286006 0.0199242 0.0141673 0.0105084
 1.07389e-16 4.29356e-05 0.000417349 0.00277343 0.0126076 0.0392272 0.0835787 0.121991 0.122019 0.0837155 0.0396869 0.0139381 0.00612277 0.00776097 0.0140834 0.0234583 0.0343542 0.0443771 0.0510684 0.0532233 0.0514782 0.0476275 0.0432878 0.0390429 0.0345975 0.0295188
 1.08199e-16 5.55382e-05 0.000539851 0.0035875 0.0163083 0.0507412 0.10811 0.157794 0.157812 0.1082 0.0510417 0.0171775 0.0057747 0.00533198 0.00920856 0.0152734 0.0223238 0.0287724 0.0330405 0.0344206 0.0334599 0.0314773 0.0296169 0.0282095 0.0268401 0.0248831
 1.02734e-16 7.01534e-05 0.000681916 0.00453157 0.0205999 0.0640939 0.136559 0.199314 0.199325 0.136611 0.0642666 0.0210988 0.00578479 0.00342038 0.00527901 0.00863776 0.0124881 0.0158166 0.0176442 0.0175295 0.0158265 0.0134283 0.0112071 0.00958924 0.00851479 0.00768147
 1.00634e-16 7.4315e-05 0.000722368 0.00480039 0.0218219 0.067896 0.14466 0.211137 0.211146 0.144701 0.0680327 0.0222165 0.00579051 0.00288281 0.00417441 0.00677575 0.00973522 0.0122037 0.0133705 0.0128633 0.0109672 0.00843419 0.0060386 0.00422275 0.00303573 0.00229806
 1.00527e-16 6.92724e-05 0.000673352 0.00447466 0.0203412 0.063289 0.134844 0.196812 0.196826 0.134913 0.0635201 0.0210085 0.00614884 0.00432542 0.00699733 0.0114375 0.0164201 0.0205438 0.0224296 0.0214398 0.0180568 0.0135653 0.00929999 0.00604212 0.00390706 0.00261371
 1.0097e-16 6.5143e-05 0.000633213 0.00420792 0.0191286 0.0595163 0.126807 0.185081 0.185099 0.126893 0.0598051 0.0199626 0.00630122 0.00520212 0.00873998 0.0143393 0.0206336 0.0259102 0.0284649 0.0275034 0.0236034 0.0183155 0.0132356 0.00927582 0.00655053 0.00472572
 1.01356e-16 6.53261e-05 0.000634993 0.00421975 0.0191824 0.0596836 0.127163 0.185601 0.185618 0.127244 0.0599566 0.019971 0.0061996 0.0049582 0.00827929 0.0135925 0.0195934 0.024677 0.0272483 0.0265623 0.0231517 0.0184455 0.0138986 0.0103187 0.00777791 0.00595666
 1.00952e-16 7.08815e-05 0.000688994 0.00457861 0.0208137 0.0647592 0.137977 0.201383 0.201395 0.138032 0.0649446 0.0213495 0.00592359 0.00362551 0.00564902 0.00922966 0.0132951 0.0167308 0.0184498 0.0179468 0.0155899 0.0123599 0.00925656 0.00683641 0.00514844 0.0039666
 1.00144e-16 7.98596e-05 0.000776264 0.00515855 0.02345 0.0729617 0.155453 0.226888 0.226891 0.155466 0.0730046 0.023574 0.00546957 0.00145492 0.00136786 0.00213254 0.00305852 0.00383372 0.00419964 0.00403826 0.00343788 0.00263341 0.00186735 0.00127928 0.000886938 0.000637587
 1.00641e-16 3.58507e-05 0.000348482 0.00231579 0.0105273 0.0327545 0.0697889 0.10187 0.101923 0.070048 0.0336241 0.0130376 0.00861166 0.0140747 0.0260523 0.042876 0.061439 0.0765822 0.0830732 0.0784993 0.0647423 0.0467916 0.0298833 0.0171563 0.00915314 0.00479142
 1.00781e-16 7.82621e-05 0.000760736 0.00505536 0.0229809 0.0715022 0.152343 0.22235 0.222352 0.152355 0.0715417 0.0230956 0.00534483 0.00139779 0.00130309 0.0020692 0.00306295 0.00403725 0.00479045 0.00521757 0.00534664 0.00527882 0.00508704 0.00476743 0.00427681 0.00360586
 1.00966e-16 5.38274e-05 0.000523221 0.00347699 0.0158059 0.0491782 0.104781 0.152937 0.152969 0.104937 0.0497034 0.017322 0.00727946 0.00881372 0.0157687 0.0259044 0.0371259 0.0462988 0.0502715 0.0475995 0.0394298 0.0287778 0.0187935 0.0113426 0.00670974 0.00419704
 1.02829e-16 5.85663e-05 0.000569285 0.0037831 0.0171974 0.0535077 0.114005 0.166397 0.166417 0.114101 0.0538324 0.0181362 0.00614314 0.00573363 0.0099026 0.0163714 0.0237924 0.0303607 0.0342528 0.0345863 0.0318827 0.0276051 0.0231813 0.0193124 0.0159781 0.0128925
 1.02368e-16 6.63025e-05 0.000644483 0.00428282 0.0194691 0.0605756 0.129063 0.188375 0.188389 0.129133 0.0608106 0.020148 0.00598819 0.00437095 0.00715429 0.0117509 0.0169879 0.0215042 0.0239571 0.0237271 0.0212707 0.0177792 0.0144292 0.0118182 0.00991586 0.00838898
 1.01383e-16 6.83933e-05 0.000664807 0.00441788 0.020083 0.0624859 0.133133 0.194315 0.194329 0.1332 0.0627115 0.0207347 0.00605369 0.00423594 0.00685104 0.0112189 0.0161569 0.0203221 0.0223935 0.0217607 0.0188802 0.0149575 0.01122 0.00834855 0.00639446 0.00506314
 1.03897e-16 2.92316e-05 0.000284141 0.00188822 0.00858361 0.0267071 0.0569042 0.0830646 0.0831182 0.0571661 0.0275863 0.0111229 0.00826171 0.014196 0.0264456 0.0436605 0.062859 0.078973 0.0868406 0.0840595 0.0724012 0.0565852 0.0414509 0.0297338 0.0217257 0.0163528
 1.04482e-16 6.67377e-05 0.000648715 0.00431094 0.0195969 0.0609733 0.12991 0.189609 0.189617 0.129947 0.0610985 0.0199604 0.00523013 0.00267726 0.00398361 0.00664779 0.00996069 0.0133406 0.0162169 0.0182891 0.0196222 0.0204396 0.020812 0.0205446 0.0193529 0.0171432
 1.03711e-16 5.6791e-05 0.000552029 0.00366843 0.0166762 0.0518859 0.110549 0.161355 0.16138 0.110673 0.0523003 0.0178729 0.00667151 0.007105 0.0124942 0.0205463 0.0295504 0.0370815 0.0407191 0.0393745 0.033957 0.0267758 0.0201656 0.0153933 0.0124766 0.0107194
 1.06249e-16 4.02953e-05 0.000391685 0.00260288 0.0118324 0.0368151 0.0784397 0.114493 0.114529 0.078617 0.0374105 0.0135535 0.00692779 0.00984823 0.0180445 0.0298832 0.0433126 0.0550244 0.0616469 0.0615883 0.0559187 0.0475167 0.0392188 0.0324572 0.0271865 0.0227016
 1.04716e-16 6.53244e-05 0.000634976 0.00421964 0.0191819 0.059682 0.127159 0.185595 0.185606 0.127213 0.0598622 0.0197035 0.0055333 0.00351735 0.00558262 0.00923907 0.0135689 0.0176234 0.020472 0.021677 0.0215066 0.0206489 0.0196764 0.0187133 0.0175163 0.0158028
 1.0293e-16 6.20658e-05 0.000603302 0.00400916 0.018225 0.056705 0.120817 0.17634 0.176359 0.120913 0.057028 0.0191581 0.00635092 0.00571479 0.00976812 0.0160469 0.0231036 0.0290441 0.031987 0.0310785 0.0270052 0.0215301 0.0164339 0.0126802 0.0102881 0.00874921
 1.05783e-16 3.3297e-05 0.000323659 0.00215083 0.00977738 0.0304213 0.0648175 0.0946126 0.0946581 0.0650399 0.0311681 0.011935 0.00756952 0.0121616 0.0225417 0.0372808 0.0538572 0.0680491 0.0755533 0.0743556 0.0658842 0.0539516 0.0423908 0.0332545 0.0266248 0.0215875
 1.11089e-16 4.54979e-05 0.000442256 0.00293895 0.01336 0.0415681 0.088566 0.129269 0.129289 0.088664 0.0418978 0.0143156 0.00535063 0.00575015 0.010253 0.0172104 0.0255646 0.0337764 0.0402656 0.0442526 0.0460773 0.0466582 0.0465873 0.045677 0.0432747 0.038946
 1.04167e-16 7.04913e-05 0.000685201 0.0045534 0.0206991 0.0644026 0.137217 0.200274 0.200282 0.137259 0.0645428 0.0211043 0.00557197 0.00291405 0.00431949 0.00707259 0.0102863 0.0131647 0.0149563 0.0153398 0.0146124 0.0134622 0.0125058 0.0119548 0.0116161 0.0111337
 1.04203e-16 4.10817e-05 0.000399329 0.00265368 0.0120633 0.0375335 0.0799708 0.116729 0.116771 0.0801789 0.0382322 0.0140807 0.00771583 0.0114438 0.0209983 0.0346022 0.0497324 0.0623139 0.0682248 0.0655781 0.055864 0.0429707 0.0308952 0.0219094 0.016231 0.0128672
pSPR Fmed_Fpbrs
0.578248   0.6 0.325
Fs Fmed_Fpbrs
0.341307   0.315748 0.790593
SSBpbr Bo_Bmed_Bpbrs
880982  465377  484540 242270
Ro
109716
SPR SPRFo_SPRFmed_SPRFpbrs
789744 456668 256667
Fref
0.315748
Nvult_r0
 42077.8 32667.9 2592.85 730.354 815.225
CTP_r0
 5309.63 5982.81 486.409 137.188 153.14
YTP_r0
218835
Np
 113194 34191.3 5324.87 3651.37 363.9
Nvult_p0
 79002.6 24929.3 3895.6 2671.77 266.275
CTP_p0
 13009.3 3358.57 2385.24 187.785 68.3061
 13009.3 5841.83 933.666 641.119 63.8994
YTP_p0
 222399 244836
CBA_c0
251829
log_Ro
11.4256
likeval ReclasPelacesDesembMPH_pf_preclas_ppelaces_ptallas_desvR_qrecl_qpela
 12.5364 16.5235 0.0141714 0.000830326 234.261 126.587 115.149 0 25.1062 2.35971e-05 6.38855e-05 0.0249813 7.32786e-16 0 0
q_reclas_q_pelaces
1.98771 3.09677
M
1
N
 144508 32156.7 57614.2 4965.73 0.17784
 88199.9 43916.4 8793.44 15615.6 1345.3
 87169.6 22604.3 9217.38 1814.85 3497.29
 101836 22385 4759.08 1908.45 1098.84
 82421.2 20726.3 3284.94 679.42 428.675
 205901 24500.1 5476.44 859.406 289.741
 66746.3 55745.6 5599.48 1233.92 258.715
 25624.2 11940.7 6695.87 650.405 173.058
 28446.4 8199.22 3537.34 1970.78 242.282
 38069.1 5880.77 1232.76 517.778 323.464
 67708.4 5570.82 517.087 103.846 70.697
 113513 20843.6 1554.16 143.068 48.2707
 93004.3 22275.7 2890.4 209.31 25.7276
 67924.1 18955.8 3276.11 413.581 33.5806
 55141.7 8704.88 1356.54 223.23 30.3877
 303897 8825.71 879.675 131.882 24.6044
 51238.2 62001.7 1300.05 126.074 22.3938
 521074 12490.6 12040.6 247.68 28.2559
 271049 135898 2693.71 2555.45 58.5125
 219196 61932.8 23867.1 462.722 448.482
 287985 50137.6 10894.8 4106.78 156.597
 425785 71876.4 10099.1 2155.27 842.577
 68819.1 97615.8 12689.3 1744.14 517.11
 221217 18863.8 22742.3 2916.15 519.271
 184299 62509.6 4607.33 5486.88 828.284
 78030.8 52236.7 15339.8 1117.01 1530.04
 182183 23168.7 13778 4005.92 690.88
 216713 51251.5 5619.86 3300.59 1124.38
 64079.2 64444.2 13550.2 1471.19 1157.75
 58523.4 19529.4 17700.9 3689.42 715.452
 172559 16265.5 4648.84 4158.99 1034.22
 61735 46271.4 3662.34 1031.45 1151.31
pred_Ctot
 16135.5 5344.62 9828.11 848.254 0.0303811
 17415.6 12473.1 2556.18 4544.93 391.575
 17130.1 6391.9 2667.75 525.915 1013.53
 30160 9147.15 1983.84 796.387 458.566
 10177.3 3791.98 616.597 127.704 80.5801
 35234.3 6095.37 1395.69 219.305 73.9415
 22959.5 25905.5 2650.21 584.575 122.574
 2133.15 1495.96 861.763 83.8279 22.3064
 8250.33 3289.8 1448.17 807.69 99.3005
 15588.5 3157.53 672.623 282.752 176.647
 7086.9 870.297 82.9286 16.6778 11.3549
 35209.1 8865.98 674.062 62.1148 20.9584
 27492.9 9087.62 1202.93 87.2035 10.7193
 30395.2 10925.7 1916.38 242.116 19.6593
 21037.6 4411.19 699.231 115.168 15.6783
 89714.9 3596.36 365.684 54.8818 10.2396
 11296.3 19476.2 417.651 40.5508 7.20326
 98584.6 3410.65 3365.91 69.3251 7.90929
 67462.8 47623.1 964.497 916.037 20.9759
 54457.9 21668.1 8532 165.603 160.516
 60406.6 15050.8 3345.99 1262.8 48.1552
 105363 25057.6 3597.48 768.63 300.505
 11356.9 23478 3126.98 430.359 127.604
 33130.2 4142.63 5119.68 657.342 117.059
 27315.6 13593.8 1027.14 1224.84 184.911
 9682.13 9601.24 2892.64 210.923 288.936
 27695 5159.94 3145.27 915.688 157.935
 26714.6 9361.72 1053.19 619.394 211.018
 7056.18 10569.4 2281.03 248.003 195.18
 9253.78 4513.06 4191.99 874.883 169.669
 30340.4 4150.01 1214.84 1088.22 270.628
 5309.63 5982.81 486.409 137.188 153.14
F
 0.191051 0.296616 0.3055 0.305983 0.306008
 0.361468 0.561196 0.578005 0.578918 0.578966
 0.359464 0.558084 0.5748 0.575708 0.575756
 0.591959 0.919043 0.94657 0.948065 0.948144
 0.213165 0.330949 0.340862 0.3414 0.341428
 0.306596 0.476005 0.490262 0.491036 0.491077
 0.720949 1.11931 1.15283 1.15465 1.15475
 0.139497 0.216575 0.223062 0.223414 0.223433
 0.576331 0.894781 0.921582 0.923037 0.923114
 0.921861 1.43123 1.4741 1.47643 1.47655
 0.178162 0.276605 0.28489 0.285339 0.285363
 0.62842 0.975652 1.00487 1.00646 1.00654
 0.590538 0.916837 0.944298 0.945789 0.945868
 1.05451 1.63717 1.68621 1.68887 1.68901
 0.832237 1.29209 1.33079 1.33289 1.333
 0.589528 0.91527 0.942684 0.944173 0.944251
 0.411505 0.63888 0.658016 0.659055 0.659109
 0.343989 0.534059 0.550056 0.550924 0.55097
 0.476251 0.739402 0.761549 0.762751 0.762814
 0.475197 0.737765 0.759863 0.761063 0.761126
 0.387962 0.602329 0.62037 0.621349 0.621401
 0.472894 0.73419 0.756181 0.757375 0.757438
 0.294234 0.456812 0.470494 0.471237 0.471276
 0.263824 0.409599 0.421867 0.422533 0.422568
 0.260777 0.404868 0.416995 0.417653 0.417688
 0.214301 0.332713 0.342678 0.343219 0.343248
 0.268267 0.416497 0.428972 0.429649 0.429685
 0.212774 0.330341 0.340236 0.340773 0.340801
 0.188197 0.292184 0.300936 0.301411 0.301436
 0.280382 0.435306 0.448345 0.449052 0.44909
 0.316218 0.490943 0.505648 0.506446 0.506488
 0.144408 0.2242 0.230916 0.23128 0.231299
YTP_r0W_actual
 45662.8 148374 13570.8 5117.1 6110.28
YTP_p0W_proyectada
 98090.3 58607.1 57412.7 5881.44 2407.79
 98090.3 101940 22473.4 20079.8 2252.45
CTP_r0_actual
 5309.63 5982.81 486.409 137.188 153.14
CTP_p0_proyectada
 13009.3 3358.57 2385.24 187.785 68.3061
 13009.3 5841.83 933.666 641.119 63.8994
Wmedp
 7.54 17.45 24.07 31.32 35.25
Frms_r0
 0.144408 0.2242 0.230916 0.23128 0.231299
Zrms_r0
 1.14441 1.2242 1.23092 1.23128 1.2313
nmprior
 7.27 8.72 9 0
nm_flota  nm_reclas  nm_pelaces    nm_pelaL
inf 16.9517 15.4919 46.3603
cv_recla  cv_pelaces  cv_mph
0.313227 0.445288 0.889262
 ------------------------------------------------
Talla a la edad & desviaci?n 
 8 13.2811 15.8009 17.003 17.5766
 0.8 1.32811 1.58009 1.7003 1.75766
