years
 1991 1992 1993 1994 1995 1996 1997 1998 1999 2000 2001 2002 2003 2004 2005 2006 2007 2008 2009 2010 2011 2012 2013 2014 2015 2016 2017 2018 2019 2020 2021 2022
reclasobs
 0 0 0 0 0 0 0 0 0 252601 567819 844713 477998 351125 339783 2.1784e+06 2.13404e+06 4.81314e+06 1.55562e+06 2.62356e+06 3.21686e+06 3.843e+06 1.13348e+06 3.07943e+06 1.97215e+06 2.03268e+06 2.025e+06 2.42433e+06 2.27542e+06 1.05018e+06 2.36338e+06 3.18982e+06
reclaspred
 6.87393e+06 2.07492e+06 1.05319e+06 828340 252007 3.33501e+06 1.78176e+06 764117 547591 250568 425526 821400 743423 556815 425957 1.78082e+06 957492 4.17289e+06 2.99918e+06 2.09315e+06 3.10187e+06 3.16357e+06 1.78722e+06 3.2051e+06 2.42839e+06 1.72285e+06 2.20122e+06 3.20124e+06 2.54513e+06 1.08701e+06 1.86176e+06 1.63941e+06
pelacesobs
 0 0 0 0 0 0 0 0 0 0 0 0 0 0 0 552880 188675 0 991730 2.46772e+06 1.41603e+06 1.21717e+06 2.29649e+06 1.80582e+06 0 1.4828e+06 1.56532e+06 1.57751e+06 1.42118e+06 867257 1.10002e+06 1.06204e+06
pelacespred
 6.17793e+06 1.74675e+06 598719 322380 110121 1.91801e+06 973239 625095 287062 92365.4 233130 350871 352960 242994 184569 769110 426934 2.33452e+06 1.63911e+06 998480 1.56579e+06 1.58413e+06 1.0083e+06 2.03376e+06 1.50256e+06 1.08584e+06 1.49677e+06 1.98629e+06 1.65778e+06 736807 913266 977307
mphobs
 0 0 0 0 0 0 0 0 0 0 0 498337 0 5186 125008 0 168611 109162 213762 579715 649985 157893 87575 83554 210694 70296 0 107559 103333 445601 22526 0
mphpred
 1.11371e+06 471342 94043.6 93599.2 42659.9 14248.6 351979 105890 49689.1 27067.3 10390.5 44054.7 55426.1 36175.4 19831.9 21793.8 156552 55227.7 374257 171441 192658 206447 268077 121897 279331 209551 120563 171607 361534 168532 65556.3 207469
desembarqueobs
 494567 514787 250237 358949 120608 361735 552515 73892 212993 205616 52469 317467 293654 387597 252695 516296 358380 742168 942051 627588 828172 859565 418607 520667 417249 300574 415391 372974 316634 284311 391294 218835
desembarquepred
 494507 514495 249978 358638 120537 361578 551955 73874.7 212822 205431 52457 317200 293349 386991 252411 515809 358131 741506 940511 626508 827678 858622 418229 520371 416849 300318 415064 372697 316329 283897 390923 218786
Reclutas
 27308.8 18464 154541 57715.9 15271 294199 23028.8 6862.52 29258.9 35873 39355.3 105816 77624.3 68152.9 43450 252353 21196.3 427464 202393 208327 204950 402730 29275.5 169135 138898 39886.9 127859 168878 36060.2 34459.2 126178 17734.6
log_desv_Rt
 -0.91111 -1.3025 0.822141 -0.162786 -1.49236 1.46594 -1.08157 -2.29224 -0.842135 -0.638333 -0.545688 0.44338 0.133562 0.00343557 -0.446708 1.31251 -1.16449 1.83955 1.09189 1.12079 1.10445 1.77995 -0.841567 0.912376 0.715423 -0.532271 0.632607 0.910856 -0.633129 -0.678542 0.619379 -1.3428
SSB
 1.62638e+06 688312 137334 136685 62297.3 20807.6 514004 154634 72562.3 39527 15173.5 64334.2 80940.1 52827.8 28961 31826.1 228616 80650.4 546537 250360 281344 301479 391479 178009 407915 306013 176061 250602 527957 246111 95733.5 302972
BT
 2.07102e+06 998382 435802 385856 134263 1.32082e+06 788978 257709 318940 231947 157132 423818 423604 519933 338795 802147 422209 1.8595e+06 1.52883e+06 918214 1.39645e+06 1.4286e+06 682933 1.45125e+06 925644 642480 1.11687e+06 1.21372e+06 781845 523909 735033 495266
Ftot
 0.31053 0.981568 0.983413 1.62208 1.73123 0.480799 1.2107 0.415807 1.50909 2.66572 0.542247 1.51818 1.53513 2.41112 2.15768 1.20101 1.42378 0.767347 1.24897 1.21199 1.09468 1.11785 0.95367 0.699763 0.728998 0.733656 0.803075 0.511155 0.532972 1.04948 0.891602 0.57122
BD_Bspro_t
 0.95168 0.631495 0.253169 0.263605 0.113325 0.0532942 0.480286 0.198711 0.144495 0.102226 0.0561161 0.259733 0.195908 0.118622 0.0659486 0.0745874 0.253088 0.108377 0.367441 0.196584 0.182067 0.192418 0.245554 0.146513 0.3101 0.300565 0.243332 0.344601 0.495482 0.322996 0.189413 0.364378
BD_Bspro
 3.32669 1.40791 0.280911 0.279583 0.127426 0.042561 1.05137 0.316296 0.148423 0.0808507 0.0310367 0.131593 0.165559 0.108057 0.0592384 0.0650988 0.467624 0.164967 1.11792 0.5121 0.575476 0.616662 0.800752 0.36411 0.83437 0.625935 0.360124 0.512594 1.07991 0.503409 0.195818 0.619715
BD_Bo
 3.20965 1.35838 0.271028 0.269747 0.122943 0.0410637 1.01438 0.305168 0.143201 0.0780062 0.0299447 0.126963 0.159735 0.104255 0.0571543 0.0628085 0.451173 0.159163 1.07859 0.494083 0.55523 0.594967 0.77258 0.3513 0.805016 0.603914 0.347454 0.49456 1.04192 0.485698 0.188929 0.597912
BD_Brms
 5.83573 2.46978 0.492778 0.490449 0.223533 0.0746612 1.84433 0.554852 0.260366 0.141829 0.054445 0.230842 0.290426 0.189555 0.103917 0.114197 0.820314 0.289387 1.96107 0.898333 1.00951 1.08176 1.40469 0.638727 1.46366 1.09803 0.631735 0.8992 1.8944 0.883088 0.343508 1.08711
Sel_flota
 0.704083 0.978358 0.998837 0.999939 0.999997
 0.704083 0.978358 0.998837 0.999939 0.999997
 0.704083 0.978358 0.998837 0.999939 0.999997
 0.704083 0.978358 0.998837 0.999939 0.999997
 0.704083 0.978358 0.998837 0.999939 0.999997
 0.704083 0.978358 0.998837 0.999939 0.999997
 0.704083 0.978358 0.998837 0.999939 0.999997
 0.704083 0.978358 0.998837 0.999939 0.999997
 0.704083 0.978358 0.998837 0.999939 0.999997
 0.704083 0.978358 0.998837 0.999939 0.999997
 0.704083 0.978358 0.998837 0.999939 0.999997
 0.704083 0.978358 0.998837 0.999939 0.999997
 0.704083 0.978358 0.998837 0.999939 0.999997
 0.704083 0.978358 0.998837 0.999939 0.999997
 0.704083 0.978358 0.998837 0.999939 0.999997
 0.704083 0.978358 0.998837 0.999939 0.999997
 0.704083 0.978358 0.998837 0.999939 0.999997
 0.704083 0.978358 0.998837 0.999939 0.999997
 0.704083 0.978358 0.998837 0.999939 0.999997
 0.704083 0.978358 0.998837 0.999939 0.999997
 0.704083 0.978358 0.998837 0.999939 0.999997
 0.704083 0.978358 0.998837 0.999939 0.999997
 0.704083 0.978358 0.998837 0.999939 0.999997
 0.704083 0.978358 0.998837 0.999939 0.999997
 0.704083 0.978358 0.998837 0.999939 0.999997
 0.704083 0.978358 0.998837 0.999939 0.999997
 0.704083 0.978358 0.998837 0.999939 0.999997
 0.704083 0.978358 0.998837 0.999939 0.999997
 0.704083 0.978358 0.998837 0.999939 0.999997
 0.704083 0.978358 0.998837 0.999939 0.999997
 0.704083 0.978358 0.998837 0.999939 0.999997
 0.704083 0.978358 0.998837 0.999939 0.999997
Sel_reclas
 0.730316 1 1 1 1
 0.730316 1 1 1 1
 0.730316 1 1 1 1
 0.730316 1 1 1 1
 0.730316 1 1 1 1
 0.730316 1 1 1 1
 0.730316 1 1 1 1
 0.730316 1 1 1 1
 0.730316 1 1 1 1
 0.730316 1 1 1 1
 0.730316 1 1 1 1
 0.730316 1 1 1 1
 0.730316 1 1 1 1
 0.730316 1 1 1 1
 0.730316 1 1 1 1
 0.730316 1 1 1 1
 0.730316 1 1 1 1
 0.730316 1 1 1 1
 0.730316 1 1 1 1
 0.730316 1 1 1 1
 0.730316 1 1 1 1
 0.730316 1 1 1 1
 0.730316 1 1 1 1
 0.730316 1 1 1 1
 0.730316 1 1 1 1
 0.730316 1 1 1 1
 0.730316 1 1 1 1
 0.730316 1 1 1 1
 0.730316 1 1 1 1
 0.730316 1 1 1 1
 0.730316 1 1 1 1
 0.730316 1 1 1 1
Sel_pelaces
 0.457462 0.809286 0.955269 0.990781 0.998155
 0.457462 0.809286 0.955269 0.990781 0.998155
 0.457462 0.809286 0.955269 0.990781 0.998155
 0.457462 0.809286 0.955269 0.990781 0.998155
 0.457462 0.809286 0.955269 0.990781 0.998155
 0.457462 0.809286 0.955269 0.990781 0.998155
 0.457462 0.809286 0.955269 0.990781 0.998155
 0.457462 0.809286 0.955269 0.990781 0.998155
 0.457462 0.809286 0.955269 0.990781 0.998155
 0.457462 0.809286 0.955269 0.990781 0.998155
 0.457462 0.809286 0.955269 0.990781 0.998155
 0.457462 0.809286 0.955269 0.990781 0.998155
 0.457462 0.809286 0.955269 0.990781 0.998155
 0.457462 0.809286 0.955269 0.990781 0.998155
 0.457462 0.809286 0.955269 0.990781 0.998155
 0.457462 0.809286 0.955269 0.990781 0.998155
 0.457462 0.809286 0.955269 0.990781 0.998155
 0.457462 0.809286 0.955269 0.990781 0.998155
 0.457462 0.809286 0.955269 0.990781 0.998155
 0.457462 0.809286 0.955269 0.990781 0.998155
 0.457462 0.809286 0.955269 0.990781 0.998155
 0.457462 0.809286 0.955269 0.990781 0.998155
 0.457462 0.809286 0.955269 0.990781 0.998155
 0.457462 0.809286 0.955269 0.990781 0.998155
 0.457462 0.809286 0.955269 0.990781 0.998155
 0.457462 0.809286 0.955269 0.990781 0.998155
 0.457462 0.809286 0.955269 0.990781 0.998155
 0.457462 0.809286 0.955269 0.990781 0.998155
 0.457462 0.809286 0.955269 0.990781 0.998155
 0.457462 0.809286 0.955269 0.990781 0.998155
 0.457462 0.809286 0.955269 0.990781 0.998155
 0.457462 0.809286 0.955269 0.990781 0.998155
pf_obs 
 0.8446 0.082 0.0669 0.0065 0
 0.8095 0.147 0.0364 0.0071 0
 0.9664 0.0169 0.016 0.0007 0
 0.9276 0.0648 0.0075 0.0001 0
 0.7033 0.2144 0.0806 0.0017 0
 0.9318 0.0425 0.0243 0.0014 0
 0.5671 0.3108 0.0964 0.0239 0.0018
 0.0768 0.2599 0.5324 0.112 0.0189
 0.490249 0.384438 0.106611 0.0170017 0.00170017
 0.7925 0.1577 0.0466 0.003 0.0002
 0.840416 0.127587 0.0312969 0.00059994 9.999e-05
 0.8084 0.0986 0.0794 0.0134 0.0002
 0.7335 0.1905 0.0724 0.0035 0.0001
 0.4001 0.4547 0.1325 0.0127 0
 0.49795 0.308269 0.164784 0.0264974 0.00249975
 0.9179 0.0499 0.0305 0.0017 0
 0.2467 0.6533 0.0926 0.0074 0
 0.9418 0.0223 0.034 0.0019 0
 0.707729 0.231977 0.0356964 0.0245975 0
 0.517169 0.277429 0.184464 0.0207286 0.00020938
 0.811772 0.124168 0.05621 0.00726502 0.000585176
 0.764997 0.148141 0.077277 0.00933861 0.000247198
 0.163321 0.427699 0.378323 0.0303852 0.000271297
 0.753843 0.0900009 0.118128 0.0371064 0.000921714
 0.721811 0.176058 0.0630433 0.0369309 0.00215725
 0.143369 0.312575 0.442814 0.0836902 0.0175525
 0.692698 0.0596174 0.167031 0.0765114 0.00414204
 0.394062 0.376323 0.152708 0.0712218 0.00568511
 0.125707 0.32114 0.495352 0.0537591 0.00404204
 0.23352 0.215282 0.420074 0.123614 0.00750983
 0.796117 0.104755 0.0508955 0.0450114 0.00322123
 0.162477 0.292055 0.404252 0.121198 0.0200186
pf_pred 
 0.164445 0.186922 0.571878 0.0767546 9.93619e-07
 0.288957 0.159531 0.125692 0.375488 0.0503328
 0.935749 0.0260148 0.00881058 0.00671542 0.0227101
 0.617806 0.367099 0.00623872 0.00204362 0.00681262
 0.58563 0.311168 0.0992976 0.00161603 0.00228852
 0.989895 0.00737692 0.0020709 0.000631949 2.47879e-05
 0.192927 0.801612 0.00401504 0.00109804 0.000347732
 0.292259 0.204443 0.500015 0.00241491 0.00086787
 0.830259 0.0649194 0.0308285 0.0735108 0.000481964
 0.883882 0.10469 0.00448799 0.00204433 0.00489575
 0.933581 0.0629003 0.0031919 0.000128751 0.000198423
 0.893889 0.101332 0.00453219 0.00022385 2.29107e-05
 0.818095 0.170789 0.0106351 0.000456298 2.47881e-05
 0.844541 0.138676 0.0157973 0.000943236 4.25718e-05
 0.882039 0.108973 0.00806621 0.000868147 5.40103e-05
 0.982022 0.0168992 0.00100056 7.02987e-05 8.01427e-06
 0.301094 0.6915 0.00697649 0.000398231 3.11078e-05
 0.980546 0.00844005 0.0109018 0.00010569 6.49035e-06
 0.638247 0.357307 0.001962 0.00245908 2.52635e-05
 0.803511 0.147813 0.0481004 0.000254465 0.00032157
 0.814576 0.162366 0.0175018 0.00549038 6.56185e-05
 0.890556 0.0963494 0.0115162 0.00119881 0.000379857
 0.242224 0.706143 0.0456451 0.00526719 0.000720666
 0.890271 0.0374697 0.0674847 0.00422214 0.000552899
 0.724227 0.255737 0.00697346 0.0122005 0.000861932
 0.448238 0.443241 0.100856 0.00267043 0.00499428
 0.864396 0.0758569 0.048273 0.0106648 0.000809169
 0.813766 0.169531 0.00946961 0.00584582 0.00138723
 0.354432 0.559783 0.0782781 0.00425879 0.00324832
 0.576704 0.191566 0.201649 0.0274522 0.0026289
 0.919387 0.0561221 0.0112924 0.011488 0.00171059
 0.341498 0.62457 0.0238553 0.00465027 0.00542598
pobs_RECLAS
 0 0 0 0 0
 0 0 0 0 0
 0 0 0 0 0
 0 0 0 0 0
 0 0 0 0 0
 0 0 0 0 0
 0 0 0 0 0
 0 0 0 0 0
 0 0 0 0 0
 0 0 0 0 0
 0.991045 0.00858322 0.000360255 1.14367e-05 0
 0.934742 0.0480273 0.0164251 0.00080598 0
 0.827803 0.169806 0.00239088 0 0
 0.941827 0.0461693 0.0120037 0 0
 0.791401 0.0380133 0.147996 0.0225897 0
 0.846168 0.0940531 0.0597789 0 0
 0.134021 0.677848 0.182769 0.00536245 0
 0.80878 0.0450904 0.141981 0.00414843 0
 0.846168 0.0940531 0.0597789 0 0
 0.905697 0.0802665 0.012482 0.00150086 5.37128e-05
 0.989698 0.0102097 9.19794e-05 0 0
 0.975433 0.0193895 0.00387452 0.00125025 5.28907e-05
 0.303575 0.632131 0.0575291 0.00676475 0
 0.966965 0.00978017 0.0227588 0.000495775 0
 0.843318 0.132988 0.00938335 0.0141283 0.000182051
 0.564624 0.303363 0.111486 0.0197234 0.00080311
 0.826376 0.0876187 0.0782897 0.00655872 0.00115652
 0.89761 0.0855135 0.0140674 0.00269457 0.000114338
 0.34875 0.467042 0.161289 0.0227151 0.000203297
 0.318654 0.224769 0.449479 0.00709798 0
 0.937255 0.0296025 0.0250945 0.00804832 0
 0.456809 0.399803 0.12412 0.0192676 0
ppred_RECLAS
 0.170028 0.188794 0.565381 0.0757963 9.81155e-07
 0.304126 0.159152 0.122442 0.365315 0.0489658
 0.939739 0.0247611 0.00818851 0.00623336 0.0210785
 0.640249 0.345921 0.00572093 0.00187129 0.00623765
 0.612089 0.293312 0.0910251 0.00147919 0.00209457
 0.990245 0.00716394 0.00196757 0.000599719 2.35223e-05
 0.203615 0.79113 0.00386499 0.0010556 0.000334268
 0.301134 0.205008 0.490641 0.0023669 0.000850564
 0.844401 0.0605265 0.0279893 0.0666461 0.000436924
 0.901807 0.0888352 0.00367926 0.00167285 0.00400575
 0.935616 0.0610436 0.00303002 0.000122078 0.000188126
 0.902021 0.0936777 0.00407984 0.000201221 2.05932e-05
 0.831166 0.158773 0.00962633 0.000412429 2.24033e-05
 0.86487 0.120961 0.0133381 0.000795014 3.58787e-05
 0.895871 0.096418 0.00692097 0.000743664 4.62618e-05
 0.983183 0.015831 0.000914288 6.41519e-05 7.31301e-06
 0.318473 0.67449 0.00662977 0.000377913 2.95186e-05
 0.981572 0.00809868 0.0102239 9.89977e-05 6.07897e-06
 0.654203 0.341654 0.0018295 0.00228994 2.35241e-05
 0.814824 0.140158 0.0444861 0.000235032 0.000296991
 0.823913 0.154659 0.0162699 0.00509732 6.09166e-05
 0.896669 0.0912328 0.0106411 0.00110627 0.000350511
 0.2522 0.697967 0.0440602 0.00507788 0.000694718
 0.895436 0.036242 0.063812 0.00398755 0.000522146
 0.732569 0.248421 0.00662153 0.0115708 0.000817389
 0.459431 0.436189 0.0970163 0.00256565 0.00479801
 0.870636 0.073108 0.0454635 0.0100318 0.000761091
 0.818695 0.165374 0.00903658 0.00557197 0.00132216
 0.362405 0.554484 0.0758459 0.00412162 0.0031435
 0.593844 0.186257 0.191386 0.0260214 0.00249171
 0.923435 0.0536919 0.0105533 0.0107227 0.00159653
 0.3493 0.61788 0.0230821 0.00449422 0.00524358
pobs_PELACES
 0 0 0 0 0
 0 0 0 0 0
 0 0 0 0 0
 0 0 0 0 0
 0 0 0 0 0
 0 0 0 0 0
 0 0 0 0 0
 0 0 0 0 0
 0 0 0 0 0
 0 0 0 0 0
 0 0 0 0 0
 0 0 0 0 0
 0 0 0 0 0
 0 0 0 0 0
 0 0 0 0 0
 0 0 0 0 0
 0.505614 0.472636 0.0217494 0 0
 0 0 0 0 0
 0.443492 0.261883 0.143347 0.151278 0
 0.227955 0.32914 0.350689 0.0885471 0.00366901
 0.970185 0.0296113 0.000203453 0 0
 0.997202 0.00247181 0.000326279 0 0
 0.445219 0.490057 0.0546422 0.010081 0
 0.90214 0.0892962 0.00764917 0.000914606 0
 0 0 0 0 0
 0.581667 0.319106 0.0959925 0.00289975 0.000334073
 0.762889 0.0836404 0.116647 0.0363945 0.000428098
 0.88444 0.0763242 0.0277011 0.0115352 0
 0.521256 0.241999 0.230069 0.00667565 0
 0.616807 0.101726 0.260614 0.0208532 0
 0.833518 0.0704572 0.0857862 0.0102388 0
 0.697417 0.212968 0.0787535 0.0105354 0.000325836
ppred_PELACES
 0.125014 0.174372 0.615096 0.0855171 1.11522e-06
 0.24177 0.149567 0.134926 0.417378 0.0563595
 0.921471 0.0286977 0.011128 0.0087828 0.02992
 0.612908 0.369419 0.007133 0.00241848 0.00812137
 0.578436 0.30618 0.110854 0.0018672 0.0026636
 0.987371 0.00883584 0.00285522 0.00090247 3.56599e-05
 0.180693 0.81292 0.00464963 0.00131653 0.000419987
 0.235316 0.199331 0.561527 0.00280915 0.00101699
 0.811105 0.0655258 0.0354041 0.0873876 0.000577149
 0.898872 0.0898757 0.00431536 0.00203304 0.00490422
 0.921283 0.0739399 0.00431635 0.000180333 0.000279964
 0.890284 0.104119 0.0052979 0.000270862 2.79257e-05
 0.812539 0.174521 0.0123609 0.000548969 3.00412e-05
 0.858315 0.124687 0.0159668 0.000986211 4.48365e-05
 0.888839 0.101667 0.00848943 0.000945367 5.92444e-05
 0.980369 0.0182941 0.00123704 8.99859e-05 1.03341e-05
 0.291134 0.700305 0.0080474 0.000475528 3.74186e-05
 0.975758 0.00970351 0.0143848 0.000144425 8.93431e-06
 0.620602 0.373981 0.00234398 0.00304159 3.14775e-05
 0.784887 0.156306 0.0580833 0.000318137 0.000404987
 0.796421 0.174929 0.0215618 0.00700359 8.4319e-05
 0.879239 0.104458 0.0142732 0.00153841 0.000491047
 0.219503 0.719949 0.0533013 0.00636905 0.000877836
 0.863515 0.0423837 0.0876716 0.00568072 0.000749383
 0.690649 0.283269 0.00886857 0.0160692 0.0011436
 0.404631 0.464443 0.121331 0.00332707 0.00626815
 0.838452 0.0845857 0.0617536 0.0141287 0.00107988
 0.782543 0.194993 0.0125337 0.00801411 0.00191578
 0.310858 0.585551 0.0942035 0.00530849 0.0040788
 0.531661 0.19592 0.23595 0.0332604 0.00320853
 0.905274 0.0627325 0.0144671 0.0152408 0.00228609
 0.302348 0.65617 0.0288227 0.00581936 0.00684013
pobs_pel_tallas
 0 0 0 0 0 0 0 0 0 0 0 0 0 0 0 0 0 0 0 0 0 0 0 0 0 0
 0 0 0 0 0 0 0 0 0 0 0 0 0 0 0 0 0 0 0 0 0 0 0 0 0 0
 0 0 0 0 0 0 0 0 0 0 0 0 0 0 0 0 0 0 0 0 0 0 0 0 0 0
 0 0 0 0 0 0 0 0 0 0 0 0 0 0 0 0 0 0 0 0 0 0 0 0 0 0
 0 0 0 0 0 0 0 0 0 0 0 0 0 0 0 0 0 0 0 0 0 0 0 0 0 0
 0 0 0 0 0 0 0 0 0 0 0 0 0 0 0 0 0 0 0 0 0 0 0 0 0 0
 0 0 0 0 0 0 0 0 0 0 0 0 0 0 0 0 0 0 0 0 0 0 0 0 0 0
 0 0 0 0 0 0 0 0 0 0 0 0 0 0 0 0 0 0 0 0 0 0 0 0 0 0
 0 0 0 0 0 0 0 0 0 0 0 0 0 0 0 0 0 0 0 0 0 0 0 0 0 0
 0 0 0 0 0 0 0 0 0 0 0 0 0 0 0 0 0 0 0 0 0 0 0 0 0 0
 0 0 0 0 0 0 0 0 0 0 0 0 0 0 0 0 0 0 0 0 0 0 0 0 0 0
 0 0 0 0 0 0 0 0 0 0 0 0 0 0 0 0 0 0 0 0 0 0 0 0 0 0
 0.00862536 0 0 0.000197151 0.00414017 0.0128641 0.00837892 0.0270097 0.101434 0.158115 0.152841 0.127902 0.109271 0.109419 0.0830992 0.0579132 0.0238553 0.00714673 0.00463305 0.00128148 0.00103504 0.000492878 0.000147863 0.000147863 4.92878e-05 0
 0 0 0 0 0 0 0 0 0 0 0 0 0 0 0 0 0 0 0 0 0 0 0 0 0 0
 0 0 0 0 0 0 0 0.0054083 0.00873648 0.0413646 0.0450493 0.0745869 0.0622846 0.0627006 0.0613931 0.0827291 0.12552 0.122667 0.0946155 0.0697135 0.0546179 0.0294188 0.0215738 0.0213955 0.0102223 0.00600262
 0 0 0 0 0.00359764 0.0251062 0.0480494 0.140153 0.205849 0.193036 0.1447 0.116669 0.0760912 0.0342217 0.00950174 0.001854 0.000860785 0 0 0 0.000165536 0 0.000143464 0 0 0
 0 0 0 0 0 0 0 0.000145254 0.000435761 0.0275982 0.070085 0.0708112 0.156366 0.174668 0.174014 0.160142 0.0824315 0.0480064 0.0283245 0.00493863 0.00203355 0 0 0 0 0
 0 0 0 0 0 0 0 0 0 0 0 0 0 0 0 0 0 0 0 0 0 0 0 0 0 0
 0 0 1.00437e-05 0.000401748 0.00122533 0.00171747 0.00176769 0.0269171 0.070346 0.194647 0.189555 0.159765 0.064822 0.0314167 0.0384472 0.0292271 0.0345202 0.0313363 0.0194345 0.0106764 0.0143323 0.0359363 0.0279516 0.0138201 0.00172751 0
 0 0.0021121 0.0136068 0.0755702 0.200478 0.177729 0.0527432 0.0373336 0.0318909 0.0142505 0.0149659 0.0166563 0.0217959 0.0798694 0.0677717 0.0528807 0.04013 0.0224614 0.0357745 0.0225083 0.00881397 0.00855152 0.00135912 0.000746735 0 0
 0 0 0 0 5.4009e-05 0.00500934 0.000945158 0.0243581 0.138947 0.33067 0.221406 0.137944 0.0707744 0.0437923 0.0131692 0.00525238 0.0047753 0.00276346 9.45158e-05 9.00151e-06 2.25038e-05 9.00151e-06 4.50075e-06 0 0 0
 0.000866109 0.00284123 0.00948549 0.0512746 0.133035 0.25785 0.225252 0.132002 0.0553304 0.0519788 0.0540692 0.017754 0.00435017 0.00159236 0.00146478 0.000404838 0.000125132 0.000115318 0.000107957 0.000100596 0 0 0 0 0 0
 0 0 0 0 0.00144013 0.00171154 0.00461396 0.0210425 0.0478622 0.0707936 0.0888783 0.103762 0.0637923 0.0337046 0.0602308 0.124433 0.169614 0.0934646 0.0462172 0.0250306 0.0313229 0.00938855 0.002487 0.000210481 0 0
 0 0.00764035 0.051015 0.0998891 0.058973 0.0496711 0.0374665 0.0718981 0.12319 0.153886 0.159021 0.0857701 0.0377988 0.023471 0.0147837 0.00900784 0.00315554 0.000888139 0.00291439 0.00214683 0.00393193 0.00274676 0.000635225 9.99891e-05 0 0
 0 0 0 0 0 0 0 0 0 0 0 0 0 0 0 0 0 0 0 0 0 0 0 0 0 0
 0 0 0 0 0 0 0 0 0 0 0 0 0 0 0 0 0 0 0 0 0 0 0 0 0 0
 0 0 0 0 0 0 0 0 0 0 0 0 0 0 0 0 0 0 0 0 0 0 0 0 0 0
 0 0 0 0 0 0 0 0 0 0 0 0 0 0 0 0 0 0 0 0 0 0 0 0 0 0
 0 0 0 0 0 0 0 0 0 0 0 0 0 0 0 0 0 0 0 0 0 0 0 0 0 0
 0 0 0 0 0 0 0 0 0 0 0 0 0 0 0 0 0 0 0 0 0 0 0 0 0 0
 0 0 0 0 0 0 0 0 0 0 0 0 0 0 0 0 0 0 0 0 0 0 0 0 0 0
 0 0 0 0 0 0 0 0 0 0 0 0 0 0 0 0 0 0 0 0 0 0 0 0 0 0
ppred_pel_tallas
 1.26372e-16 1.02973e-05 0.000100093 0.000665156 0.00302371 0.00940799 0.0200454 0.0292605 0.0292782 0.0201325 0.00970334 0.0038888 0.00288196 0.00508939 0.00992542 0.0175392 0.0279372 0.040705 0.0552436 0.0710148 0.0873163 0.102656 0.114439 0.119614 0.116103 0.104019
 1.55327e-16 1.99143e-05 0.000193574 0.00128637 0.00584766 0.0181943 0.0387655 0.0565824 0.0565972 0.0388377 0.0184379 0.00655601 0.00308301 0.00417956 0.00778589 0.0133789 0.0206071 0.0289106 0.0379334 0.0480412 0.0602588 0.0754092 0.092976 0.110568 0.124478 0.131071
 1.06273e-16 7.59004e-05 0.000737779 0.0049028 0.0222874 0.0693444 0.147746 0.21564 0.215643 0.147759 0.0693902 0.02242 0.00523667 0.00147049 0.00147942 0.00235893 0.00347452 0.00456061 0.00542218 0.00602068 0.00651813 0.00717698 0.00817684 0.00947963 0.0108268 0.0118519
 1.01918e-16 5.04845e-05 0.000490727 0.00326106 0.0148243 0.0461241 0.0982737 0.143441 0.143476 0.0984473 0.0467068 0.0165063 0.00747965 0.0096884 0.0174847 0.0287375 0.0411863 0.0513625 0.0557735 0.0528244 0.0438007 0.0320647 0.0211261 0.0130599 0.00816826 0.00564157
 1.03916e-16 4.76451e-05 0.000463127 0.00307764 0.0139905 0.0435299 0.0927462 0.135372 0.135402 0.0928909 0.0440162 0.0153964 0.00661122 0.0081927 0.0147733 0.024466 0.0355119 0.0452161 0.0508308 0.0510322 0.0466287 0.0398715 0.0329777 0.0270667 0.0221399 0.0177494
 1.00182e-16 8.13284e-05 0.000790541 0.00525342 0.0238813 0.0743036 0.158312 0.231061 0.231062 0.158316 0.0743176 0.0239219 0.00535535 0.00101349 0.000506031 0.000711215 0.00102451 0.0013047 0.00146867 0.00147964 0.00136303 0.00118552 0.00101119 0.000869812 0.000756192 0.0006509
 1.00546e-16 1.48836e-05 0.000144674 0.000961416 0.0043705 0.0135987 0.0289763 0.0423082 0.0423863 0.0293582 0.0148804 0.0080702 0.0102393 0.0203691 0.0383385 0.0631315 0.0904106 0.112576 0.121895 0.114809 0.0941229 0.0672591 0.0420247 0.0231261 0.0113999 0.00522929
 1.1671e-16 1.93827e-05 0.000188407 0.00125203 0.00569155 0.0177086 0.0377309 0.0550735 0.0550935 0.0378291 0.018041 0.00666189 0.00372691 0.00572047 0.0109034 0.0189755 0.0296046 0.041931 0.0548864 0.0676467 0.0795888 0.0897153 0.0962355 0.0970115 0.0907482 0.0780158
 1.099e-16 6.68097e-05 0.000649414 0.00431558 0.019618 0.061039 0.13005 0.189813 0.18982 0.130081 0.0611441 0.0199226 0.00508406 0.00234027 0.00331849 0.00549096 0.0081757 0.0108867 0.0132116 0.0150518 0.0166954 0.0185715 0.0208551 0.023238 0.0250339 0.0255258
 1.01182e-16 7.40389e-05 0.000719684 0.00478256 0.0217408 0.0676438 0.144123 0.210353 0.210362 0.144165 0.0677856 0.0221504 0.00581011 0.00296092 0.00432501 0.00701867 0.0100709 0.012598 0.013758 0.0131725 0.011158 0.00852493 0.0061063 0.0043749 0.00336761 0.0028555
 1.0021e-16 7.58849e-05 0.000737628 0.0049018 0.0222829 0.0693303 0.147716 0.215597 0.215604 0.147751 0.069447 0.0226198 0.00574709 0.0025812 0.00357213 0.00577209 0.00827625 0.0103411 0.0112652 0.0107254 0.00896851 0.00665044 0.00445543 0.00278774 0.00171119 0.00108302
 1.00212e-16 7.33316e-05 0.000712809 0.00473687 0.0215331 0.0669976 0.142746 0.208344 0.208354 0.142795 0.0671619 0.0220075 0.00592687 0.00330798 0.00499435 0.00812034 0.0116427 0.0145395 0.0158232 0.0150382 0.0125329 0.00923413 0.00611056 0.00373703 0.00220773 0.00132336
 1.00462e-16 6.69278e-05 0.000650562 0.00432321 0.0196527 0.061147 0.130281 0.190152 0.190169 0.130363 0.0614225 0.0204483 0.0063191 0.0050041 0.00832469 0.013629 0.0195615 0.0244604 0.026679 0.0254544 0.0213622 0.0159387 0.0107842 0.00684147 0.00425857 0.00270707
 1.006e-16 7.06983e-05 0.000687212 0.00456677 0.0207599 0.0645917 0.13762 0.200863 0.200875 0.137679 0.0647888 0.0213291 0.00599534 0.00380507 0.00598988 0.00978457 0.0140733 0.0176643 0.0193911 0.0187106 0.0160183 0.0123759 0.00887817 0.00615361 0.00428461 0.00304456
 1.00376e-16 7.32125e-05 0.000711652 0.00472918 0.0214982 0.0668888 0.142514 0.208005 0.208015 0.142562 0.0670494 0.0219618 0.0058924 0.00324929 0.00488768 0.00795129 0.0114158 0.0142891 0.0156128 0.0149439 0.012616 0.00951745 0.00657058 0.0043134 0.00282382 0.0019078
 1.00052e-16 8.07517e-05 0.000784935 0.00521617 0.0237119 0.0737767 0.157189 0.229422 0.229424 0.157198 0.0738056 0.0237953 0.00542537 0.00124124 0.000946242 0.00143355 0.00205018 0.00256296 0.00279479 0.00266556 0.00223583 0.00166692 0.0011269 0.000714733 0.000445809 0.000285291
 1.00466e-16 2.39805e-05 0.000233099 0.00154903 0.0070417 0.0219097 0.0466834 0.0681499 0.0682173 0.0470124 0.023014 0.0102293 0.00954302 0.0176597 0.0330486 0.0544099 0.0779352 0.0970743 0.10517 0.0991536 0.0814314 0.0583756 0.0366871 0.0204013 0.0102354 0.00481135
 1.00434e-16 8.03719e-05 0.000781244 0.00519164 0.0236004 0.0734297 0.15645 0.228343 0.228344 0.156455 0.0734455 0.0236462 0.0053075 0.00103732 0.000575891 0.000848671 0.00126985 0.00171067 0.00209527 0.00238225 0.00257162 0.00267992 0.00270543 0.00261984 0.00239443 0.0020343
 1.00474e-16 5.11183e-05 0.000496888 0.00330199 0.0150104 0.0467032 0.0995073 0.145241 0.145277 0.099683 0.0472928 0.0167125 0.00757055 0.00980194 0.0176842 0.0290525 0.0416072 0.0518196 0.0561346 0.0529197 0.0434684 0.0311939 0.0196804 0.011079 0.00575666 0.00295341
 1.01817e-16 6.46502e-05 0.000628422 0.00417609 0.0189839 0.0590661 0.125847 0.183681 0.183696 0.125921 0.0593143 0.0197017 0.00598042 0.00457559 0.00758514 0.0124996 0.0181428 0.0231076 0.0259882 0.0261053 0.0238645 0.0204061 0.0168533 0.0137756 0.0111807 0.00885568
 1.01384e-16 6.56002e-05 0.000637657 0.00423746 0.0192629 0.059934 0.127696 0.18638 0.186397 0.127779 0.0602105 0.0200615 0.00624189 0.00501258 0.00837215 0.0137312 0.0197601 0.0248197 0.0272849 0.0264055 0.0227477 0.0178057 0.0131066 0.00950602 0.00707914 0.00546495
 1.00677e-16 7.24218e-05 0.000703965 0.0046781 0.021266 0.0661664 0.140975 0.205759 0.205769 0.141024 0.0663315 0.0217429 0.00587531 0.00331718 0.00503445 0.00820569 0.0118069 0.0148321 0.0163067 0.0157783 0.0135783 0.0105927 0.00773078 0.00550856 0.00398439 0.00296074
 1.0251e-16 1.80803e-05 0.000175747 0.00116791 0.00530918 0.0165192 0.0351984 0.0513877 0.051457 0.0355371 0.0176559 0.00859143 0.00940276 0.018139 0.0340934 0.0562291 0.0807486 0.101013 0.110258 0.105347 0.0886574 0.0665174 0.0455032 0.029465 0.018972 0.0126363
 1.03238e-16 7.11266e-05 0.000691376 0.00459443 0.0208856 0.064983 0.138453 0.202077 0.202082 0.138474 0.0650527 0.0210885 0.00510987 0.0018368 0.00230567 0.0038531 0.00590123 0.00816365 0.010373 0.0123634 0.0140866 0.0154916 0.0163938 0.0164946 0.0155602 0.0136136
 1.02134e-16 5.68879e-05 0.000552971 0.00367469 0.0167046 0.0519744 0.110738 0.161631 0.161658 0.110871 0.0524214 0.0179951 0.00691175 0.00761236 0.0134432 0.0220807 0.0316792 0.0395837 0.0431382 0.0411381 0.0345721 0.0259927 0.0180328 0.0122008 0.008645 0.0066909
 1.05015e-16 3.3329e-05 0.00032397 0.00215289 0.00978678 0.0304505 0.0648797 0.0947033 0.0947481 0.0650989 0.0311867 0.011914 0.00749645 0.0120016 0.022248 0.0368222 0.0532572 0.067415 0.0750657 0.074204 0.0661725 0.054626 0.0432348 0.0339614 0.0269131 0.0213039
 1.03404e-16 6.90622e-05 0.000671309 0.00446109 0.0202795 0.063097 0.134435 0.196214 0.196222 0.134475 0.0632324 0.0206717 0.00544965 0.0028424 0.00423066 0.00698506 0.0102899 0.0134307 0.0157165 0.0168133 0.0168944 0.0164267 0.0157824 0.0150128 0.0139314 0.0123662
 1.0154e-16 6.44571e-05 0.000626546 0.00416362 0.0189272 0.0588897 0.125471 0.183133 0.183152 0.125563 0.0591976 0.0198162 0.00639397 0.00549188 0.00929432 0.0152367 0.021881 0.0273883 0.0299343 0.0286865 0.0243081 0.0185256 0.0131167 0.00909565 0.00656319 0.00507888
 1.04091e-16 2.56051e-05 0.00024889 0.00165397 0.00751873 0.0233939 0.0498452 0.0727623 0.0728188 0.050121 0.0243201 0.010194 0.00836988 0.0149113 0.0278764 0.0460544 0.0663595 0.0834794 0.0919912 0.0893562 0.0773977 0.061012 0.0452118 0.0328204 0.0241441 0.0181135
 1.10738e-16 4.37922e-05 0.000425676 0.00282877 0.0128592 0.0400098 0.0852458 0.124423 0.124442 0.0853399 0.0403265 0.0137782 0.00515171 0.00554956 0.00992995 0.0167512 0.0250687 0.0334894 0.0405587 0.0455127 0.0485372 0.0502476 0.0508913 0.0500388 0.0470049 0.0415457
 1.02349e-16 7.45662e-05 0.00072481 0.00481662 0.0218956 0.0681255 0.145149 0.21185 0.211856 0.145178 0.068225 0.0221832 0.00553914 0.0023046 0.00308251 0.00499874 0.00724441 0.00922221 0.0103837 0.0104921 0.00976135 0.00869823 0.00777338 0.00717712 0.00680818 0.00643515
 1.02741e-16 2.49041e-05 0.000242077 0.00160869 0.00731291 0.0227535 0.0484811 0.0707729 0.070836 0.0487896 0.023789 0.0103023 0.00910733 0.0165948 0.0310322 0.0511333 0.073353 0.0916046 0.0997026 0.0948013 0.0791298 0.0585651 0.0392312 0.0247342 0.0156056 0.010492
pSPR Fmed_Fpbrs
0.561779   0.6 0.325
Fs Fmed_Fpbrs
0.341307   0.298453 0.73791
SSBpbr Bo_Bmed_Bpbrs
506716  259327  278694 139347
Ro
67919.2
SPR SPRFo_SPRFmed_SPRFpbrs
488889 274647 158889
Fref
0.298453
Nvult_r0
 13370.8 19564.9 737.449 143.655 167.612
CTP_r0
 3835.13 7014.11 267.902 52.2239 60.9354
YTP_r0
218786
Np
 66324 19775 1198.82 1423.29 67.2658
Nvult_p0
 46549 14342.3 871.482 1034.79 48.9053
CTP_p0
 8083.05 715.28 870.2 32.3498 7.60552
 8083.05 3241.4 200.133 237.838 11.241
YTP_p0
 95654.9 130171
CBA_c0
181846
log_Ro
10.9461
likeval ReclasPelacesDesembMPH_pf_preclas_ppelaces_ptallas_desvR_qrecl_qpela
 14.6936 15.9009 0.14053 0.00117029 272.502 128.701 126.074 0 49.6813 0.000116666 0.000253485 0.00468123 7.44503e-16 0 0
q_reclas_q_pelaces
4.60674 9.50291
M
1
N
 27308.8 23108.6 69423.8 9308.71 0.120499
 18464 8073.36 6273.88 18728.8 2510.43
 154541 3403.2 1136.83 865.861 2928.04
 57715.9 28447.4 478.35 156.606 522.045
 15271 6776.44 2140.58 34.8184 49.3062
 294199 1660.34 458.261 139.716 5.48004
 23028.8 77148.7 381.604 104.293 33.0266
 6862.52 3612.18 8681.84 41.8917 15.0543
 29258.9 1883.84 884.709 2108.36 13.8227
 35873 3719.77 158.323 72.0908 172.639
 39355.3 2020 100.825 4.06339 6.26194
 105816 9883.27 437.178 21.5801 2.20862
 77624.3 13366.8 823.26 35.3015 1.91767
 68152.9 9689.29 1095.12 65.3611 2.94993
 43450 4591.13 336.918 36.2452 2.25487
 252353 3498.83 204.568 14.3632 1.6374
 21196.3 39853.9 397.489 22.6756 1.77125
 427464 2861.57 3640.99 35.2704 2.16583
 202393 91614.9 496.897 622.382 6.39385
 208327 30902.4 9930.94 52.5028 66.3459
 204950 32647.3 3473.18 1088.79 13.0123
 402730 34883.6 4115.54 428.125 135.651
 29275.5 67437.9 4298.89 495.701 67.8201
 169135 5502.98 9758.86 610.056 79.8849
 138898 38015.9 1020.88 1784.66 126.076
 39886.9 30583.7 6853.66 181.322 339.097
 127859 8753.84 5488.69 1211.65 91.9271
 168878 26722.2 1467.85 905.333 214.828
 36060.2 43348.8 5961.97 324.081 247.175
 34459.2 9115.11 9467.28 1287.95 123.333
 126178 6054.81 1201.01 1220.89 181.785
 17734.6 24777.5 931.039 181.336 211.575
pred_Ctot
 3451.07 3922.77 12001.5 1610.79 0.0208523
 6154.9 3398.07 2677.29 7998.06 1072.11
 51588 1434.2 485.729 370.222 1252.01
 27159.1 16137.9 274.257 89.8386 299.486
 7476.76 3972.7 1267.74 20.6319 29.2176
 54893.7 409.08 114.839 35.0441 1.37459
 8934.96 37124.8 185.947 50.8532 16.1044
 1127.49 788.706 1928.97 9.31632 3.34809
 13156.6 1028.74 488.522 1164.88 7.6374
 22085.8 2615.92 112.143 51.0822 122.331
 8143.09 548.644 27.8411 1.12302 1.73073
 47764.4 5414.61 242.175 11.9613 1.22422
 35287.4 7366.74 458.73 19.6818 1.0692
 39999.7 6568.05 748.202 44.6741 2.01631
 24092.4 2976.54 220.324 23.7129 1.47526
 97361.4 1675.45 99.1995 6.96968 0.794565
 9178.62 21079.9 212.673 12.1398 0.948298
 117804 1014 1309.76 12.6978 0.77976
 80242.1 44921.5 246.668 309.162 3.17619
 80888.9 14880.2 4842.23 25.6169 32.3722
 74024.1 14754.9 1590.46 498.935 5.96304
 147670 15976.4 1909.59 198.784 62.9871
 9549.94 27840.4 1799.6 207.664 28.413
 43278.2 1821.5 3280.6 205.248 26.8778
 36738.3 12973 353.747 618.903 43.7237
 10604.2 10486 2386.01 63.1759 118.153
 36530.3 3205.79 2040.07 450.707 34.1963
 33221.1 6920.92 386.587 238.649 56.632
 7352.32 11612.1 1623.8 88.3441 67.3829
 12069.9 4009.32 4220.35 574.552 55.0206
 39106.2 2387.16 480.325 488.645 72.7602
 3835.13 7014.11 267.902 52.2239 60.9354
F
 0.218639 0.30381 0.310169 0.310511 0.310529
 0.691105 0.960325 0.980427 0.981508 0.981565
 0.692404 0.962131 0.98227 0.983353 0.98341
 1.14208 1.58698 1.6202 1.62198 1.62208
 1.21893 1.69377 1.72922 1.73113 1.73123
 0.338522 0.470393 0.48024 0.480769 0.480797
 0.852435 1.1845 1.2093 1.21063 1.2107
 0.292763 0.406808 0.415324 0.415782 0.415806
 1.06252 1.47643 1.50733 1.50899 1.50908
 1.87689 2.60803 2.66262 2.66556 2.66571
 0.381787 0.530512 0.541616 0.542213 0.542245
 1.06893 1.48533 1.51642 1.51809 1.51818
 1.08086 1.50191 1.53334 1.53504 1.53513
 1.69763 2.35894 2.40832 2.41097 2.41111
 1.51918 2.11098 2.15517 2.15754 2.15767
 0.845608 1.17502 1.19961 1.20093 1.201
 1.00246 1.39297 1.42212 1.42369 1.42377
 0.540276 0.750741 0.766455 0.7673 0.767345
 0.879377 1.22194 1.24752 1.24889 1.24896
 0.853344 1.18576 1.21058 1.21192 1.21199
 0.770748 1.07099 1.09341 1.09462 1.09468
 0.78706 1.09366 1.11655 1.11778 1.11785
 0.671462 0.933031 0.952561 0.953611 0.953667
 0.492691 0.684619 0.69895 0.69972 0.699761
 0.513275 0.713221 0.72815 0.728953 0.728995
 0.516554 0.717778 0.732803 0.733611 0.733653
 0.565431 0.785695 0.802141 0.803026 0.803072
 0.359895 0.500093 0.51056 0.511123 0.511153
 0.375257 0.521438 0.532352 0.53294 0.53297
 0.738923 1.02677 1.04826 1.04942 1.04948
 0.627762 0.872307 0.890565 0.891548 0.891599
 0.402186 0.558858 0.570556 0.571185 0.571218
YTP_r0W_actual
 32982.1 173950 7474.48 1947.95 2431.32
YTP_p0W_proyectada
 60946.2 12481.6 20945.7 1013.2 268.095
 60946.2 56562.4 4817.2 7449.09 396.244
CTP_r0_actual
 3835.13 7014.11 267.902 52.2239 60.9354
CTP_p0_proyectada
 8083.05 715.28 870.2 32.3498 7.60552
 8083.05 3241.4 200.133 237.838 11.241
Wmedp
 7.54 17.45 24.07 31.32 35.25
Frms_r0
 0.402186 0.558858 0.570556 0.571185 0.571218
Zrms_r0
 1.40219 1.55886 1.57056 1.57119 1.57122
nmprior
 7.27 8.72 9 0
nm_flota  nm_reclas  nm_pelaces    nm_pelaL
inf 17.2426 7.38929 16.4454
cv_recla  cv_pelaces  cv_mph
0.339107 0.436818 0.931063
 ------------------------------------------------
Talla a la edad & desviaci?n 
 8 13.2811 15.8009 17.003 17.5766
 0.8 1.32811 1.58009 1.7003 1.75766
