years
 1991 1992 1993 1994 1995 1996 1997 1998 1999 2000 2001 2002 2003 2004 2005 2006 2007 2008 2009 2010 2011 2012 2013 2014 2015 2016 2017 2018 2019 2020 2021 2022
reclasobs
 0 0 0 0 0 0 0 0 0 252601 567819 844713 477998 351125 339783 2.1784e+06 2.13404e+06 4.81314e+06 1.55562e+06 2.62356e+06 3.21686e+06 3.843e+06 1.13348e+06 3.07943e+06 1.97215e+06 2.03268e+06 2.025e+06 2.42433e+06 2.27542e+06 1.05018e+06 2.36338e+06 3.18982e+06
reclaspred
 3.35276e+06 1.87654e+06 953033 952934 952357 1.45975e+06 921264 832256 608840 443976 507342 644953 630085 494973 508784 1.30178e+06 1.27761e+06 2.88385e+06 2.3568e+06 1.7418e+06 3.0548e+06 2.49269e+06 2.00052e+06 3.05903e+06 2.29703e+06 2.05141e+06 2.40842e+06 2.5954e+06 2.17339e+06 1.52646e+06 2.05161e+06 2.27649e+06
pelacesobs
 0 0 0 0 0 0 0 0 0 0 0 0 0 0 0 552880 188675 0 991730 2.46772e+06 1.41603e+06 1.21717e+06 2.29649e+06 1.80582e+06 0 1.4828e+06 1.56532e+06 1.57751e+06 1.42118e+06 867257 1.10002e+06 1.06204e+06
pelacespred
 1.84471e+06 1.14946e+06 584033 476477 495473 783017 459406 512321 362377 250399 295580 313529 335939 278831 294503 625149 614335 1.59621e+06 1.34836e+06 924654 1.56731e+06 1.38501e+06 1.11029e+06 1.85887e+06 1.34649e+06 1.19906e+06 1.60174e+06 1.55854e+06 1.17341e+06 949590 1.09332e+06 1.22981e+06
mphobs
 0 0 0 0 0 0 0 0 0 0 0 498337 0 5186 125008 0 168611 109162 213762 579715 649985 157893 87575 83554 0 0 0 0 0 0 0 0
mphpred
 507209 337737 168190 92320.3 101356 114457 145839 91429.5 82384.1 57314.1 37845.7 59566.8 63409.4 53140.8 36477.2 46910.4 149252 144580 285188 213300 225916 276453 264849 220710 304421 251299 208870 220030 312448 219757 150888 258357
desembarqueobs
 494567 514787 250237 358949 120608 361735 552515 73892 212993 205616 52469 317467 293654 387597 252695 516296 358380 742168 942051 627588 828172 859565 418607 520667 417249 300574 415391 372974 316634 284311 391294 218835
desembarquepred
 494573 513540 250866 358977 120613 361751 552571 73896.1 213043 205663 52471.5 317537 293711 387645 252694 516264 358403 742069 941860 627457 828248 859598 418620 520694 417252 300577 415394 372961 316630 284313 391272 218838
Reclutas
 200419 113400 117475 193923 156883 255762 109025 51884 47536.2 61749.2 115549 150134 124398 88821.5 89980.1 474839 106043 741181 418982 322517 474843 647401 138375 397122 337034 155357 336247 389534 127216 118367 324063 143963
log_desv_Rt
 0.0916939 -0.477794 -0.442489 0.0587422 -0.153217 0.335529 -0.517142 -1.25971 -1.34723 -1.08564 -0.459018 -0.197189 -0.385227 -0.722088 -0.709129 0.95426 -0.544875 1.39953 0.829111 0.56744 0.954267 1.26425 -0.278747 0.775527 0.611466 -0.162992 0.60913 0.756234 -0.362828 -0.434931 0.572222 -0.239164
SSB
 3.39086e+06 2.25788e+06 1.1244e+06 617191 677598 765180 974979 611236 550764 383164 253011 398223 423913 355264 243862 313611 997800 966564 1.90657e+06 1.42598e+06 1.51032e+06 1.84818e+06 1.7706e+06 1.47552e+06 2.03515e+06 1.68001e+06 1.39636e+06 1.47097e+06 2.08882e+06 1.46915e+06 1.00874e+06 1.7272e+06
BT
 4.54177e+06 3.07826e+06 1.5559e+06 1.36664e+06 1.20214e+06 2.05748e+06 1.52425e+06 1.2091e+06 1.02181e+06 758027 706197 967548 1.01748e+06 1.02624e+06 911769 1.81686e+06 1.65271e+06 4.22031e+06 3.9197e+06 2.63381e+06 4.17213e+06 3.9006e+06 2.84521e+06 4.63698e+06 3.3952e+06 2.94538e+06 4.0026e+06 3.82968e+06 2.88228e+06 2.39737e+06 2.77504e+06 2.91849e+06
Ftot
 0.127121 0.231852 0.226119 0.347609 0.116145 0.235409 0.512136 0.0808894 0.315235 0.413605 0.102371 0.454658 0.427669 0.711429 0.482558 0.404761 0.249796 0.256543 0.363441 0.328835 0.254482 0.321516 0.184749 0.165301 0.165194 0.131998 0.166141 0.140976 0.126145 0.165182 0.187158 0.0863158
BD_Bspro_t
 0.979917 0.854579 0.702592 0.618336 0.610482 0.681747 0.664982 0.506597 0.567671 0.526707 0.493533 0.686693 0.570459 0.478755 0.374317 0.435339 0.604597 0.583925 0.677234 0.581023 0.550539 0.597151 0.615206 0.610212 0.710356 0.719033 0.727559 0.758917 0.80359 0.74817 0.704792 0.774604
BD_Bspro
 2.57617 1.7154 0.854254 0.468905 0.514798 0.581338 0.74073 0.464381 0.418438 0.291105 0.192222 0.302546 0.322063 0.269908 0.185272 0.238263 0.758069 0.734337 1.4485 1.08337 1.14745 1.40413 1.3452 1.12101 1.54619 1.27637 1.06087 1.11756 1.58696 1.11617 0.766378 1.31223
BD_Bo
 1.43144 0.953155 0.474662 0.260545 0.286045 0.323018 0.411583 0.258031 0.232503 0.161751 0.106807 0.168108 0.178953 0.149973 0.102945 0.13239 0.421217 0.408031 0.804853 0.601972 0.637576 0.7802 0.747453 0.622885 0.859132 0.709211 0.589468 0.620965 0.881785 0.620195 0.425834 0.729132
BD_Brms
 2.60261 1.73301 0.863022 0.473718 0.520082 0.587305 0.748333 0.469147 0.422733 0.294093 0.194195 0.305652 0.325369 0.272678 0.187173 0.240709 0.76585 0.741875 1.46337 1.09449 1.15923 1.41855 1.35901 1.13252 1.56206 1.28947 1.07176 1.12903 1.60325 1.12763 0.774244 1.32569
Sel_flota
 0.748606 0.982632 0.999071 0.999951 0.999997
 0.748606 0.982632 0.999071 0.999951 0.999997
 0.748606 0.982632 0.999071 0.999951 0.999997
 0.748606 0.982632 0.999071 0.999951 0.999997
 0.748606 0.982632 0.999071 0.999951 0.999997
 0.748606 0.982632 0.999071 0.999951 0.999997
 0.748606 0.982632 0.999071 0.999951 0.999997
 0.748606 0.982632 0.999071 0.999951 0.999997
 0.748606 0.982632 0.999071 0.999951 0.999997
 0.748606 0.982632 0.999071 0.999951 0.999997
 0.748606 0.982632 0.999071 0.999951 0.999997
 0.748606 0.982632 0.999071 0.999951 0.999997
 0.748606 0.982632 0.999071 0.999951 0.999997
 0.748606 0.982632 0.999071 0.999951 0.999997
 0.748606 0.982632 0.999071 0.999951 0.999997
 0.748606 0.982632 0.999071 0.999951 0.999997
 0.748606 0.982632 0.999071 0.999951 0.999997
 0.748606 0.982632 0.999071 0.999951 0.999997
 0.748606 0.982632 0.999071 0.999951 0.999997
 0.748606 0.982632 0.999071 0.999951 0.999997
 0.748606 0.982632 0.999071 0.999951 0.999997
 0.748606 0.982632 0.999071 0.999951 0.999997
 0.748606 0.982632 0.999071 0.999951 0.999997
 0.748606 0.982632 0.999071 0.999951 0.999997
 0.748606 0.982632 0.999071 0.999951 0.999997
 0.748606 0.982632 0.999071 0.999951 0.999997
 0.748606 0.982632 0.999071 0.999951 0.999997
 0.748606 0.982632 0.999071 0.999951 0.999997
 0.748606 0.982632 0.999071 0.999951 0.999997
 0.748606 0.982632 0.999071 0.999951 0.999997
 0.748606 0.982632 0.999071 0.999951 0.999997
 0.748606 0.982632 0.999071 0.999951 0.999997
Sel_reclas
 1 1 1 1 1
 1 1 1 1 1
 1 1 1 1 1
 1 1 1 1 1
 1 1 1 1 1
 1 1 1 1 1
 1 1 1 1 1
 1 1 1 1 1
 1 1 1 1 1
 1 1 1 1 1
 1 1 1 1 1
 1 1 1 1 1
 1 1 1 1 1
 1 1 1 1 1
 1 1 1 1 1
 1 1 1 1 1
 1 1 1 1 1
 1 1 1 1 1
 1 1 1 1 1
 1 1 1 1 1
 1 1 1 1 1
 1 1 1 1 1
 1 1 1 1 1
 1 1 1 1 1
 1 1 1 1 1
 1 1 1 1 1
 1 1 1 1 1
 1 1 1 1 1
 1 1 1 1 1
 1 1 1 1 1
 1 1 1 1 1
 1 1 1 1 1
Sel_pelaces
 1 1 1 1 1
 1 1 1 1 1
 1 1 1 1 1
 1 1 1 1 1
 1 1 1 1 1
 1 1 1 1 1
 1 1 1 1 1
 1 1 1 1 1
 1 1 1 1 1
 1 1 1 1 1
 1 1 1 1 1
 1 1 1 1 1
 1 1 1 1 1
 1 1 1 1 1
 1 1 1 1 1
 1 1 1 1 1
 1 1 1 1 1
 1 1 1 1 1
 1 1 1 1 1
 1 1 1 1 1
 1 1 1 1 1
 1 1 1 1 1
 1 1 1 1 1
 1 1 1 1 1
 1 1 1 1 1
 1 1 1 1 1
 1 1 1 1 1
 1 1 1 1 1
 1 1 1 1 1
 1 1 1 1 1
 1 1 1 1 1
 1 1 1 1 1
pf_obs 
 0.8446 0.082 0.0669 0.0065 0
 0.8095 0.147 0.0364 0.0071 0
 0.9664 0.0169 0.016 0.0007 0
 0.9276 0.0648 0.0075 0.0001 0
 0.7033 0.2144 0.0806 0.0017 0
 0.9318 0.0425 0.0243 0.0014 0
 0.5671 0.3108 0.0964 0.0239 0.0018
 0.0768 0.2599 0.5324 0.112 0.0189
 0.490249 0.384438 0.106611 0.0170017 0.00170017
 0.7925 0.1577 0.0466 0.003 0.0002
 0.840416 0.127587 0.0312969 0.00059994 9.999e-05
 0.8084 0.0986 0.0794 0.0134 0.0002
 0.7335 0.1905 0.0724 0.0035 0.0001
 0.4001 0.4547 0.1325 0.0127 0
 0.49795 0.308269 0.164784 0.0264974 0.00249975
 0.9179 0.0499 0.0305 0.0017 0
 0.2467 0.6533 0.0926 0.0074 0
 0.9418 0.0223 0.034 0.0019 0
 0.707729 0.231977 0.0356964 0.0245975 0
 0.517169 0.277429 0.184464 0.0207286 0.00020938
 0.811772 0.124168 0.05621 0.00726502 0.000585176
 0.764997 0.148141 0.077277 0.00933861 0.000247198
 0.163321 0.427699 0.378323 0.0303852 0.000271297
 0.753843 0.0900009 0.118128 0.0371064 0.000921714
 0.721811 0.176058 0.0630433 0.0369309 0.00215725
 0.143369 0.312575 0.442814 0.0836902 0.0175525
 0.692698 0.0596174 0.167031 0.0765114 0.00414204
 0.394062 0.376323 0.152708 0.0712218 0.00568511
 0.125707 0.32114 0.495352 0.0537591 0.00404204
 0.23352 0.215282 0.420074 0.123614 0.00750983
 0.796117 0.104755 0.0508955 0.0450114 0.00322123
 0.162477 0.292055 0.404252 0.121198 0.0200186
pf_pred 
 0.420319 0.120894 0.433806 0.0249801 8.21673e-07
 0.393045 0.298403 0.0652236 0.230091 0.0132379
 0.548568 0.21043 0.11962 0.0256777 0.0957031
 0.721968 0.172674 0.0495989 0.0276902 0.0280696
 0.631639 0.287416 0.0506473 0.0142709 0.0160267
 0.723054 0.192033 0.0665042 0.0115225 0.00688645
 0.461853 0.418938 0.0831244 0.0282681 0.00781713
 0.442793 0.303837 0.19817 0.0385043 0.0166963
 0.515006 0.248117 0.130151 0.0834901 0.0232355
 0.676777 0.191334 0.0681137 0.0350572 0.028718
 0.798544 0.149713 0.0308844 0.0107778 0.0100804
 0.717611 0.237047 0.0338447 0.00686514 0.0046322
 0.661365 0.263762 0.0630586 0.0088209 0.0029932
 0.612617 0.282794 0.0818297 0.019171 0.00358778
 0.722022 0.193444 0.0621014 0.0175558 0.00487656
 0.92731 0.0569778 0.0110034 0.00345987 0.00124838
 0.377514 0.588933 0.0264143 0.00500069 0.00213745
 0.889086 0.0497377 0.0579363 0.00255147 0.000688822
 0.573223 0.3908 0.0162976 0.0186384 0.00104139
 0.582589 0.27006 0.135155 0.00552773 0.00666797
 0.723648 0.181175 0.0619936 0.0304391 0.0027438
 0.732837 0.208229 0.0388847 0.0130636 0.00698563
 0.311196 0.543061 0.114075 0.0209018 0.010766
 0.722497 0.104211 0.137137 0.0283049 0.00785011
 0.610843 0.30231 0.0329727 0.0426426 0.0112318
 0.425024 0.388512 0.145429 0.0155886 0.0254467
 0.713125 0.141872 0.0985254 0.0362566 0.0102209
 0.679049 0.246599 0.0370991 0.02532 0.011933
 0.359176 0.47214 0.130132 0.0192449 0.0193069
 0.477866 0.222138 0.222026 0.0601638 0.0178071
 0.782262 0.119779 0.0420986 0.0413519 0.0145084
 0.469005 0.439479 0.0507538 0.0175275 0.0232351
pobs_RECLAS
 0 0 0 0 0
 0 0 0 0 0
 0 0 0 0 0
 0 0 0 0 0
 0 0 0 0 0
 0 0 0 0 0
 0 0 0 0 0
 0 0 0 0 0
 0 0 0 0 0
 0 0 0 0 0
 0.991045 0.00858322 0.000360255 1.14367e-05 0
 0.934742 0.0480273 0.0164251 0.00080598 0
 0.827803 0.169806 0.00239088 0 0
 0.941827 0.0461693 0.0120037 0 0
 0.791401 0.0380133 0.147996 0.0225897 0
 0.846168 0.0940531 0.0597789 0 0
 0.134021 0.677848 0.182769 0.00536245 0
 0.80878 0.0450904 0.141981 0.00414843 0
 0.846168 0.0940531 0.0597789 0 0
 0.905697 0.0802665 0.012482 0.00150086 5.37128e-05
 0.989698 0.0102097 9.19794e-05 0 0
 0.975433 0.0193895 0.00387452 0.00125025 5.28907e-05
 0.303575 0.632131 0.0575291 0.00676475 0
 0.966965 0.00978017 0.0227588 0.000495775 0
 0.843318 0.132988 0.00938335 0.0141283 0.000182051
 0.564624 0.303363 0.111486 0.0197234 0.00080311
 0.826376 0.0876187 0.0782897 0.00655872 0.00115652
 0.89761 0.0855135 0.0140674 0.00269457 0.000114338
 0.34875 0.467042 0.161289 0.0227151 0.000203297
 0.318654 0.224769 0.449479 0.00709798 0
 0.937255 0.0296025 0.0250945 0.00804832 0
 0.456809 0.399803 0.12412 0.0192676 0
ppred_RECLAS
 0.491638 0.10744 0.37911 0.0218111 7.174e-07
 0.463004 0.266382 0.0572448 0.201762 0.0116075
 0.618062 0.179695 0.10043 0.021539 0.0802739
 0.775828 0.140155 0.0395714 0.0220718 0.0223731
 0.693696 0.23989 0.0415697 0.0117027 0.0131419
 0.775967 0.156159 0.0531699 0.00920389 0.00550047
 0.534199 0.364048 0.0709724 0.024113 0.00666777
 0.512871 0.267665 0.171684 0.0333287 0.0144514
 0.586186 0.213517 0.110098 0.070562 0.0196367
 0.7367 0.156994 0.0549267 0.028244 0.0231356
 0.839666 0.119675 0.0242779 0.0084648 0.00791667
 0.771969 0.191958 0.0269326 0.00545802 0.00368257
 0.722389 0.217065 0.0509996 0.00712745 0.00241844
 0.680654 0.234279 0.0665702 0.0155809 0.00291577
 0.776403 0.156439 0.0493488 0.0139377 0.00387136
 0.944394 0.0437524 0.0083041 0.0026087 0.00094122
 0.444878 0.525683 0.0231799 0.0043844 0.00187394
 0.914417 0.0387398 0.044364 0.00195199 0.000526955
 0.64051 0.329674 0.0135133 0.0154401 0.000862649
 0.650107 0.227752 0.112041 0.0045782 0.00552231
 0.776693 0.147271 0.0495421 0.0243034 0.00219062
 0.784607 0.168523 0.0309347 0.0103833 0.00555208
 0.374061 0.495272 0.102295 0.0187265 0.00964513
 0.776105 0.0849759 0.109956 0.0226744 0.00628826
 0.674881 0.25354 0.0271914 0.0351344 0.00925379
 0.494532 0.343422 0.12641 0.0135379 0.0220981
 0.767614 0.115921 0.0791579 0.0291035 0.00820398
 0.73661 0.203178 0.0300573 0.0204957 0.00965896
 0.425606 0.425081 0.115212 0.0170233 0.0170773
 0.549045 0.193741 0.190408 0.05155 0.0152569
 0.826763 0.0960443 0.0331912 0.0325733 0.0114278
 0.538073 0.383436 0.0435476 0.0150256 0.0199175
pobs_PELACES
 0 0 0 0 0
 0 0 0 0 0
 0 0 0 0 0
 0 0 0 0 0
 0 0 0 0 0
 0 0 0 0 0
 0 0 0 0 0
 0 0 0 0 0
 0 0 0 0 0
 0 0 0 0 0
 0 0 0 0 0
 0 0 0 0 0
 0 0 0 0 0
 0 0 0 0 0
 0 0 0 0 0
 0 0 0 0 0
 0.505614 0.472636 0.0217494 0 0
 0 0 0 0 0
 0.443492 0.261883 0.143347 0.151278 0
 0.227955 0.32914 0.350689 0.0885471 0.00366901
 0.970185 0.0296113 0.000203453 0 0
 0.997202 0.00247181 0.000326279 0 0
 0.445219 0.490057 0.0546422 0.010081 0
 0.90214 0.0892962 0.00764917 0.000914606 0
 0 0 0 0 0
 0.581667 0.319106 0.0959925 0.00289975 0.000334073
 0.762889 0.0836404 0.116647 0.0363945 0.000428098
 0.88444 0.0763242 0.0277011 0.0115352 0
 0.521256 0.241999 0.230069 0.00667565 0
 0.616807 0.101726 0.260614 0.0208532 0
 0.833518 0.0704572 0.0857862 0.0102388 0
 0.697417 0.212968 0.0787535 0.0105354 0.000325836
ppred_PELACES
 0.494229 0.106951 0.377124 0.021696 7.13614e-07
 0.467623 0.264265 0.0567185 0.199893 0.0114999
 0.622333 0.177804 0.099252 0.0212849 0.0793265
 0.780587 0.13728 0.0386865 0.0215761 0.0218705
 0.695628 0.23841 0.0412872 0.0116228 0.0130521
 0.779179 0.15398 0.0523612 0.00906328 0.00541642
 0.544179 0.356467 0.0693018 0.0235419 0.0065098
 0.514481 0.266833 0.171076 0.0332098 0.0143998
 0.592284 0.210549 0.108382 0.0694559 0.0193288
 0.743026 0.153364 0.0535366 0.0275259 0.0225472
 0.840746 0.118885 0.0241044 0.00840404 0.00785982
 0.778159 0.186821 0.0261473 0.00529817 0.00357469
 0.729065 0.211954 0.0496832 0.00694262 0.00235571
 0.692697 0.225678 0.0638793 0.014948 0.0027973
 0.782941 0.151986 0.0478186 0.0135036 0.00375076
 0.946037 0.0424797 0.00804486 0.00252696 0.000911723
 0.449665 0.521188 0.0229506 0.00434071 0.00185526
 0.916014 0.0380461 0.043509 0.00191423 0.000516759
 0.646985 0.32379 0.013246 0.0151331 0.00084549
 0.656002 0.224054 0.110026 0.00449542 0.00542243
 0.780165 0.14505 0.0487278 0.0239022 0.00215444
 0.788838 0.165277 0.0302859 0.0101646 0.0054351
 0.377458 0.492689 0.101659 0.0186092 0.00958467
 0.778413 0.0841474 0.108786 0.0224322 0.00622106
 0.677718 0.251378 0.0269354 0.034802 0.00916621
 0.497139 0.34173 0.125697 0.0134611 0.0219726
 0.769976 0.114795 0.0783186 0.0287935 0.00811658
 0.738751 0.201563 0.0297955 0.0203163 0.00957441
 0.428034 0.423361 0.114667 0.0169422 0.0169959
 0.552329 0.192429 0.18895 0.0511527 0.0151393
 0.82889 0.0949096 0.0327657 0.032154 0.0112807
 0.53975 0.382075 0.0433728 0.0149649 0.019837
pobs_pel_tallas
 0 0 0 0 0 0 0 0 0 0 0 0 0 0 0 0 0 0 0 0 0 0 0 0 0 0
 0 0 0 0 0 0 0 0 0 0 0 0 0 0 0 0 0 0 0 0 0 0 0 0 0 0
 0 0 0 0 0 0 0 0 0 0 0 0 0 0 0 0 0 0 0 0 0 0 0 0 0 0
 0 0 0 0 0 0 0 0 0 0 0 0 0 0 0 0 0 0 0 0 0 0 0 0 0 0
 0 0 0 0 0 0 0 0 0 0 0 0 0 0 0 0 0 0 0 0 0 0 0 0 0 0
 0 0 0 0 0 0 0 0 0 0 0 0 0 0 0 0 0 0 0 0 0 0 0 0 0 0
 0 0 0 0 0 0 0 0 0 0 0 0 0 0 0 0 0 0 0 0 0 0 0 0 0 0
 0 0 0 0 0 0 0 0 0 0 0 0 0 0 0 0 0 0 0 0 0 0 0 0 0 0
 0 0 0 0 0 0 0 0 0 0 0 0 0 0 0 0 0 0 0 0 0 0 0 0 0 0
 0 0 0 0 0 0 0 0 0 0 0 0 0 0 0 0 0 0 0 0 0 0 0 0 0 0
 0 0 0 0 0 0 0 0 0 0 0 0 0 0 0 0 0 0 0 0 0 0 0 0 0 0
 0 0 0 0 0 0 0 0 0 0 0 0 0 0 0 0 0 0 0 0 0 0 0 0 0 0
 0.00862536 0 0 0.000197151 0.00414017 0.0128641 0.00837892 0.0270097 0.101434 0.158115 0.152841 0.127902 0.109271 0.109419 0.0830992 0.0579132 0.0238553 0.00714673 0.00463305 0.00128148 0.00103504 0.000492878 0.000147863 0.000147863 4.92878e-05 0
 0 0 0 0 0 0 0 0 0 0 0 0 0 0 0 0 0 0 0 0 0 0 0 0 0 0
 0 0 0 0 0 0 0 0.0054083 0.00873648 0.0413646 0.0450493 0.0745869 0.0622846 0.0627006 0.0613931 0.0827291 0.12552 0.122667 0.0946155 0.0697135 0.0546179 0.0294188 0.0215738 0.0213955 0.0102223 0.00600262
 0 0 0 0 0.00359764 0.0251062 0.0480494 0.140153 0.205849 0.193036 0.1447 0.116669 0.0760912 0.0342217 0.00950174 0.001854 0.000860785 0 0 0 0.000165536 0 0.000143464 0 0 0
 0 0 0 0 0 0 0 0.000145254 0.000435761 0.0275982 0.070085 0.0708112 0.156366 0.174668 0.174014 0.160142 0.0824315 0.0480064 0.0283245 0.00493863 0.00203355 0 0 0 0 0
 0 0 0 0 0 0 0 0 0 0 0 0 0 0 0 0 0 0 0 0 0 0 0 0 0 0
 0 0 1.00437e-05 0.000401748 0.00122533 0.00171747 0.00176769 0.0269171 0.070346 0.194647 0.189555 0.159765 0.064822 0.0314167 0.0384472 0.0292271 0.0345202 0.0313363 0.0194345 0.0106764 0.0143323 0.0359363 0.0279516 0.0138201 0.00172751 0
 0 0.0021121 0.0136068 0.0755702 0.200478 0.177729 0.0527432 0.0373336 0.0318909 0.0142505 0.0149659 0.0166563 0.0217959 0.0798694 0.0677717 0.0528807 0.04013 0.0224614 0.0357745 0.0225083 0.00881397 0.00855152 0.00135912 0.000746735 0 0
 0 0 0 0 5.4009e-05 0.00500934 0.000945158 0.0243581 0.138947 0.33067 0.221406 0.137944 0.0707744 0.0437923 0.0131692 0.00525238 0.0047753 0.00276346 9.45158e-05 9.00151e-06 2.25038e-05 9.00151e-06 4.50075e-06 0 0 0
 0.000866109 0.00284123 0.00948549 0.0512746 0.133035 0.25785 0.225252 0.132002 0.0553304 0.0519788 0.0540692 0.017754 0.00435017 0.00159236 0.00146478 0.000404838 0.000125132 0.000115318 0.000107957 0.000100596 0 0 0 0 0 0
 0 0 0 0 0.00144013 0.00171154 0.00461396 0.0210425 0.0478622 0.0707936 0.0888783 0.103762 0.0637923 0.0337046 0.0602308 0.124433 0.169614 0.0934646 0.0462172 0.0250306 0.0313229 0.00938855 0.002487 0.000210481 0 0
 0 0.00764035 0.051015 0.0998891 0.058973 0.0496711 0.0374665 0.0718981 0.12319 0.153886 0.159021 0.0857701 0.0377988 0.023471 0.0147837 0.00900784 0.00315554 0.000888139 0.00291439 0.00214683 0.00393193 0.00274676 0.000635225 9.99891e-05 0 0
 0 0 0 0 0 0 0 0 0 0 0 0 0 0 0 0 0 0 0 0 0 0 0 0 0 0
 0 0 0 0 0 0 0 0 0 0 0 0 0 0 0 0 0 0 0 0 0 0 0 0 0 0
 0 0 0 0 0 0 0 0 0 0 0 0 0 0 0 0 0 0 0 0 0 0 0 0 0 0
 0 0 0 0 0 0 0 0 0 0 0 0 0 0 0 0 0 0 0 0 0 0 0 0 0 0
 0 0 0 0 0 0 0 0 0 0 0 0 0 0 0 0 0 0 0 0 0 0 0 0 0 0
 0 0 0 0 0 0 0 0 0 0 0 0 0 0 0 0 0 0 0 0 0 0 0 0 0 0
 0 0 0 0 0 0 0 0 0 0 0 0 0 0 0 0 0 0 0 0 0 0 0 0 0 0
 0 0 0 0 0 0 0 0 0 0 0 0 0 0 0 0 0 0 0 0 0 0 0 0 0 0
ppred_pel_tallas
 1.13087e-16 4.0709e-05 0.000395706 0.0026296 0.0119538 0.0371928 0.0792436 0.115661 0.115671 0.079297 0.0373737 0.0124835 0.00398636 0.00344699 0.00609725 0.0106961 0.0169846 0.0246402 0.0332359 0.0423766 0.0515812 0.0599336 0.0659209 0.067843 0.0646567 0.0566582
 1.23697e-16 3.85176e-05 0.000374404 0.00248805 0.0113103 0.0351908 0.0749786 0.109439 0.109464 0.0751036 0.0356108 0.012525 0.00554296 0.00706396 0.0128075 0.0212923 0.0311232 0.0401774 0.0464109 0.0491184 0.0494375 0.0495375 0.0510821 0.0541438 0.057272 0.058467
 1.18469e-16 5.12608e-05 0.000498273 0.0033112 0.0150522 0.0468332 0.0997837 0.145641 0.145658 0.0998682 0.0471172 0.0158744 0.00538175 0.00504152 0.00874919 0.014569 0.0214295 0.0279189 0.0326594 0.0351041 0.0358675 0.0362258 0.0371811 0.0388293 0.0404241 0.0409304
 1.07017e-16 6.4296e-05 0.00062498 0.00415321 0.0188799 0.0587424 0.125157 0.182674 0.182687 0.125222 0.0589604 0.0195099 0.00573667 0.00408879 0.00666417 0.0109735 0.0159426 0.0203585 0.0230435 0.023494 0.0221839 0.0202175 0.0186075 0.0177424 0.0173618 0.0169095
 1.04627e-16 5.7298e-05 0.000556957 0.00370118 0.016825 0.052349 0.111536 0.162795 0.162818 0.111648 0.0527263 0.0179151 0.00643814 0.00653445 0.0114177 0.018807 0.0271396 0.034245 0.0379534 0.0372772 0.0329958 0.0271094 0.0216152 0.0175581 0.0149103 0.013071
 1.03377e-16 6.418e-05 0.000623852 0.00414572 0.0188458 0.0586365 0.124932 0.182345 0.18236 0.125005 0.058881 0.0195528 0.00592255 0.00451065 0.00746929 0.0123078 0.0178667 0.0227676 0.025643 0.0258534 0.0238367 0.0207502 0.0177101 0.0152421 0.0132682 0.011461
 1.05554e-16 4.48234e-05 0.000435699 0.00289538 0.013162 0.040952 0.0872538 0.127357 0.127391 0.0874219 0.0415164 0.0147926 0.0069902 0.00938043 0.0170494 0.0281599 0.0406673 0.0513667 0.0570174 0.0561266 0.0498196 0.0410258 0.0326657 0.0262641 0.0217965 0.0184479
 1.10773e-16 4.23772e-05 0.000411922 0.00273737 0.0124437 0.038717 0.0824917 0.120405 0.12043 0.0826185 0.0391435 0.0136783 0.00584697 0.00723522 0.013104 0.0218659 0.0321256 0.041723 0.0484516 0.0512573 0.0507517 0.0485464 0.0460006 0.0434436 0.0403643 0.0361644
 1.13418e-16 4.87857e-05 0.000474214 0.00315132 0.0143255 0.0445719 0.094966 0.13861 0.13863 0.0950659 0.044908 0.015298 0.00559999 0.00584474 0.0103231 0.0171881 0.0252316 0.0327543 0.0380691 0.0404518 0.0405383 0.0397517 0.0392294 0.0391236 0.0387236 0.0371207
 1.08161e-16 6.12021e-05 0.000594906 0.00395336 0.0179714 0.0559158 0.119135 0.173884 0.173899 0.119208 0.0561596 0.0186764 0.00572624 0.00447574 0.00746349 0.0123272 0.0179577 0.0230293 0.0262454 0.0270472 0.0259408 0.0241047 0.0225934 0.0217677 0.0212958 0.0205661
 1.02899e-16 6.92512e-05 0.000673146 0.00447329 0.0203349 0.0632696 0.134803 0.196751 0.196763 0.134859 0.0634579 0.020879 0.00583967 0.00365844 0.0057463 0.00941012 0.013597 0.0172034 0.0191569 0.018974 0.0170426 0.0143451 0.0118475 0.0100318 0.00884645 0.0079669
 1.01939e-16 6.40959e-05 0.000623035 0.00414029 0.0188212 0.0585597 0.124768 0.182107 0.182125 0.124856 0.0588551 0.0196744 0.00628208 0.00529853 0.00894355 0.0146837 0.0211452 0.0265887 0.0292853 0.0284375 0.0246477 0.0195021 0.0146166 0.0108879 0.00838219 0.00670462
 1.02583e-16 6.00521e-05 0.000583728 0.00387908 0.0176337 0.0548652 0.116897 0.170619 0.170639 0.116997 0.055201 0.018604 0.00631613 0.00590862 0.010187 0.0167824 0.024254 0.0306738 0.0341096 0.033656 0.0299468 0.0246779 0.019548 0.0154577 0.0124332 0.0100702
 1.03874e-16 5.70566e-05 0.000554611 0.00368558 0.0167541 0.0521285 0.111066 0.162109 0.16213 0.111173 0.0524864 0.0177887 0.00628506 0.0062377 0.010875 0.0179528 0.0260073 0.0330213 0.0369685 0.0369024 0.0334852 0.0284684 0.0235688 0.0196387 0.0166181 0.0140379
 1.03408e-16 6.44899e-05 0.000626865 0.00416574 0.0189368 0.0589196 0.125535 0.183225 0.18324 0.125607 0.0591609 0.0196343 0.00591852 0.0044604 0.0073663 0.0121317 0.0176011 0.0224104 0.0252101 0.0253743 0.0233481 0.0202905 0.0173174 0.0149498 0.0130968 0.0114091
 1.00651e-16 7.79238e-05 0.000757447 0.0050335 0.0228816 0.0711931 0.151685 0.221389 0.221393 0.151705 0.0712603 0.0230759 0.00552138 0.0018231 0.00210361 0.00335915 0.00484276 0.00611391 0.0067814 0.00666684 0.00590469 0.00484536 0.003839 0.00306966 0.00253624 0.00214206
 1.01545e-16 3.70385e-05 0.000360027 0.00239251 0.010876 0.0338396 0.0721007 0.105244 0.105294 0.0723458 0.034662 0.0132504 0.00834839 0.0133482 0.024664 0.040611 0.0582515 0.0727332 0.0791355 0.0751894 0.0626558 0.0461959 0.0306744 0.0189678 0.0115234 0.00730008
 1.01545e-16 7.54509e-05 0.000733409 0.00487376 0.0221554 0.0689337 0.146871 0.214363 0.214367 0.146889 0.0689951 0.0223335 0.00532361 0.00172476 0.00198547 0.00323382 0.00481544 0.00639603 0.00767702 0.00849987 0.00889835 0.00900309 0.00888898 0.00851152 0.0077787 0.00667349
 1.02126e-16 5.32914e-05 0.000518011 0.00344237 0.0156485 0.0486886 0.103737 0.151414 0.151445 0.10389 0.0491996 0.0171238 0.00714326 0.0085894 0.0153599 0.0252506 0.0362348 0.0452881 0.0493729 0.0471048 0.0396 0.0297596 0.0205808 0.0137888 0.00957246 0.00719411
 1.04601e-16 5.40341e-05 0.000525231 0.00349034 0.0158666 0.049367 0.105182 0.153521 0.153543 0.105289 0.0497238 0.0168987 0.0060869 0.00621251 0.0109106 0.0180958 0.0263957 0.0338831 0.0386001 0.0395945 0.0374038 0.0335366 0.0294161 0.0256649 0.0221617 0.0185762
 1.04205e-16 6.42612e-05 0.000624642 0.00415097 0.0188697 0.0587107 0.12509 0.182575 0.182589 0.125158 0.0589411 0.0195359 0.00582581 0.00428929 0.00704914 0.0116183 0.0168877 0.0215719 0.0244054 0.0248114 0.0232218 0.0207253 0.0183383 0.0164837 0.0149928 0.013469
 1.02856e-16 6.49756e-05 0.000631586 0.00419711 0.0190795 0.0593634 0.126481 0.184605 0.184621 0.126558 0.059625 0.0198353 0.00609509 0.00477714 0.00794486 0.0130496 0.0188352 0.0237787 0.0263747 0.0259348 0.0229899 0.0189117 0.0150686 0.0121747 0.0102138 0.0087889
 1.06548e-16 3.10908e-05 0.000302213 0.00200832 0.00912955 0.0284057 0.060523 0.0883451 0.0883926 0.0607553 0.0291858 0.0113836 0.00766879 0.0126673 0.0235386 0.0389277 0.0562202 0.0710043 0.078786 0.0774748 0.0685907 0.0561532 0.0441957 0.0348659 0.0282163 0.0232281
 1.06464e-16 6.41169e-05 0.000623239 0.00414164 0.0188273 0.0585788 0.124809 0.182163 0.182172 0.124849 0.0587151 0.0192232 0.00514301 0.00283468 0.00433879 0.00726713 0.0109205 0.0146939 0.0179937 0.0205208 0.0223628 0.023756 0.0247365 0.0250164 0.0241892 0.0220603
 1.05883e-16 5.58228e-05 0.000542617 0.00360588 0.0163918 0.0510012 0.108664 0.158604 0.158628 0.108783 0.0513987 0.0175399 0.00648766 0.00683394 0.012006 0.0197666 0.0284905 0.0358877 0.0396805 0.0388636 0.0343233 0.0282454 0.0227875 0.0190386 0.0168726 0.0155008
 1.08784e-16 4.09487e-05 0.000398036 0.00264509 0.0120242 0.037412 0.0797114 0.116348 0.116381 0.079873 0.037955 0.0135941 0.00659175 0.00903356 0.0164999 0.0273662 0.0397768 0.0507725 0.0573431 0.0580786 0.0539425 0.0474733 0.0411024 0.0359467 0.031794 0.0278957
 1.06551e-16 6.34219e-05 0.000616484 0.00409675 0.0186232 0.0579439 0.123456 0.18019 0.180201 0.123511 0.0581276 0.0191554 0.00543768 0.00356123 0.0057077 0.0094718 0.0139598 0.0182361 0.0213858 0.0229907 0.0233313 0.0230818 0.0227587 0.02239 0.0216218 0.0200811
 1.0457e-16 6.085e-05 0.000591484 0.00393062 0.017868 0.0555942 0.11845 0.172885 0.172905 0.118545 0.0559131 0.0187893 0.00624364 0.00564264 0.00965957 0.0158889 0.0229235 0.0289213 0.0320569 0.0315136 0.0279759 0.0231588 0.0187576 0.0156324 0.0137034 0.0123892
 1.07993e-16 3.52566e-05 0.000342707 0.00227741 0.0103528 0.0322116 0.0686318 0.100179 0.10022 0.0688317 0.032883 0.0122929 0.00715167 0.0109975 0.0203123 0.0336339 0.0487034 0.0617827 0.0690663 0.0687817 0.0621942 0.0526364 0.0433912 0.0361124 0.030709 0.0262696
 1.13194e-16 4.54947e-05 0.000442224 0.00293874 0.0133591 0.0415652 0.0885597 0.129259 0.129278 0.0886517 0.0418751 0.0142577 0.00520741 0.0054384 0.0096627 0.01624 0.0241829 0.0320811 0.0384974 0.0427448 0.0451665 0.0466055 0.0475395 0.047658 0.046184 0.0425596
 1.06104e-16 6.82746e-05 0.000663653 0.00441021 0.0200482 0.0623774 0.132902 0.193976 0.193985 0.132947 0.0625284 0.0204848 0.00550849 0.00306878 0.00465895 0.00765608 0.011173 0.0143816 0.0165008 0.0172105 0.0168428 0.016125 0.0156737 0.0156391 0.0157202 0.0154498
 1.06208e-16 4.44586e-05 0.000432153 0.00287181 0.0130549 0.0406187 0.0865438 0.126321 0.126358 0.0867237 0.0412226 0.0147991 0.00724954 0.00998718 0.0181868 0.0299859 0.0431707 0.0542533 0.0597174 0.0579683 0.0502999 0.0400305 0.0305203 0.0236009 0.019322 0.0167173
pSPR Fmed_Fpbrs
0.552869   0.6 0.325
Fs Fmed_Fpbrs
0.341307   0.289732 0.711949
SSBpbr Bo_Bmed_Bpbrs
2.36885e+06  1.19122e+06  1.30287e+06 651433
Ro
182859
SPR SPRFo_SPRFmed_SPRFpbrs
1.31624e+06 727709 427778
Fref
0.289732
Nvult_r0
 94315.6 68607.1 7803.02 2692.54 3569.18
CTP_r0
 5724.46 5364.07 619.478 213.933 283.597
YTP_r0
218838
Np
 219930 65131.8 13739 9646.09 1395.83
Nvult_p0
 154798 47107.7 9955 6990.05 1011.49
CTP_p0
 27590.6 7957.49 5696.76 647.038 298.592
 27590.6 10439.4 2234.73 1570.22 227.226
YTP_p0
 514803 501181
CBA_c0
339553
log_Ro
11.9365
likeval ReclasPelacesDesembMPH_pf_preclas_ppelaces_ptallas_desvR_qrecl_qpela
 15.2136 17.4163 0.0627339 0.000810972 230.341 128.499 111.941 0 22.5759 1.01434e-06 4.94032e-08 0.31741 7.06396e-16 0 0
q_reclas_q_pelaces
0.867247 1.03193
M
1
N
 200419 44454.8 157026 9034.58 0.297163
 113400 67037.2 14433.6 50877 2927
 117475 35070.4 19637.1 4211.94 15697.6
 193923 36486.9 10331.2 5763.32 5842.05
 156883 54994.7 9538.94 2685.53 3015.81
 255762 52907.9 18049.3 3124.72 1867.42
 109025 78887 15444.2 5248.38 1451.31
 51884 27335.5 17545.1 3406.11 1476.9
 47536.2 17965.6 9287.8 5953.39 1656.78
 61749.2 13811.5 4848.64 2493.68 2042.68
 115549 16667.4 3384.09 1179.96 1103.55
 150134 39372.3 5544.8 1123.9 758.315
 124398 39297.8 9265.53 1295.15 439.467
 88821.5 33226.1 9496.53 2223.38 416.084
 89980.1 19183.5 6075.48 1716.28 476.722
 474839 23065.6 4392.38 1380.09 497.944
 106043 129020 5700.83 1078.41 460.926
 741181 32357.4 37133.2 1634.03 441.121
 418982 225021 9251.22 10572 590.668
 322517 117420 57920.2 2367.07 2855.22
 474843 92757.5 31269.1 15341.1 1382.8
 647401 144384 26573.8 8920.79 4770.11
 138375 187219 38727.3 7090.17 3651.82
 397122 44330.2 57439.7 11845.7 3285.17
 337034 129089 13863.2 17914.1 4718.28
 155357 109565 40373.5 4324.06 7058.23
 336247 51775.1 35403.5 13017.5 3669.53
 389534 109232 16178 11032.3 5199.17
 127216 128949 34985.9 5169.67 5186.09
 118367 42583 41907.3 11346.6 3358.18
 324063 38479.7 13318.3 13071.5 4585.95
 143963 103630 11777.9 4063.96 5387.09
pred_Ctot
 11590.1 3333.62 11962 688.815 0.0226573
 11584.7 8795.17 1922.41 6781.72 390.175
 11724.6 4497.54 2556.65 548.811 2045.46
 28687.1 6861.11 1970.79 1100.26 1115.33
 8317.16 3784.58 666.903 187.913 211.033
 26500.3 7038.08 2437.41 422.304 252.391
 22639.1 20535.5 4074.59 1385.65 383.18
 1936.64 1328.89 866.731 168.406 73.0244
 6439.04 3102.17 1627.26 1043.86 290.51
 10658.4 3013.28 1072.71 552.109 452.273
 5422.34 1016.59 209.714 73.1843 68.4485
 28144.8 9297.02 1327.39 269.252 181.676
 22110.5 8818.01 2108.15 294.897 100.068
 24199.6 11170.9 3232.44 757.292 141.725
 17757.7 4757.63 1527.34 431.774 119.936
 80418.1 4941.23 954.239 300.047 108.262
 11608.3 18109.4 812.226 153.768 65.7253
 83157.9 4652.06 5418.89 238.644 64.4268
 64498.8 43972.6 1833.8 2097.19 117.177
 45386.8 21039.1 10529.3 430.64 519.47
 52880.5 13239.4 4530.17 2224.34 200.503
 89273.5 25366.3 4736.9 1591.4 850.983
 11426.5 19940.2 4188.62 767.474 395.308
 29515.5 4257.25 5602.34 1156.31 320.694
 25034.2 12389.6 1351.32 1747.62 460.315
 9314.95 8514.76 3187.26 341.645 557.697
 25111.6 4995.83 3469.43 1276.72 359.912
 24875.7 9033.71 1359.06 927.551 437.145
 7302.58 9599.3 2645.77 391.278 392.538
 8791.39 4086.71 4084.65 1106.85 327.601
 27088.9 4147.83 1457.83 1431.97 502.409
 5724.46 5364.07 619.478 213.933 283.597
F
 0.0951633 0.124913 0.127002 0.127114 0.12712
 0.173566 0.227825 0.231637 0.231841 0.231851
 0.169274 0.222192 0.225909 0.226108 0.226118
 0.260222 0.341572 0.347286 0.347592 0.347608
 0.086947 0.114128 0.116037 0.116139 0.116145
 0.176229 0.231321 0.23519 0.235398 0.235408
 0.383388 0.503241 0.51166 0.512111 0.512135
 0.0605543 0.0794845 0.0808142 0.0808854 0.0808892
 0.235987 0.30976 0.314942 0.315219 0.315234
 0.309627 0.406421 0.41322 0.413584 0.413604
 0.0766357 0.100593 0.102276 0.102366 0.102371
 0.34036 0.446762 0.454236 0.454636 0.454657
 0.320155 0.420241 0.427271 0.427648 0.427668
 0.53258 0.699073 0.710768 0.711394 0.711427
 0.361246 0.474177 0.482109 0.482534 0.482557
 0.303006 0.397731 0.404384 0.404741 0.404759
 0.186999 0.245458 0.249564 0.249784 0.249796
 0.19205 0.252088 0.256305 0.256531 0.256543
 0.272074 0.357128 0.363103 0.363423 0.36344
 0.246168 0.323124 0.32853 0.328819 0.328835
 0.190507 0.250062 0.254245 0.254469 0.254481
 0.240689 0.315932 0.321217 0.3215 0.321515
 0.138305 0.181541 0.184578 0.18474 0.184749
 0.123745 0.16243 0.165147 0.165293 0.165301
 0.123665 0.162325 0.165041 0.165186 0.165194
 0.0988148 0.129706 0.131876 0.131992 0.131998
 0.124374 0.163256 0.165987 0.166133 0.166141
 0.105536 0.138528 0.140845 0.140969 0.140976
 0.0944331 0.123954 0.126028 0.126139 0.126145
 0.123656 0.162313 0.165028 0.165174 0.165181
 0.140107 0.183907 0.186984 0.187148 0.187157
 0.0646166 0.0848168 0.0862356 0.0863116 0.0863156
YTP_r0W_actual
 49230.3 133029 17283.4 7979.7 11315.5
YTP_p0W_proyectada
 208033 138858 137121 20265.2 10525.4
 208033 182168 53789.9 49179.3 8009.72
CTP_r0_actual
 5724.46 5364.07 619.478 213.933 283.597
CTP_p0_proyectada
 27590.6 7957.49 5696.76 647.038 298.592
 27590.6 10439.4 2234.73 1570.22 227.226
Wmedp
 7.54 17.45 24.07 31.32 35.25
Frms_r0
 0.0646166 0.0848168 0.0862356 0.0863116 0.0863156
Zrms_r0
 1.06462 1.08482 1.08624 1.08631 1.08632
nmprior
 7.27 8.72 9 0
nm_flota  nm_reclas  nm_pelaces    nm_pelaL
inf 12.0183 19.8828 65.746
cv_recla  cv_pelaces  cv_mph
0.345055 0.457161 0.878837
 ------------------------------------------------
Talla a la edad & desviaci?n 
 8 13.2811 15.8009 17.003 17.5766
 0.8 1.32811 1.58009 1.7003 1.75766
