years
 1991 1992 1993 1994 1995 1996 1997 1998 1999 2000 2001 2002 2003 2004 2005 2006 2007 2008 2009 2010 2011 2012 2013 2014 2015 2016 2017 2018 2019 2020 2021 2022
reclasobs
 0 0 0 0 0 0 0 0 0 252601 567819 844713 477998 351125 339783 2.1784e+06 2.13404e+06 4.81314e+06 1.55562e+06 2.62356e+06 3.21686e+06 3.843e+06 1.13348e+06 3.07943e+06 1.97215e+06 2.03268e+06 2.025e+06 2.42433e+06 2.27542e+06 1.05018e+06 2.36338e+06 3.18982e+06
reclaspred
 3.30387e+06 1.80571e+06 915630 917125 919667 1.54077e+06 864800 757572 540965 370064 501992 677050 656925 486880 486646 1.36762e+06 1.22889e+06 3.16855e+06 2.50028e+06 1.80222e+06 3.10845e+06 2.54925e+06 1.95623e+06 3.06648e+06 2.2762e+06 2.02179e+06 2.42131e+06 2.67951e+06 2.17574e+06 1.47556e+06 2.0369e+06 2.21391e+06
pelacesobs
 0 0 0 0 0 0 0 0 0 0 0 0 0 0 0 552880 188675 0 991730 2.46772e+06 1.41603e+06 1.21717e+06 2.29649e+06 1.80582e+06 0 1.4828e+06 1.56532e+06 1.57751e+06 1.42118e+06 867257 1.10002e+06 1.06204e+06
pelacespred
 1.79847e+06 1.07602e+06 533245 440421 476666 828917 402541 473822 309441 195331 287552 319872 343455 259856 270627 644496 581597 1.77409e+06 1.40689e+06 925705 1.60724e+06 1.37369e+06 1.07742e+06 1.88416e+06 1.32474e+06 1.18453e+06 1.62631e+06 1.61306e+06 1.18272e+06 918214 1.07677e+06 1.21002e+06
mphobs
 0 0 0 0 0 0 0 0 0 0 0 498337 0 5186 125008 0 168611 109162 213762 579715 649985 157893 87575 83554 210694 70296 0 107559 103333 445601 22526 0
mphpred
 384579 255773 123112 68296.6 72930.6 85973.3 114226 61466.5 56441.6 36023.4 22392.3 45686.2 48733 39183.3 24049.1 31324 116432 103599 239498 166910 173990 211998 204282 163993 233820 192511 158154 169712 250113 168773 110540 198425
desembarqueobs
 494567 514787 250237 358949 120608 361735 552515 73892 212993 205616 52469 317467 293654 387597 252695 516296 358380 742168 942051 627588 828172 859565 418607 520667 417249 300574 415391 372974 316634 284311 391294 218835
desembarquepred
 494570 513889 250650 358984 120613 361743 552540 73897.1 213053 205671 52471.7 317528 293692 387582 252672 516222 358402 742008 941735 627359 828250 859544 418608 520692 417237 300570 415383 372944 316617 284302 391249 218838
Reclutas
 170985 94932.2 97646.5 143791 117471 208716 83644.5 36763 35483.5 47206.2 89715.1 127364 105166 74854.7 69937.9 378066 74894 616986 332556 265426 367157 513940 101536 293632 252517 113004 248616 291735 92562.1 85114.6 237603 99287.2
log_desv_Rt
 0.192372 -0.396043 -0.367852 0.0191525 -0.18301 0.39177 -0.52263 -1.34471 -1.38014 -1.09468 -0.452567 -0.102159 -0.293666 -0.633657 -0.701599 0.985863 -0.633132 1.47564 0.857602 0.63213 0.956583 1.2929 -0.328795 0.733121 0.582272 -0.221783 0.566705 0.726639 -0.421326 -0.505207 0.521397 -0.351189
SSB
 2.19178e+06 1.4577e+06 701635 389234 415644 489977 650991 350308 321670 205304 127617 260374 277738 223312 137060 178521 663567 590428 1.36494e+06 951248 991600 1.20821e+06 1.16424e+06 934627 1.33258e+06 1.09715e+06 901346 967219 1.42544e+06 961866 629984 1.13086e+06
BT
 3.06338e+06 2.08646e+06 1.02718e+06 944293 795887 1.52596e+06 1.08449e+06 761974 666757 483806 467754 734300 770266 783476 650788 1.36496e+06 1.13479e+06 3.26468e+06 2.96861e+06 1.92255e+06 3.03605e+06 2.81542e+06 1.94667e+06 3.25681e+06 2.33475e+06 2.00757e+06 2.81724e+06 2.72015e+06 2.00071e+06 1.62703e+06 1.91532e+06 1.95105e+06
Ftot
 0.194463 0.359271 0.353131 0.55182 0.185208 0.349222 0.803919 0.136555 0.541093 0.75364 0.166671 0.67072 0.633655 1.10449 0.792349 0.616034 0.390236 0.372976 0.521314 0.488743 0.387022 0.485852 0.284491 0.258017 0.254577 0.203306 0.257507 0.214157 0.188258 0.257466 0.295919 0.134162
BD_Bspro_t
 0.969491 0.790698 0.592088 0.494493 0.482513 0.572676 0.564074 0.369626 0.43099 0.371274 0.328558 0.584507 0.461955 0.363399 0.251125 0.305551 0.50262 0.461111 0.597495 0.479587 0.444187 0.490721 0.510672 0.495005 0.613819 0.624009 0.63141 0.67369 0.735586 0.659849 0.598963 0.691975
BD_Bspro
 2.15857 1.43561 0.691004 0.383336 0.409346 0.482553 0.641127 0.345 0.316796 0.202193 0.125684 0.256429 0.273529 0.219929 0.134983 0.175816 0.653513 0.581481 1.34426 0.936835 0.976575 1.18991 1.1466 0.920466 1.31239 1.08053 0.887689 0.952564 1.40384 0.947291 0.620438 1.11372
BD_Bo
 1.46823 0.976483 0.470011 0.26074 0.278432 0.328226 0.436086 0.234664 0.215481 0.137529 0.0854884 0.174419 0.186051 0.149592 0.0918136 0.119588 0.444511 0.395516 0.914345 0.637222 0.664253 0.809357 0.7799 0.626088 0.892671 0.73496 0.603794 0.647921 0.954873 0.644335 0.422014 0.75754
BD_Brms
 2.66951 1.77542 0.854566 0.474073 0.506239 0.596774 0.792884 0.426663 0.391783 0.250053 0.155433 0.317126 0.338274 0.271986 0.166934 0.217432 0.808201 0.719119 1.66245 1.15859 1.20773 1.47156 1.418 1.13834 1.62304 1.33629 1.09781 1.17804 1.73613 1.17152 0.767298 1.37735
Sel_flota
 0.678722 0.975692 0.99869 0.999931 0.999996
 0.678722 0.975692 0.99869 0.999931 0.999996
 0.678722 0.975692 0.99869 0.999931 0.999996
 0.678722 0.975692 0.99869 0.999931 0.999996
 0.678722 0.975692 0.99869 0.999931 0.999996
 0.678722 0.975692 0.99869 0.999931 0.999996
 0.678722 0.975692 0.99869 0.999931 0.999996
 0.678722 0.975692 0.99869 0.999931 0.999996
 0.678722 0.975692 0.99869 0.999931 0.999996
 0.678722 0.975692 0.99869 0.999931 0.999996
 0.678722 0.975692 0.99869 0.999931 0.999996
 0.678722 0.975692 0.99869 0.999931 0.999996
 0.678722 0.975692 0.99869 0.999931 0.999996
 0.678722 0.975692 0.99869 0.999931 0.999996
 0.678722 0.975692 0.99869 0.999931 0.999996
 0.678722 0.975692 0.99869 0.999931 0.999996
 0.678722 0.975692 0.99869 0.999931 0.999996
 0.678722 0.975692 0.99869 0.999931 0.999996
 0.678722 0.975692 0.99869 0.999931 0.999996
 0.678722 0.975692 0.99869 0.999931 0.999996
 0.678722 0.975692 0.99869 0.999931 0.999996
 0.678722 0.975692 0.99869 0.999931 0.999996
 0.678722 0.975692 0.99869 0.999931 0.999996
 0.678722 0.975692 0.99869 0.999931 0.999996
 0.678722 0.975692 0.99869 0.999931 0.999996
 0.678722 0.975692 0.99869 0.999931 0.999996
 0.678722 0.975692 0.99869 0.999931 0.999996
 0.678722 0.975692 0.99869 0.999931 0.999996
 0.678722 0.975692 0.99869 0.999931 0.999996
 0.678722 0.975692 0.99869 0.999931 0.999996
 0.678722 0.975692 0.99869 0.999931 0.999996
 0.678722 0.975692 0.99869 0.999931 0.999996
Sel_reclas
 1 1 1 1 1
 1 1 1 1 1
 1 1 1 1 1
 1 1 1 1 1
 1 1 1 1 1
 1 1 1 1 1
 1 1 1 1 1
 1 1 1 1 1
 1 1 1 1 1
 1 1 1 1 1
 1 1 1 1 1
 1 1 1 1 1
 1 1 1 1 1
 1 1 1 1 1
 1 1 1 1 1
 1 1 1 1 1
 1 1 1 1 1
 1 1 1 1 1
 1 1 1 1 1
 1 1 1 1 1
 1 1 1 1 1
 1 1 1 1 1
 1 1 1 1 1
 1 1 1 1 1
 1 1 1 1 1
 1 1 1 1 1
 1 1 1 1 1
 1 1 1 1 1
 1 1 1 1 1
 1 1 1 1 1
 1 1 1 1 1
 1 1 1 1 1
Sel_pelaces
 1 1 1 1 1
 1 1 1 1 1
 1 1 1 1 1
 1 1 1 1 1
 1 1 1 1 1
 1 1 1 1 1
 1 1 1 1 1
 1 1 1 1 1
 1 1 1 1 1
 1 1 1 1 1
 1 1 1 1 1
 1 1 1 1 1
 1 1 1 1 1
 1 1 1 1 1
 1 1 1 1 1
 1 1 1 1 1
 1 1 1 1 1
 1 1 1 1 1
 1 1 1 1 1
 1 1 1 1 1
 1 1 1 1 1
 1 1 1 1 1
 1 1 1 1 1
 1 1 1 1 1
 1 1 1 1 1
 1 1 1 1 1
 1 1 1 1 1
 1 1 1 1 1
 1 1 1 1 1
 1 1 1 1 1
 1 1 1 1 1
 1 1 1 1 1
pf_obs 
 0.8446 0.082 0.0669 0.0065 0
 0.8095 0.147 0.0364 0.0071 0
 0.9664 0.0169 0.016 0.0007 0
 0.9276 0.0648 0.0075 0.0001 0
 0.7033 0.2144 0.0806 0.0017 0
 0.9318 0.0425 0.0243 0.0014 0
 0.5671 0.3108 0.0964 0.0239 0.0018
 0.0768 0.2599 0.5324 0.112 0.0189
 0.490249 0.384438 0.106611 0.0170017 0.00170017
 0.7925 0.1577 0.0466 0.003 0.0002
 0.840416 0.127587 0.0312969 0.00059994 9.999e-05
 0.8084 0.0986 0.0794 0.0134 0.0002
 0.7335 0.1905 0.0724 0.0035 0.0001
 0.4001 0.4547 0.1325 0.0127 0
 0.49795 0.308269 0.164784 0.0264974 0.00249975
 0.9179 0.0499 0.0305 0.0017 0
 0.2467 0.6533 0.0926 0.0074 0
 0.9418 0.0223 0.034 0.0019 0
 0.707729 0.231977 0.0356964 0.0245975 0
 0.517169 0.277429 0.184464 0.0207286 0.00020938
 0.811772 0.124168 0.05621 0.00726502 0.000585176
 0.764997 0.148141 0.077277 0.00933861 0.000247198
 0.163321 0.427699 0.378323 0.0303852 0.000271297
 0.753843 0.0900009 0.118128 0.0371064 0.000921714
 0.721811 0.176058 0.0630433 0.0369309 0.00215725
 0.143369 0.312575 0.442814 0.0836902 0.0175525
 0.692698 0.0596174 0.167031 0.0765114 0.00414204
 0.394062 0.376323 0.152708 0.0712218 0.00568511
 0.125707 0.32114 0.495352 0.0537591 0.00404204
 0.23352 0.215282 0.420074 0.123614 0.00750983
 0.796117 0.104755 0.0508955 0.0450114 0.00322123
 0.162477 0.292055 0.404252 0.121198 0.0200186
pf_pred 
 0.458474 0.138477 0.377893 0.0251551 8.81223e-07
 0.410399 0.328445 0.0680312 0.181086 0.0120387
 0.570954 0.220691 0.117522 0.0236877 0.0671456
 0.716184 0.190085 0.0488664 0.0253224 0.0195422
 0.647256 0.281738 0.0480384 0.0119838 0.0109843
 0.743057 0.187206 0.05598 0.00931151 0.00444597
 0.460574 0.439262 0.0735217 0.021393 0.00524968
 0.460032 0.315477 0.183964 0.0297619 0.0107652
 0.541385 0.25422 0.120627 0.0686613 0.0151063
 0.719864 0.182437 0.0548987 0.0252757 0.0175238
 0.831705 0.135997 0.021282 0.00619498 0.00482089
 0.739947 0.228426 0.0256801 0.00392083 0.00202675
 0.684361 0.258948 0.0499897 0.0054424 0.00125827
 0.643072 0.277122 0.0658438 0.0123145 0.00164782
 0.756198 0.18548 0.0456781 0.0104354 0.00220817
 0.940098 0.0501181 0.00750382 0.00178615 0.000493492
 0.364091 0.611363 0.0206417 0.00299575 0.000908566
 0.907795 0.0428063 0.0475429 0.00156132 0.000294875
 0.566476 0.406554 0.0127061 0.0137287 0.000535208
 0.603767 0.265508 0.122823 0.00372612 0.0041763
 0.728374 0.191024 0.0545295 0.024499 0.00157374
 0.745186 0.204743 0.0355056 0.00985819 0.0047066
 0.305595 0.568713 0.101575 0.0171093 0.00700731
 0.730225 0.106755 0.134145 0.023341 0.0055339
 0.61565 0.308273 0.0305793 0.0374481 0.00804956
 0.420254 0.407737 0.13868 0.0134076 0.019921
 0.71756 0.145711 0.0968785 0.0321375 0.00771291
 0.682071 0.251554 0.0346754 0.022469 0.00922966
 0.350135 0.493331 0.124515 0.0167383 0.0152805
 0.473238 0.232283 0.224888 0.0553722 0.0142196
 0.788711 0.121138 0.0403337 0.0380563 0.0117602
 0.454443 0.462867 0.0479543 0.0155532 0.0191826
pobs_RECLAS
 0 0 0 0 0
 0 0 0 0 0
 0 0 0 0 0
 0 0 0 0 0
 0 0 0 0 0
 0 0 0 0 0
 0 0 0 0 0
 0 0 0 0 0
 0 0 0 0 0
 0 0 0 0 0
 0.991045 0.00858322 0.000360255 1.14367e-05 0
 0.934742 0.0480273 0.0164251 0.00080598 0
 0.827803 0.169806 0.00239088 0 0
 0.941827 0.0461693 0.0120037 0 0
 0.791401 0.0380133 0.147996 0.0225897 0
 0.846168 0.0940531 0.0597789 0 0
 0.134021 0.677848 0.182769 0.00536245 0
 0.80878 0.0450904 0.141981 0.00414843 0
 0.846168 0.0940531 0.0597789 0 0
 0.905697 0.0802665 0.012482 0.00150086 5.37128e-05
 0.989698 0.0102097 9.19794e-05 0 0
 0.975433 0.0193895 0.00387452 0.00125025 5.28907e-05
 0.303575 0.632131 0.0575291 0.00676475 0
 0.966965 0.00978017 0.0227588 0.000495775 0
 0.843318 0.132988 0.00938335 0.0141283 0.000182051
 0.564624 0.303363 0.111486 0.0197234 0.00080311
 0.826376 0.0876187 0.0782897 0.00655872 0.00115652
 0.89761 0.0855135 0.0140674 0.00269457 0.000114338
 0.34875 0.467042 0.161289 0.0227151 0.000203297
 0.318654 0.224769 0.449479 0.00709798 0
 0.937255 0.0296025 0.0250945 0.00804832 0
 0.456809 0.399803 0.12412 0.0192676 0
ppred_RECLAS
 0.554676 0.115906 0.308882 0.0205353 7.19335e-07
 0.505727 0.278405 0.0562875 0.149634 0.00994705
 0.661866 0.176019 0.0914935 0.0184177 0.0522037
 0.788535 0.142816 0.0358129 0.0185335 0.014302
 0.727091 0.219024 0.0364702 0.00908645 0.00832806
 0.808805 0.140221 0.0409287 0.00679917 0.00324618
 0.560062 0.359982 0.0587103 0.0170596 0.004186
 0.55385 0.26324 0.149924 0.0242245 0.0087617
 0.636181 0.203951 0.094401 0.0536623 0.0118055
 0.793285 0.135853 0.0398434 0.018319 0.0126998
 0.877597 0.0993663 0.0151861 0.00441495 0.00343545
 0.807916 0.169243 0.0185506 0.00282846 0.00146198
 0.762122 0.196035 0.036903 0.00401224 0.000927555
 0.732459 0.208997 0.0483139 0.00902272 0.00120725
 0.82232 0.136016 0.0326412 0.00744678 0.00157565
 0.958613 0.0347705 0.00507678 0.00120682 0.000333407
 0.454783 0.524662 0.0172891 0.00250593 0.00075996
 0.935513 0.0303283 0.0328773 0.0010783 0.000203637
 0.656977 0.322187 0.00982315 0.0105998 0.000413198
 0.691823 0.20818 0.0939592 0.00284673 0.00319045
 0.797199 0.143662 0.0400255 0.0179594 0.00115357
 0.811109 0.152515 0.025805 0.0071554 0.00341597
 0.390543 0.501313 0.0874161 0.0147055 0.00602241
 0.799116 0.0806555 0.0989557 0.0171962 0.00407676
 0.699799 0.241947 0.0234334 0.0286606 0.00616024
 0.513501 0.344582 0.114448 0.0110509 0.0164183
 0.788274 0.110513 0.0717411 0.0237683 0.00570396
 0.757199 0.193083 0.0259899 0.0168196 0.00690857
 0.439173 0.428184 0.105539 0.0141695 0.0129346
 0.568759 0.192738 0.182195 0.0448032 0.0115047
 0.845466 0.0895321 0.029103 0.0274246 0.00847421
 0.546722 0.385969 0.0390555 0.0126511 0.0156023
pobs_PELACES
 0 0 0 0 0
 0 0 0 0 0
 0 0 0 0 0
 0 0 0 0 0
 0 0 0 0 0
 0 0 0 0 0
 0 0 0 0 0
 0 0 0 0 0
 0 0 0 0 0
 0 0 0 0 0
 0 0 0 0 0
 0 0 0 0 0
 0 0 0 0 0
 0 0 0 0 0
 0 0 0 0 0
 0 0 0 0 0
 0.505614 0.472636 0.0217494 0 0
 0 0 0 0 0
 0.443492 0.261883 0.143347 0.151278 0
 0.227955 0.32914 0.350689 0.0885471 0.00366901
 0.970185 0.0296113 0.000203453 0 0
 0.997202 0.00247181 0.000326279 0 0
 0.445219 0.490057 0.0546422 0.010081 0
 0.90214 0.0892962 0.00764917 0.000914606 0
 0 0 0 0 0
 0.581667 0.319106 0.0959925 0.00289975 0.000334073
 0.762889 0.0836404 0.116647 0.0363945 0.000428098
 0.88444 0.0763242 0.0277011 0.0115352 0
 0.521256 0.241999 0.230069 0.00667565 0
 0.616807 0.101726 0.260614 0.0208532 0
 0.833518 0.0704572 0.0857862 0.0102388 0
 0.697417 0.212968 0.0787535 0.0105354 0.000325836
ppred_PELACES
 0.559648 0.114738 0.305317 0.0202966 7.10973e-07
 0.514834 0.273614 0.0551681 0.146636 0.00974773
 0.669858 0.172085 0.0892091 0.0179552 0.0508925
 0.797637 0.13686 0.0341758 0.0176823 0.013645
 0.730733 0.216162 0.0359431 0.00895444 0.00820704
 0.81415 0.136399 0.0397077 0.00659538 0.00314886
 0.579646 0.344343 0.0558182 0.0162139 0.00397841
 0.55726 0.26134 0.148688 0.0240233 0.00868894
 0.648783 0.197249 0.0909249 0.0516748 0.0113681
 0.805449 0.128115 0.0373599 0.0171718 0.0119043
 0.879367 0.0979535 0.0149513 0.00434638 0.00338209
 0.818002 0.160455 0.017498 0.00266724 0.00137863
 0.773345 0.186945 0.0350229 0.00380685 0.00088006
 0.753473 0.192937 0.044229 0.00825613 0.00110465
 0.833581 0.127578 0.0304326 0.00694064 0.00146853
 0.960971 0.032814 0.00476877 0.00113331 0.000313095
 0.464309 0.515553 0.0169387 0.00245475 0.000744433
 0.937771 0.0293103 0.0316839 0.001039 0.000196214
 0.668451 0.311487 0.00945942 0.0102051 0.000397808
 0.702193 0.201418 0.0905708 0.00274352 0.00307475
 0.8034 0.139391 0.0387216 0.0173716 0.00111581
 0.818403 0.146731 0.024735 0.00685735 0.00327364
 0.397291 0.495954 0.086295 0.0145152 0.00594445
 0.803331 0.0790565 0.0968042 0.0168205 0.00398768
 0.705094 0.237771 0.0229845 0.0281086 0.00604157
 0.51859 0.341132 0.113127 0.0109225 0.0162274
 0.792611 0.108352 0.0702009 0.0232556 0.00558088
 0.761099 0.190046 0.0255396 0.0165268 0.00678826
 0.443807 0.424791 0.104553 0.0140361 0.0128127
 0.575204 0.190066 0.179318 0.0440911 0.0113218
 0.849342 0.0873716 0.028337 0.0266996 0.00825012
 0.550016 0.383223 0.0387382 0.0125476 0.0154746
pobs_pel_tallas
 0 0 0 0 0 0 0 0 0 0 0 0 0 0 0 0 0 0 0 0 0 0 0 0 0 0
 0 0 0 0 0 0 0 0 0 0 0 0 0 0 0 0 0 0 0 0 0 0 0 0 0 0
 0 0 0 0 0 0 0 0 0 0 0 0 0 0 0 0 0 0 0 0 0 0 0 0 0 0
 0 0 0 0 0 0 0 0 0 0 0 0 0 0 0 0 0 0 0 0 0 0 0 0 0 0
 0 0 0 0 0 0 0 0 0 0 0 0 0 0 0 0 0 0 0 0 0 0 0 0 0 0
 0 0 0 0 0 0 0 0 0 0 0 0 0 0 0 0 0 0 0 0 0 0 0 0 0 0
 0 0 0 0 0 0 0 0 0 0 0 0 0 0 0 0 0 0 0 0 0 0 0 0 0 0
 0 0 0 0 0 0 0 0 0 0 0 0 0 0 0 0 0 0 0 0 0 0 0 0 0 0
 0 0 0 0 0 0 0 0 0 0 0 0 0 0 0 0 0 0 0 0 0 0 0 0 0 0
 0 0 0 0 0 0 0 0 0 0 0 0 0 0 0 0 0 0 0 0 0 0 0 0 0 0
 0 0 0 0 0 0 0 0 0 0 0 0 0 0 0 0 0 0 0 0 0 0 0 0 0 0
 0 0 0 0 0 0 0 0 0 0 0 0 0 0 0 0 0 0 0 0 0 0 0 0 0 0
 0.00862536 0 0 0.000197151 0.00414017 0.0128641 0.00837892 0.0270097 0.101434 0.158115 0.152841 0.127902 0.109271 0.109419 0.0830992 0.0579132 0.0238553 0.00714673 0.00463305 0.00128148 0.00103504 0.000492878 0.000147863 0.000147863 4.92878e-05 0
 0 0 0 0 0 0 0 0 0 0 0 0 0 0 0 0 0 0 0 0 0 0 0 0 0 0
 0 0 0 0 0 0 0 0.0054083 0.00873648 0.0413646 0.0450493 0.0745869 0.0622846 0.0627006 0.0613931 0.0827291 0.12552 0.122667 0.0946155 0.0697135 0.0546179 0.0294188 0.0215738 0.0213955 0.0102223 0.00600262
 0 0 0 0 0.00359764 0.0251062 0.0480494 0.140153 0.205849 0.193036 0.1447 0.116669 0.0760912 0.0342217 0.00950174 0.001854 0.000860785 0 0 0 0.000165536 0 0.000143464 0 0 0
 0 0 0 0 0 0 0 0.000145254 0.000435761 0.0275982 0.070085 0.0708112 0.156366 0.174668 0.174014 0.160142 0.0824315 0.0480064 0.0283245 0.00493863 0.00203355 0 0 0 0 0
 0 0 0 0 0 0 0 0 0 0 0 0 0 0 0 0 0 0 0 0 0 0 0 0 0 0
 0 0 1.00437e-05 0.000401748 0.00122533 0.00171747 0.00176769 0.0269171 0.070346 0.194647 0.189555 0.159765 0.064822 0.0314167 0.0384472 0.0292271 0.0345202 0.0313363 0.0194345 0.0106764 0.0143323 0.0359363 0.0279516 0.0138201 0.00172751 0
 0 0.0021121 0.0136068 0.0755702 0.200478 0.177729 0.0527432 0.0373336 0.0318909 0.0142505 0.0149659 0.0166563 0.0217959 0.0798694 0.0677717 0.0528807 0.04013 0.0224614 0.0357745 0.0225083 0.00881397 0.00855152 0.00135912 0.000746735 0 0
 0 0 0 0 5.4009e-05 0.00500934 0.000945158 0.0243581 0.138947 0.33067 0.221406 0.137944 0.0707744 0.0437923 0.0131692 0.00525238 0.0047753 0.00276346 9.45158e-05 9.00151e-06 2.25038e-05 9.00151e-06 4.50075e-06 0 0 0
 0.000866109 0.00284123 0.00948549 0.0512746 0.133035 0.25785 0.225252 0.132002 0.0553304 0.0519788 0.0540692 0.017754 0.00435017 0.00159236 0.00146478 0.000404838 0.000125132 0.000115318 0.000107957 0.000100596 0 0 0 0 0 0
 0 0 0 0 0.00144013 0.00171154 0.00461396 0.0210425 0.0478622 0.0707936 0.0888783 0.103762 0.0637923 0.0337046 0.0602308 0.124433 0.169614 0.0934646 0.0462172 0.0250306 0.0313229 0.00938855 0.002487 0.000210481 0 0
 0 0.00764035 0.051015 0.0998891 0.058973 0.0496711 0.0374665 0.0718981 0.12319 0.153886 0.159021 0.0857701 0.0377988 0.023471 0.0147837 0.00900784 0.00315554 0.000888139 0.00291439 0.00214683 0.00393193 0.00274676 0.000635225 9.99891e-05 0 0
 0 0 0 0 0 0 0 0 0 0 0 0 0 0 0 0 0 0 0 0 0 0 0 0 0 0
 0 0 0 0 0 0 0 0 0 0 0 0 0 0 0 0 0 0 0 0 0 0 0 0 0 0
 0 0 0 0 0 0 0 0 0 0 0 0 0 0 0 0 0 0 0 0 0 0 0 0 0 0
 0 0 0 0 0 0 0 0 0 0 0 0 0 0 0 0 0 0 0 0 0 0 0 0 0 0
 0 0 0 0 0 0 0 0 0 0 0 0 0 0 0 0 0 0 0 0 0 0 0 0 0 0
 0 0 0 0 0 0 0 0 0 0 0 0 0 0 0 0 0 0 0 0 0 0 0 0 0 0
 0 0 0 0 0 0 0 0 0 0 0 0 0 0 0 0 0 0 0 0 0 0 0 0 0 0
 0 0 0 0 0 0 0 0 0 0 0 0 0 0 0 0 0 0 0 0 0 0 0 0 0 0
ppred_pel_tallas
 1.10876e-16 4.60975e-05 0.000448084 0.00297768 0.0135361 0.0421159 0.0897327 0.13097 0.130981 0.0897892 0.0423067 0.0140931 0.00439758 0.00361935 0.00627828 0.0108511 0.0168924 0.023871 0.0311774 0.0383741 0.0451735 0.0510919 0.055169 0.0561777 0.0532825 0.0466475
 1.18018e-16 4.24063e-05 0.000412204 0.00273924 0.0124522 0.0387436 0.0825483 0.120487 0.120514 0.0826775 0.0391779 0.0137077 0.00589523 0.00731727 0.0132046 0.0218972 0.0318784 0.04086 0.0466043 0.0482485 0.0468742 0.0447375 0.0437385 0.0443123 0.0454353 0.0454947
 1.13032e-16 5.51754e-05 0.000536324 0.00356406 0.0162017 0.0504097 0.107404 0.156762 0.156779 0.107485 0.0506842 0.0169961 0.00556392 0.0049213 0.00844043 0.0140191 0.0205544 0.0266322 0.0308602 0.0326444 0.0325266 0.0317287 0.0312738 0.0313887 0.0315565 0.0310118
 1.05104e-16 6.57004e-05 0.000638631 0.00424393 0.0192923 0.0600255 0.127891 0.186664 0.186677 0.127956 0.0602426 0.0199196 0.00582017 0.00408489 0.0066267 0.0108942 0.0157912 0.0200853 0.0225752 0.0227319 0.0210115 0.0185217 0.0163114 0.0148396 0.0139399 0.0131504
 1.0338e-16 6.01896e-05 0.000585064 0.00388796 0.0176741 0.0549908 0.117165 0.171009 0.17103 0.117266 0.0553329 0.0186622 0.00636863 0.00600216 0.0103535 0.0170353 0.0245681 0.0309686 0.0342578 0.0335286 0.0294795 0.0239248 0.0186892 0.014749 0.0121181 0.0102929
 1.02376e-16 6.70604e-05 0.000651851 0.00433178 0.0196917 0.0612681 0.130539 0.190528 0.190541 0.130603 0.0614845 0.020317 0.00590314 0.00408735 0.00660703 0.0108566 0.0157262 0.0199708 0.0223635 0.0223303 0.0202683 0.0172332 0.0142616 0.0118711 0.0100315 0.0084664
 1.03999e-16 4.77448e-05 0.000464096 0.00308408 0.0140198 0.043621 0.0929405 0.135656 0.135689 0.0931027 0.0441658 0.0155935 0.00703494 0.009091 0.0164382 0.0271168 0.0390979 0.0492508 0.0544123 0.0531207 0.0464726 0.037349 0.0286615 0.0219908 0.017407 0.0141715
 1.08238e-16 4.59008e-05 0.000446173 0.00296497 0.0134784 0.0419363 0.0893507 0.130415 0.130441 0.0894747 0.0423533 0.0146851 0.00600276 0.00710641 0.0127792 0.0212742 0.0311561 0.0402547 0.0463561 0.0483964 0.0469913 0.0438036 0.0403111 0.03701 0.0335486 0.0294182
 1.09781e-16 5.34394e-05 0.00051945 0.00345193 0.015692 0.0488237 0.104025 0.151831 0.15185 0.104118 0.049138 0.0166014 0.00574053 0.00553494 0.00963668 0.0160007 0.023411 0.0302257 0.0348118 0.0364465 0.0357117 0.0339806 0.0324233 0.0313391 0.0302347 0.0283982
 1.04848e-16 6.63438e-05 0.000644885 0.00428549 0.0194812 0.0606134 0.129144 0.188492 0.188504 0.129204 0.0608167 0.0200691 0.00576295 0.00387646 0.00622243 0.010232 0.0148536 0.0189391 0.0213715 0.021655 0.0202031 0.018024 0.0160626 0.0147165 0.0138168 0.0129437
 1.01465e-16 7.24323e-05 0.000704068 0.00467878 0.0212691 0.066176 0.140995 0.205789 0.205798 0.141041 0.0663309 0.0217166 0.00580243 0.00315748 0.00473336 0.00771452 0.0111158 0.0139999 0.0154654 0.0151008 0.0132254 0.0106675 0.00826209 0.00645875 0.00526733 0.00445813
 1.01047e-16 6.73777e-05 0.000654936 0.00435228 0.0197848 0.061558 0.131156 0.19143 0.191445 0.131232 0.0618116 0.020517 0.00618976 0.00466468 0.00767819 0.0125753 0.0180808 0.0226777 0.0248669 0.023955 0.0204639 0.0157776 0.0113215 0.00791037 0.00563923 0.00418904
 1.0159e-16 6.36995e-05 0.000619182 0.00411468 0.0187047 0.0581975 0.123997 0.18098 0.180998 0.124085 0.0584934 0.0195595 0.00626076 0.00530593 0.00896999 0.0147419 0.0212607 0.0267972 0.0296272 0.0289439 0.0253201 0.0202937 0.0154269 0.0115818 0.00883 0.006827
 1.02341e-16 6.20626e-05 0.00060327 0.00400895 0.0182241 0.056702 0.12081 0.17633 0.176349 0.120901 0.0570077 0.0191073 0.00622711 0.00544977 0.00927881 0.0152737 0.0220708 0.0279091 0.0310297 0.0306099 0.0272298 0.0224361 0.017777 0.0140705 0.0113353 0.00919641
 1.01856e-16 6.8661e-05 0.000667409 0.00443517 0.0201616 0.0627304 0.133654 0.195075 0.195087 0.133714 0.0629326 0.0207458 0.0059025 0.00387386 0.00616781 0.0101129 0.0146194 0.0185057 0.0206128 0.0204015 0.0182569 0.0151973 0.0122346 0.00989242 0.00816401 0.00678616
 1.00313e-16 7.91539e-05 0.000769404 0.00511296 0.0232428 0.0723169 0.154079 0.224883 0.224887 0.154094 0.0723688 0.0233927 0.00548922 0.00159081 0.00163925 0.00258497 0.00371657 0.0046745 0.00515112 0.00500585 0.00434365 0.00344166 0.00258203 0.0019211 0.00147052 0.00116255
 1.00993e-16 3.82446e-05 0.000371751 0.00247042 0.0112302 0.0349416 0.0744486 0.10867 0.10872 0.0746909 0.0357549 0.0135782 0.00835962 0.0132129 0.0243817 0.040131 0.057533 0.0717727 0.0779688 0.07387 0.0612261 0.0446746 0.0290705 0.0173064 0.00986088 0.00571696
 1.0106e-16 7.72429e-05 0.000750829 0.00498952 0.0226816 0.070571 0.150359 0.219454 0.219457 0.150373 0.0706182 0.0228186 0.00533537 0.00151252 0.00154339 0.00248007 0.00368277 0.00487461 0.00582054 0.00639686 0.00663269 0.00663748 0.00648218 0.00614623 0.00556818 0.00473665
 1.01444e-16 5.50595e-05 0.000535198 0.00355658 0.0161677 0.0503039 0.107179 0.156437 0.156467 0.107325 0.0507953 0.0175865 0.00711525 0.00829525 0.0147677 0.0242616 0.0347922 0.043435 0.0472538 0.0449067 0.0374668 0.0277405 0.0186438 0.011881 0.00767782 0.00535465
 1.03461e-16 5.78387e-05 0.000562213 0.0037361 0.0169838 0.052843 0.112588 0.16433 0.16435 0.112684 0.0531635 0.0179107 0.00606714 0.00566573 0.0097936 0.0162114 0.0236066 0.0302207 0.0342753 0.034907 0.0326119 0.0287848 0.0247636 0.0211692 0.0179363 0.0147783
 1.03085e-16 6.6175e-05 0.000643245 0.00427459 0.0194317 0.0604592 0.128815 0.188012 0.188026 0.128881 0.0606803 0.0200708 0.00588063 0.00415489 0.00675215 0.0111021 0.0160913 0.020458 0.0229616 0.0230334 0.0210957 0.0182336 0.0154916 0.0133573 0.0117383 0.0102889
 1.01994e-16 6.74108e-05 0.000655257 0.00435441 0.0197945 0.0615882 0.131221 0.191524 0.191538 0.13129 0.0618204 0.0204653 0.00603837 0.00433256 0.00705492 0.0115661 0.0166778 0.0210217 0.023251 0.0227461 0.0199761 0.0161667 0.0125522 0.00979634 0.0079165 0.00658608
 1.05079e-16 3.27244e-05 0.000318093 0.00211384 0.00960926 0.0298982 0.0637031 0.0929865 0.0930344 0.0639368 0.030683 0.0118763 0.00780552 0.0127469 0.0236484 0.0390725 0.0563482 0.0709948 0.078451 0.0765938 0.0669748 0.0537137 0.0409875 0.0310866 0.0241616 0.0192225
 1.05176e-16 6.61693e-05 0.00064319 0.00427422 0.01943 0.060454 0.128804 0.187995 0.188002 0.128842 0.0605819 0.0198012 0.00521259 0.0027138 0.00406362 0.00678314 0.0101619 0.0136092 0.0165483 0.0186843 0.0201007 0.021043 0.0215917 0.021537 0.0205554 0.0185023
 1.04566e-16 5.80777e-05 0.000564536 0.00375154 0.017054 0.0530614 0.113054 0.16501 0.165033 0.113166 0.0534372 0.0181394 0.00647584 0.00651095 0.0113496 0.0186682 0.0268837 0.0338122 0.0372819 0.0363258 0.0317734 0.0256996 0.0201742 0.0162764 0.0139465 0.0124933
 1.07194e-16 4.27157e-05 0.000415211 0.00275923 0.0125431 0.0390263 0.0831509 0.121368 0.121401 0.0833121 0.0395679 0.0141087 0.00669404 0.00902133 0.0164354 0.027229 0.0395133 0.0503012 0.0565552 0.0568484 0.0521536 0.0450563 0.0380716 0.0324182 0.0279725 0.0240346
 1.05331e-16 6.52863e-05 0.000634606 0.00421718 0.0191707 0.0596472 0.127085 0.185487 0.185497 0.127137 0.0598205 0.0196724 0.00548104 0.0034088 0.00537875 0.00890663 0.0131014 0.0170615 0.0199068 0.0212294 0.021291 0.0207427 0.0201066 0.019459 0.0185187 0.0169741
 1.03592e-16 6.26908e-05 0.000609377 0.00404952 0.0184086 0.0572759 0.122033 0.178115 0.178133 0.122123 0.0575765 0.0192768 0.00622912 0.0053682 0.00910304 0.0149573 0.0215601 0.0271601 0.0300233 0.0293689 0.0258384 0.0210573 0.0166477 0.013457 0.0114509 0.0101158
 1.06702e-16 3.65559e-05 0.000355336 0.00236133 0.0107343 0.0333986 0.0711608 0.10387 0.103911 0.0713613 0.0340718 0.0126797 0.00724781 0.0110338 0.0203499 0.0336707 0.0487011 0.061662 0.0687069 0.0680408 0.0609424 0.0508005 0.040986 0.033249 0.0275758 0.0230927
 1.11562e-16 4.73788e-05 0.000460539 0.00306044 0.0139123 0.0432866 0.0922273 0.134612 0.134631 0.0923182 0.0435924 0.0147988 0.00529785 0.00538544 0.00952019 0.0159773 0.0237464 0.031407 0.0375106 0.0413562 0.0432805 0.0441458 0.0444887 0.0440919 0.0422791 0.038566
 1.04914e-16 6.99592e-05 0.000680028 0.00451903 0.0205428 0.0639164 0.136181 0.198762 0.19877 0.136222 0.0640553 0.0209445 0.00552904 0.00289108 0.00428784 0.00702843 0.0102407 0.0131471 0.0150165 0.0155431 0.015027 0.0141427 0.0134774 0.0132025 0.0130814 0.0127212
 1.05093e-16 4.53042e-05 0.000440373 0.00292643 0.0133032 0.0413913 0.0881899 0.128723 0.12876 0.0883703 0.0419968 0.015052 0.00731515 0.0100178 0.0182254 0.0300356 0.0432113 0.0542372 0.0595671 0.0575861 0.0495881 0.0389171 0.0289811 0.0216725 0.0171008 0.0143454
pSPR Fmed_Fpbrs
0.566942   0.6 0.325
Fs Fmed_Fpbrs
0.341307   0.303703 0.753734
SSBpbr Bo_Bmed_Bpbrs
1.4928e+06  771693  821042 410521
Ro
141063
SPR SPRFo_SPRFmed_SPRFpbrs
1.01539e+06 575664 330000
Fref
0.303703
Nvult_r0
 65940.5 48426.7 4914.98 1592.35 1963.82
CTP_r0
 5503.33 5605.35 580.73 188.35 232.303
YTP_r0
218838
Np
 160676 48098.9 9121.53 6268.58 804.989
Nvult_p0
 112577 34942.1 6643.82 4566.47 586.415
CTP_p0
 19239.7 5537.53 3911.76 395.646 169.383
 19239.7 7987.28 1546.15 1063.72 136.607
YTP_p0
 354215 359792
CBA_c0
259451
log_Ro
11.677
likeval ReclasPelacesDesembMPH_pf_preclas_ppelaces_ptallas_desvR_qrecl_qpela
 13.4023 17.1477 0.031814 0.00113516 230.805 126.981 112.846 0 23.4433 3.01123e-06 1.01762e-05 0.156218 5.79111e-16 0 0
q_reclas_q_pelaces
1.27814 1.5701
M
1
N
 170985 36776.3 98225.4 6531.06 0.22878
 94932.2 55124.3 11191.1 29756.8 1978.14
 97646.5 27366.4 14282.8 2875.76 8151.23
 143791 28266.5 7133.28 3692.8 2849.72
 117471 36373 6069.46 1512.36 1386.14
 208716 38110.5 11168.8 1855.78 886.029
 83644.5 60579.1 9971.76 2898.97 711.352
 36763 17831 10171.3 1643.6 594.474
 35483.5 12327.2 5741.4 3264.8 718.255
 47206.2 9041.42 2674.78 1230.37 852.985
 89715.1 10412.5 1594.4 463.576 360.729
 127364 29474.2 3255.65 496.606 256.692
 105166 29719.8 5635.57 612.964 141.709
 74854.7 25165.2 5891.8 1101.06 147.329
 69937.9 13012.4 3151.31 719.293 152.198
 378066 15026.6 2209.61 525.453 145.17
 74894 91556.2 3030.61 439.371 133.247
 616986 21141 23016.3 755.057 142.594
 332556 176214 5404.88 5834.07 227.427
 265426 85882.5 38980.3 1181.37 1324.03
 367157 70078.4 19611.5 8801.78 565.367
 513940 103867 17672.3 4901.8 2340.14
 101536 135958 23785.3 4001.96 1638.96
 293632 30794 37893.2 6586.01 1561.38
 252517 90668.1 8807.25 10773.5 2315.66
 113004 78154.8 26018.7 2512.63 3733.05
 248616 36213.6 23578.3 7812.9 1874.97
 291735 76794.7 10362.4 6707.04 2754.9
 92562.1 92804.2 22924 3078.09 2809.85
 85114.6 29967.3 28412 6987.85 1794.37
 237603 26291.6 8575.4 8082.34 2497.47
 99287.2 71504.2 7246.55 2347.54 2895.17
pred_Ctot
 13509 4080.25 11134.7 741.2 0.0259654
 13245.7 10600.6 2195.72 5844.59 388.552
 13413.9 5184.86 2761.02 556.512 1577.5
 29269.2 7768.43 1997.08 1034.88 798.656
 8862.05 3857.48 657.728 164.078 150.394
 28384.4 7151.18 2138.41 355.695 169.834
 23233.4 22158.3 3708.76 1079.16 264.817
 2072.68 1421.39 828.851 134.093 48.5029
 7102.5 3335.14 1582.52 900.775 198.181
 12451.4 3155.58 949.573 437.19 303.106
 6122.08 1001.06 156.654 45.6005 35.486
 30545.4 9429.54 1060.09 161.854 83.6653
 24059.1 9103.47 1757.42 191.331 44.2351
 26496.7 11418.3 2712.98 507.398 67.8957
 19203.2 4710.16 1159.97 265.001 56.0753
 84474.3 4503.46 674.269 160.497 44.3437
 11255.9 18900.3 638.139 92.6135 28.0883
 89040 4198.6 4663.19 153.14 28.9224
 64468.9 46268.6 1446.04 1562.42 60.9104
 48659.5 21398.2 9898.67 300.3 336.582
 54773.3 14364.9 4100.59 1842.32 118.344
 93733.3 25753.6 4466.07 1240.01 592.02
 11448.9 21306.3 3805.43 640.984 262.523
 30246.5 4421.87 5556.4 966.804 229.219
 25688.8 12863.1 1275.96 1562.57 335.879
 9311.33 9034 3072.64 297.064 441.378
 25562.6 5190.85 3451.23 1144.87 274.767
 25245.6 9310.82 1283.45 831.649 341.619
 7091.89 9992.29 2522.01 339.029 309.503
 8750.12 4294.88 4158.15 1023.83 262.918
 27780.8 4266.86 1420.68 1340.46 414.231
 5503.33 5605.35 580.73 188.35 232.303
F
 0.131986 0.189736 0.194208 0.194449 0.194462
 0.243845 0.350538 0.358801 0.359246 0.35927
 0.239678 0.344547 0.352669 0.353107 0.35313
 0.374533 0.538406 0.551097 0.551782 0.551818
 0.125705 0.180706 0.184965 0.185195 0.185207
 0.237025 0.340734 0.348765 0.349198 0.349221
 0.545638 0.784377 0.802866 0.803863 0.803916
 0.0926829 0.133236 0.136376 0.136545 0.136554
 0.367252 0.52794 0.540384 0.541055 0.541091
 0.511513 0.735321 0.752654 0.753588 0.753638
 0.113123 0.162619 0.166452 0.166659 0.16667
 0.455233 0.654416 0.669842 0.670674 0.670718
 0.430076 0.618252 0.632825 0.633611 0.633653
 0.749645 1.07765 1.10305 1.10442 1.10449
 0.537785 0.773089 0.791311 0.792294 0.792346
 0.418116 0.60106 0.615227 0.615992 0.616032
 0.264862 0.38075 0.389725 0.390209 0.390234
 0.253147 0.36391 0.372488 0.37295 0.372975
 0.353827 0.508642 0.520631 0.521278 0.521312
 0.331721 0.476863 0.488103 0.488709 0.488741
 0.262681 0.377615 0.386515 0.386996 0.387021
 0.329759 0.474042 0.485216 0.485818 0.48585
 0.19309 0.277575 0.284118 0.284471 0.28449
 0.175122 0.251745 0.257679 0.257999 0.258016
 0.172787 0.248389 0.254244 0.254559 0.254576
 0.137989 0.198364 0.20304 0.203292 0.203305
 0.174776 0.251248 0.25717 0.257489 0.257506
 0.145353 0.208951 0.213876 0.214142 0.214156
 0.127775 0.183682 0.188011 0.188245 0.188257
 0.174748 0.251207 0.257129 0.257448 0.257465
 0.200847 0.288726 0.295532 0.295899 0.295918
 0.0910587 0.130901 0.133986 0.134153 0.134161
YTP_r0W_actual
 47328.7 139013 16202.4 7025.45 9268.87
YTP_p0W_proyectada
 145067 96629.9 94156.1 12391.6 5970.76
 145067 139378 37215.9 33315.8 4815.41
CTP_r0_actual
 5503.33 5605.35 580.73 188.35 232.303
CTP_p0_proyectada
 19239.7 5537.53 3911.76 395.646 169.383
 19239.7 7987.28 1546.15 1063.72 136.607
Wmedp
 7.54 17.45 24.07 31.32 35.25
Frms_r0
 0.0910587 0.130901 0.133986 0.134153 0.134161
Zrms_r0
 1.09106 1.1309 1.13399 1.13415 1.13416
nmprior
 7.27 8.72 9 0
nm_flota  nm_reclas  nm_pelaces    nm_pelaL
inf 13.2248 21.9961 75.7328
cv_recla  cv_pelaces  cv_mph
0.323863 0.453621 0.916982
 ------------------------------------------------
Talla a la edad & desviaci?n 
 8 13.2811 15.8009 17.003 17.5766
 0.8 1.32811 1.58009 1.7003 1.75766
