years
 1991 1992 1993 1994 1995 1996 1997 1998 1999 2000 2001 2002 2003 2004 2005 2006 2007 2008 2009 2010 2011 2012 2013 2014 2015 2016 2017 2018 2019 2020 2021 2022
reclasobs
 0 0 0 0 0 0 0 0 0 252601 567819 844713 477998 351125 339783 2.1784e+06 2.13404e+06 4.81314e+06 1.55562e+06 2.62356e+06 3.21686e+06 3.843e+06 1.13348e+06 3.07943e+06 1.97215e+06 2.03268e+06 2.025e+06 2.42433e+06 2.27542e+06 1.05018e+06 2.36338e+06 3.18982e+06
reclaspred
 3.37092e+06 1.81213e+06 913490 885279 873141 1.71238e+06 884182 737341 511576 319521 499798 711018 689809 494581 472429 1.44202e+06 1.16744e+06 3.45043e+06 2.61523e+06 1.85723e+06 3.14342e+06 2.62574e+06 1.91076e+06 3.07792e+06 2.25762e+06 1.97114e+06 2.41221e+06 2.76947e+06 2.17586e+06 1.40784e+06 2.01244e+06 2.10256e+06
pelacesobs
 0 0 0 0 0 0 0 0 0 0 0 0 0 0 0 552880 188675 0 991730 2.46772e+06 1.41603e+06 1.21717e+06 2.29649e+06 1.80582e+06 0 1.4828e+06 1.56532e+06 1.57751e+06 1.42118e+06 867257 1.10002e+06 1.06204e+06
pelacespred
 1.82243e+06 1.05661e+06 510963 405065 446888 916843 392392 462789 279224 154976 278276 324620 350922 248986 247633 655183 540212 1.91324e+06 1.43849e+06 918559 1.6079e+06 1.36285e+06 1.03802e+06 1.87469e+06 1.29499e+06 1.14707e+06 1.60543e+06 1.64423e+06 1.18924e+06 869828 1.03596e+06 1.15058e+06
mphobs
 0 0 0 0 0 0 0 0 0 0 0 498337 0 5186 125008 0 168611 109162 213762 579715 649985 157893 87575 83554 210694 70296 0 107559 103333 445601 22526 0
mphpred
 398840 264169 123760 68527.9 68368.8 83184.4 127009 60552.6 54462.2 31332.4 17730.2 46031.6 49728 38956.2 22005.7 28158.6 120155 95759.2 263215 170180 175852 212573 209312 159498 236167 193523 155105 170468 263598 169615 104468 198613
desembarqueobs
 494567 514787 250237 358949 120608 361735 552515 73892 212993 205616 52469 317467 293654 387597 252695 516296 358380 742168 942051 627588 828172 859565 418607 520667 417249 300574 415391 372974 316634 284311 391294 218835
desembarquepred
 494561 514177 250446 358970 120611 361713 552459 73896 213040 205658 52470.3 317491 293648 387490 252639 516161 358385 741930 941588 627246 828213 859435 418580 520667 417208 300556 415355 372910 316589 284274 391207 218835
Reclutas
 156765 90120.5 89542.4 117048 95482.1 202386 72666.7 29181.8 30377.6 40780.4 75403.5 117768 96866.2 69735.8 59794.8 330300 57012.9 558479 285366 239406 312271 456770 80845.2 242799 210632 89663 204087 244776 73755.2 66946.7 194612 72638.1
log_desv_Rt
 0.265884 -0.287715 -0.294151 -0.0262827 -0.229924 0.521311 -0.50298 -1.41532 -1.37516 -1.08066 -0.46601 -0.0201485 -0.215532 -0.544149 -0.697944 1.01114 -0.745586 1.53635 0.864909 0.689297 0.955007 1.33532 -0.396327 0.70337 0.561249 -0.292805 0.529685 0.711481 -0.488111 -0.584966 0.482142 -0.503374
SSB
 1.65711e+06 1.09758e+06 514203 284722 284061 345617 527700 251586 226281 130181 73665.9 191254 206612 161857 91430.1 116994 499226 397864 1.09362e+06 707069 730636 883206 869659 662687 981235 804057 644436 708266 1.09521e+06 704722 434047 825206
BT
 2.40055e+06 1.64932e+06 793030 738812 585985 1.32426e+06 915177 575427 517881 366260 353518 621568 652837 676948 527734 1.14612e+06 870708 2.79196e+06 2.47779e+06 1.56287e+06 2.45906e+06 2.28593e+06 1.49599e+06 2.5692e+06 1.80451e+06 1.52331e+06 2.20675e+06 2.1655e+06 1.55731e+06 1.22957e+06 1.47673e+06 1.4328e+06
Ftot
 0.250942 0.46708 0.462423 0.737379 0.255878 0.41976 0.995981 0.183514 0.745054 1.1199 0.224232 0.834255 0.788405 1.39957 1.05914 0.766826 0.522756 0.45551 0.640808 0.621285 0.500754 0.617074 0.375132 0.339235 0.334192 0.27068 0.340095 0.272451 0.242311 0.350866 0.395039 0.181802
BD_Bspro_t
 0.960645 0.739397 0.511391 0.406689 0.381701 0.48113 0.505798 0.293694 0.343106 0.269721 0.219362 0.504973 0.387183 0.290891 0.18226 0.22442 0.430433 0.366336 0.540602 0.405707 0.369125 0.41183 0.434856 0.405794 0.535312 0.545457 0.547915 0.600671 0.6794 0.585317 0.507464 0.619133
BD_Bspro
 1.91583 1.26894 0.594484 0.329175 0.32841 0.399577 0.610088 0.290865 0.26161 0.150506 0.0851671 0.221113 0.238869 0.187127 0.105705 0.13526 0.577168 0.45998 1.26436 0.817461 0.844707 1.0211 1.00543 0.766149 1.13443 0.929591 0.74505 0.818844 1.2662 0.814747 0.501813 0.954042
BD_Bo
 1.49958 0.993236 0.46532 0.257655 0.257057 0.312761 0.477534 0.227669 0.20477 0.117805 0.0666628 0.173072 0.18697 0.14647 0.0827382 0.105872 0.451767 0.36004 0.989651 0.639851 0.661177 0.799243 0.786984 0.599688 0.887953 0.727619 0.583173 0.640934 0.991091 0.637727 0.392784 0.746757
BD_Brms
 2.72652 1.80589 0.846039 0.468465 0.467377 0.568658 0.868246 0.413945 0.37231 0.214192 0.121205 0.314677 0.339946 0.266309 0.150434 0.192496 0.821396 0.654621 1.79937 1.16337 1.20214 1.45317 1.43088 1.09034 1.61447 1.32295 1.06032 1.16534 1.80199 1.15951 0.714155 1.35774
Sel_flota
 0.676986 1 1 1 1
 0.676986 1 1 1 1
 0.676986 1 1 1 1
 0.676986 1 1 1 1
 0.676986 1 1 1 1
 0.676986 1 1 1 1
 0.676986 1 1 1 1
 0.676986 1 1 1 1
 0.676986 1 1 1 1
 0.676986 1 1 1 1
 0.676986 1 1 1 1
 0.676986 1 1 1 1
 0.676986 1 1 1 1
 0.676986 1 1 1 1
 0.676986 1 1 1 1
 0.676986 1 1 1 1
 0.676986 1 1 1 1
 0.676986 1 1 1 1
 0.676986 1 1 1 1
 0.676986 1 1 1 1
 0.676986 1 1 1 1
 0.676986 1 1 1 1
 0.676986 1 1 1 1
 0.676986 1 1 1 1
 0.676986 1 1 1 1
 0.676986 1 1 1 1
 0.676986 1 1 1 1
 0.676986 1 1 1 1
 0.676986 1 1 1 1
 0.676986 1 1 1 1
 0.676986 1 1 1 1
 0.676986 1 1 1 1
Sel_reclas
 1 1 1 1 1
 1 1 1 1 1
 1 1 1 1 1
 1 1 1 1 1
 1 1 1 1 1
 1 1 1 1 1
 1 1 1 1 1
 1 1 1 1 1
 1 1 1 1 1
 1 1 1 1 1
 1 1 1 1 1
 1 1 1 1 1
 1 1 1 1 1
 1 1 1 1 1
 1 1 1 1 1
 1 1 1 1 1
 1 1 1 1 1
 1 1 1 1 1
 1 1 1 1 1
 1 1 1 1 1
 1 1 1 1 1
 1 1 1 1 1
 1 1 1 1 1
 1 1 1 1 1
 1 1 1 1 1
 1 1 1 1 1
 1 1 1 1 1
 1 1 1 1 1
 1 1 1 1 1
 1 1 1 1 1
 1 1 1 1 1
 1 1 1 1 1
Sel_pelaces
 0.9662 0.999028 0.999973 0.999999 1
 0.9662 0.999028 0.999973 0.999999 1
 0.9662 0.999028 0.999973 0.999999 1
 0.9662 0.999028 0.999973 0.999999 1
 0.9662 0.999028 0.999973 0.999999 1
 0.9662 0.999028 0.999973 0.999999 1
 0.9662 0.999028 0.999973 0.999999 1
 0.9662 0.999028 0.999973 0.999999 1
 0.9662 0.999028 0.999973 0.999999 1
 0.9662 0.999028 0.999973 0.999999 1
 0.9662 0.999028 0.999973 0.999999 1
 0.9662 0.999028 0.999973 0.999999 1
 0.9662 0.999028 0.999973 0.999999 1
 0.9662 0.999028 0.999973 0.999999 1
 0.9662 0.999028 0.999973 0.999999 1
 0.9662 0.999028 0.999973 0.999999 1
 0.9662 0.999028 0.999973 0.999999 1
 0.9662 0.999028 0.999973 0.999999 1
 0.9662 0.999028 0.999973 0.999999 1
 0.9662 0.999028 0.999973 0.999999 1
 0.9662 0.999028 0.999973 0.999999 1
 0.9662 0.999028 0.999973 0.999999 1
 0.9662 0.999028 0.999973 0.999999 1
 0.9662 0.999028 0.999973 0.999999 1
 0.9662 0.999028 0.999973 0.999999 1
 0.9662 0.999028 0.999973 0.999999 1
 0.9662 0.999028 0.999973 0.999999 1
 0.9662 0.999028 0.999973 0.999999 1
 0.9662 0.999028 0.999973 0.999999 1
 0.9662 0.999028 0.999973 0.999999 1
 0.9662 0.999028 0.999973 0.999999 1
 0.9662 0.999028 0.999973 0.999999 1
pf_obs 
 0.8446 0.082 0.0669 0.0065 0
 0.8095 0.147 0.0364 0.0071 0
 0.9664 0.0169 0.016 0.0007 0
 0.9276 0.0648 0.0075 0.0001 0
 0.7033 0.2144 0.0806 0.0017 0
 0.9318 0.0425 0.0243 0.0014 0
 0.5671 0.3108 0.0964 0.0239 0.0018
 0.0768 0.2599 0.5324 0.112 0.0189
 0.490249 0.384438 0.106611 0.0170017 0.00170017
 0.7925 0.1577 0.0466 0.003 0.0002
 0.840416 0.127587 0.0312969 0.00059994 9.999e-05
 0.8084 0.0986 0.0794 0.0134 0.0002
 0.7335 0.1905 0.0724 0.0035 0.0001
 0.4001 0.4547 0.1325 0.0127 0
 0.49795 0.308269 0.164784 0.0264974 0.00249975
 0.9179 0.0499 0.0305 0.0017 0
 0.2467 0.6533 0.0926 0.0074 0
 0.9418 0.0223 0.034 0.0019 0
 0.707729 0.231977 0.0356964 0.0245975 0
 0.517169 0.277429 0.184464 0.0207286 0.00020938
 0.811772 0.124168 0.05621 0.00726502 0.000585176
 0.764997 0.148141 0.077277 0.00933861 0.000247198
 0.163321 0.427699 0.378323 0.0303852 0.000271297
 0.753843 0.0900009 0.118128 0.0371064 0.000921714
 0.721811 0.176058 0.0630433 0.0369309 0.00215725
 0.143369 0.312575 0.442814 0.0836902 0.0175525
 0.692698 0.0596174 0.167031 0.0765114 0.00414204
 0.394062 0.376323 0.152708 0.0712218 0.00568511
 0.125707 0.32114 0.495352 0.0537591 0.00404204
 0.23352 0.215282 0.420074 0.123614 0.00750983
 0.796117 0.104755 0.0508955 0.0450114 0.00322123
 0.162477 0.292055 0.404252 0.121198 0.0200186
pf_pred 
 0.497033 0.153314 0.324777 0.0248731 3.82134e-06
 0.445788 0.335352 0.0667126 0.141323 0.0108249
 0.600637 0.225965 0.104923 0.0208726 0.0476029
 0.71808 0.19983 0.0464477 0.0215671 0.0140753
 0.675371 0.264186 0.0428432 0.00995832 0.00764167
 0.78877 0.161282 0.0406479 0.0065919 0.00270795
 0.457514 0.464889 0.059249 0.0149325 0.00341642
 0.473451 0.318674 0.17814 0.0227035 0.00703111
 0.578616 0.244018 0.107344 0.0600059 0.010016
 0.765188 0.164932 0.0404665 0.0178013 0.011612
 0.865295 0.115718 0.0133368 0.00327221 0.00237842
 0.770246 0.20869 0.0180945 0.00208544 0.000883574
 0.714176 0.244259 0.0377539 0.00327346 0.000537121
 0.680808 0.259371 0.0511212 0.00790156 0.000797521
 0.788015 0.171697 0.0327377 0.0064525 0.00109799
 0.952176 0.0417363 0.00493109 0.000940219 0.000216848
 0.356289 0.62552 0.0158755 0.00187567 0.000440122
 0.928232 0.0341378 0.0365669 0.000928058 0.000135378
 0.569072 0.411255 0.00935806 0.0100239 0.000291515
 0.639217 0.248714 0.106953 0.00243369 0.00268267
 0.744205 0.191284 0.0444724 0.0191241 0.000914854
 0.770901 0.189232 0.0298121 0.00693113 0.00312313
 0.305783 0.589451 0.0865356 0.013633 0.00459779
 0.753957 0.101333 0.122871 0.0180383 0.0038002
 0.634656 0.302745 0.0257815 0.0312612 0.00555622
 0.426985 0.419755 0.127 0.0108152 0.0154447
 0.738348 0.140514 0.0887378 0.0268483 0.00555144
 0.701534 0.243746 0.0293864 0.0185582 0.00677591
 0.350846 0.509856 0.11376 0.0137151 0.0118238
 0.483887 0.235097 0.220715 0.0492462 0.0110557
 0.80988 0.113557 0.0348755 0.032742 0.00894549
 0.444839 0.483985 0.042513 0.0130566 0.0156068
pobs_RECLAS
 0 0 0 0 0
 0 0 0 0 0
 0 0 0 0 0
 0 0 0 0 0
 0 0 0 0 0
 0 0 0 0 0
 0 0 0 0 0
 0 0 0 0 0
 0 0 0 0 0
 0 0 0 0 0
 0.991045 0.00858322 0.000360255 1.14367e-05 0
 0.934742 0.0480273 0.0164251 0.00080598 0
 0.827803 0.169806 0.00239088 0 0
 0.941827 0.0461693 0.0120037 0 0
 0.791401 0.0380133 0.147996 0.0225897 0
 0.846168 0.0940531 0.0597789 0 0
 0.134021 0.677848 0.182769 0.00536245 0
 0.80878 0.0450904 0.141981 0.00414843 0
 0.846168 0.0940531 0.0597789 0 0
 0.905697 0.0802665 0.012482 0.00150086 5.37128e-05
 0.989698 0.0102097 9.19794e-05 0 0
 0.975433 0.0193895 0.00387452 0.00125025 5.28907e-05
 0.303575 0.632131 0.0575291 0.00676475 0
 0.966965 0.00978017 0.0227588 0.000495775 0
 0.843318 0.132988 0.00938335 0.0141283 0.000182051
 0.564624 0.303363 0.111486 0.0197234 0.00080311
 0.826376 0.0876187 0.0782897 0.00655872 0.00115652
 0.89761 0.0855135 0.0140674 0.00269457 0.000114338
 0.34875 0.467042 0.161289 0.0227151 0.000203297
 0.318654 0.224769 0.449479 0.00709798 0
 0.937255 0.0296025 0.0250945 0.00804832 0
 0.456809 0.399803 0.12412 0.0192676 0
ppred_RECLAS
 0.595372 0.123338 0.261277 0.02001 3.07419e-06
 0.547198 0.273989 0.0545055 0.115463 0.00884415
 0.693167 0.173611 0.0806127 0.0160365 0.0365736
 0.795086 0.145247 0.0337607 0.0156761 0.0102307
 0.755996 0.198573 0.0322027 0.00748507 0.00574378
 0.848446 0.115717 0.0291643 0.00472959 0.00194291
 0.566202 0.371747 0.0473782 0.0119407 0.00273193
 0.571846 0.259124 0.144852 0.018461 0.00571723
 0.676652 0.187247 0.0823703 0.0460454 0.00768577
 0.835691 0.115411 0.0283164 0.0124564 0.00812548
 0.905261 0.0813855 0.00937987 0.00230137 0.00167277
 0.837023 0.148035 0.0128354 0.00147931 0.000626767
 0.792421 0.177393 0.0274187 0.00237735 0.000390083
 0.772702 0.1847 0.0364037 0.00562675 0.000567919
 0.852452 0.119506 0.0227864 0.00449112 0.000764235
 0.968133 0.0278105 0.00328577 0.000626504 0.000144494
 0.454667 0.529922 0.0134493 0.00158902 0.000372859
 0.951032 0.0232927 0.0249501 0.000633226 9.23699e-05
 0.666788 0.318 0.00723604 0.00775091 0.000225412
 0.728411 0.187226 0.0805115 0.00183203 0.00201945
 0.814054 0.139051 0.0323285 0.013902 0.000665039
 0.835868 0.135571 0.0213582 0.00496565 0.00223749
 0.397259 0.51178 0.0751329 0.0118366 0.00399195
 0.820738 0.0738295 0.0895215 0.0131424 0.00276876
 0.721831 0.230507 0.0196298 0.0238019 0.00423045
 0.526143 0.347118 0.105023 0.00894369 0.0127721
 0.808294 0.102952 0.0650162 0.0196711 0.00406742
 0.777906 0.181375 0.0218669 0.0138094 0.00504207
 0.445825 0.435258 0.0971151 0.0117084 0.0100938
 0.583589 0.189681 0.178078 0.0397329 0.00891996
 0.86449 0.0809392 0.0248579 0.0233373 0.00637602
 0.54341 0.398052 0.0349647 0.0107383 0.0128358
pobs_PELACES
 0 0 0 0 0
 0 0 0 0 0
 0 0 0 0 0
 0 0 0 0 0
 0 0 0 0 0
 0 0 0 0 0
 0 0 0 0 0
 0 0 0 0 0
 0 0 0 0 0
 0 0 0 0 0
 0 0 0 0 0
 0 0 0 0 0
 0 0 0 0 0
 0 0 0 0 0
 0 0 0 0 0
 0 0 0 0 0
 0.505614 0.472636 0.0217494 0 0
 0 0 0 0 0
 0.443492 0.261883 0.143347 0.151278 0
 0.227955 0.32914 0.350689 0.0885471 0.00366901
 0.970185 0.0296113 0.000203453 0 0
 0.997202 0.00247181 0.000326279 0 0
 0.445219 0.490057 0.0546422 0.010081 0
 0.90214 0.0892962 0.00764917 0.000914606 0
 0 0 0 0 0
 0.581667 0.319106 0.0959925 0.00289975 0.000334073
 0.762889 0.0836404 0.116647 0.0363945 0.000428098
 0.88444 0.0763242 0.0277011 0.0115352 0
 0.521256 0.241999 0.230069 0.00667565 0
 0.616807 0.101726 0.260614 0.0208532 0
 0.833518 0.0704572 0.0857862 0.0102388 0
 0.697417 0.212968 0.0787535 0.0105354 0.000325836
ppred_PELACES
 0.593607 0.123794 0.262492 0.0201035 3.08857e-06
 0.551158 0.271489 0.0540593 0.114521 0.00877199
 0.696446 0.171684 0.0797934 0.015874 0.0362029
 0.802306 0.14009 0.0325929 0.0151342 0.00987705
 0.754829 0.199487 0.0323815 0.00752683 0.00577584
 0.849869 0.114605 0.0289113 0.00468869 0.00192612
 0.583946 0.356493 0.0454772 0.0114619 0.00262238
 0.56836 0.261136 0.146114 0.0186224 0.00576723
 0.686548 0.181443 0.0798926 0.0446615 0.00745479
 0.84712 0.107353 0.0263641 0.011598 0.00756549
 0.90443 0.0820878 0.00946976 0.00232349 0.00168884
 0.844444 0.141283 0.0122615 0.00141321 0.000598759
 0.800604 0.170376 0.0263592 0.00228554 0.000375019
 0.792363 0.168694 0.0332804 0.00514412 0.000519208
 0.862151 0.11163 0.0213049 0.00419923 0.000714565
 0.969587 0.0265383 0.00313842 0.000598425 0.000138018
 0.460197 0.524534 0.0133251 0.00157439 0.000369426
 0.951709 0.022959 0.0246159 0.000624761 9.11352e-05
 0.674486 0.31064 0.00707526 0.00757889 0.000220409
 0.734796 0.182771 0.0786698 0.00179017 0.00197331
 0.817021 0.136799 0.0318351 0.0136902 0.000654906
 0.840237 0.13194 0.0208058 0.00483734 0.00217968
 0.3988 0.510398 0.0750009 0.0118161 0.00398505
 0.82106 0.0736558 0.0893953 0.0131242 0.00276493
 0.722242 0.230129 0.0196161 0.023786 0.00422762
 0.524942 0.347909 0.105362 0.00897278 0.0128136
 0.808665 0.102707 0.064923 0.0196434 0.0040617
 0.77712 0.181986 0.0219612 0.0138694 0.00506395
 0.443902 0.436679 0.0975244 0.011758 0.0101366
 0.584432 0.189199 0.177793 0.0396704 0.00890594
 0.86546 0.0803284 0.0246937 0.0231837 0.00633406
 0.539895 0.401066 0.0352628 0.0108302 0.0129456
pobs_pel_tallas
 0 0 0 0 0 0 0 0 0 0 0 0 0 0 0 0 0 0 0 0 0 0 0 0 0 0
 0 0 0 0 0 0 0 0 0 0 0 0 0 0 0 0 0 0 0 0 0 0 0 0 0 0
 0 0 0 0 0 0 0 0 0 0 0 0 0 0 0 0 0 0 0 0 0 0 0 0 0 0
 0 0 0 0 0 0 0 0 0 0 0 0 0 0 0 0 0 0 0 0 0 0 0 0 0 0
 0 0 0 0 0 0 0 0 0 0 0 0 0 0 0 0 0 0 0 0 0 0 0 0 0 0
 0 0 0 0 0 0 0 0 0 0 0 0 0 0 0 0 0 0 0 0 0 0 0 0 0 0
 0 0 0 0 0 0 0 0 0 0 0 0 0 0 0 0 0 0 0 0 0 0 0 0 0 0
 0 0 0 0 0 0 0 0 0 0 0 0 0 0 0 0 0 0 0 0 0 0 0 0 0 0
 0 0 0 0 0 0 0 0 0 0 0 0 0 0 0 0 0 0 0 0 0 0 0 0 0 0
 0 0 0 0 0 0 0 0 0 0 0 0 0 0 0 0 0 0 0 0 0 0 0 0 0 0
 0 0 0 0 0 0 0 0 0 0 0 0 0 0 0 0 0 0 0 0 0 0 0 0 0 0
 0 0 0 0 0 0 0 0 0 0 0 0 0 0 0 0 0 0 0 0 0 0 0 0 0 0
 0.00862536 0 0 0.000197151 0.00414017 0.0128641 0.00837892 0.0270097 0.101434 0.158115 0.152841 0.127902 0.109271 0.109419 0.0830992 0.0579132 0.0238553 0.00714673 0.00463305 0.00128148 0.00103504 0.000492878 0.000147863 0.000147863 4.92878e-05 0
 0 0 0 0 0 0 0 0 0 0 0 0 0 0 0 0 0 0 0 0 0 0 0 0 0 0
 0 0 0 0 0 0 0 0.0054083 0.00873648 0.0413646 0.0450493 0.0745869 0.0622846 0.0627006 0.0613931 0.0827291 0.12552 0.122667 0.0946155 0.0697135 0.0546179 0.0294188 0.0215738 0.0213955 0.0102223 0.00600262
 0 0 0 0 0.00359764 0.0251062 0.0480494 0.140153 0.205849 0.193036 0.1447 0.116669 0.0760912 0.0342217 0.00950174 0.001854 0.000860785 0 0 0 0.000165536 0 0.000143464 0 0 0
 0 0 0 0 0 0 0 0.000145254 0.000435761 0.0275982 0.070085 0.0708112 0.156366 0.174668 0.174014 0.160142 0.0824315 0.0480064 0.0283245 0.00493863 0.00203355 0 0 0 0 0
 0 0 0 0 0 0 0 0 0 0 0 0 0 0 0 0 0 0 0 0 0 0 0 0 0 0
 0 0 1.00437e-05 0.000401748 0.00122533 0.00171747 0.00176769 0.0269171 0.070346 0.194647 0.189555 0.159765 0.064822 0.0314167 0.0384472 0.0292271 0.0345202 0.0313363 0.0194345 0.0106764 0.0143323 0.0359363 0.0279516 0.0138201 0.00172751 0
 0 0.0021121 0.0136068 0.0755702 0.200478 0.177729 0.0527432 0.0373336 0.0318909 0.0142505 0.0149659 0.0166563 0.0217959 0.0798694 0.0677717 0.0528807 0.04013 0.0224614 0.0357745 0.0225083 0.00881397 0.00855152 0.00135912 0.000746735 0 0
 0 0 0 0 5.4009e-05 0.00500934 0.000945158 0.0243581 0.138947 0.33067 0.221406 0.137944 0.0707744 0.0437923 0.0131692 0.00525238 0.0047753 0.00276346 9.45158e-05 9.00151e-06 2.25038e-05 9.00151e-06 4.50075e-06 0 0 0
 0.000866109 0.00284123 0.00948549 0.0512746 0.133035 0.25785 0.225252 0.132002 0.0553304 0.0519788 0.0540692 0.017754 0.00435017 0.00159236 0.00146478 0.000404838 0.000125132 0.000115318 0.000107957 0.000100596 0 0 0 0 0 0
 0 0 0 0 0.00144013 0.00171154 0.00461396 0.0210425 0.0478622 0.0707936 0.0888783 0.103762 0.0637923 0.0337046 0.0602308 0.124433 0.169614 0.0934646 0.0462172 0.0250306 0.0313229 0.00938855 0.002487 0.000210481 0 0
 0 0.00764035 0.051015 0.0998891 0.058973 0.0496711 0.0374665 0.0718981 0.12319 0.153886 0.159021 0.0857701 0.0377988 0.023471 0.0147837 0.00900784 0.00315554 0.000888139 0.00291439 0.00214683 0.00393193 0.00274676 0.000635225 9.99891e-05 0 0
 0 0 0 0 0 0 0 0 0 0 0 0 0 0 0 0 0 0 0 0 0 0 0 0 0 0
 0 0 0 0 0 0 0 0 0 0 0 0 0 0 0 0 0 0 0 0 0 0 0 0 0 0
 0 0 0 0 0 0 0 0 0 0 0 0 0 0 0 0 0 0 0 0 0 0 0 0 0 0
 0 0 0 0 0 0 0 0 0 0 0 0 0 0 0 0 0 0 0 0 0 0 0 0 0 0
 0 0 0 0 0 0 0 0 0 0 0 0 0 0 0 0 0 0 0 0 0 0 0 0 0 0
 0 0 0 0 0 0 0 0 0 0 0 0 0 0 0 0 0 0 0 0 0 0 0 0 0 0
 0 0 0 0 0 0 0 0 0 0 0 0 0 0 0 0 0 0 0 0 0 0 0 0 0 0
 0 0 0 0 0 0 0 0 0 0 0 0 0 0 0 0 0 0 0 0 0 0 0 0 0 0
ppred_pel_tallas
 1.09624e-16 4.88946e-05 0.000475273 0.00315836 0.0143574 0.0446714 0.0951776 0.138917 0.138929 0.095238 0.0448752 0.0149509 0.00466634 0.00382803 0.00659428 0.0112873 0.0173309 0.0240293 0.0306234 0.0366325 0.0419008 0.0462427 0.0490686 0.0494555 0.0466918 0.040849
 1.14599e-16 4.53982e-05 0.000441287 0.00293251 0.0133308 0.0414771 0.0883723 0.128988 0.129014 0.0885005 0.0419078 0.0145756 0.00606082 0.00728309 0.0130785 0.0216585 0.0314691 0.0401942 0.0455529 0.0466216 0.044422 0.0411923 0.0389017 0.0381594 0.0381907 0.0376308
 1.10066e-16 5.73654e-05 0.000557612 0.00370553 0.0168448 0.0524105 0.111667 0.162984 0.163001 0.111748 0.052684 0.017636 0.00569646 0.00491992 0.00838994 0.0139062 0.0203283 0.026209 0.0301173 0.0314223 0.0306467 0.0290289 0.0276563 0.026865 0.0262731 0.0252446
 1.04166e-16 6.60849e-05 0.000642369 0.00426877 0.0194052 0.0603768 0.12864 0.187756 0.18777 0.128706 0.0605989 0.0200469 0.00588087 0.004166 0.00677127 0.011125 0.0161049 0.0204379 0.0228785 0.0228694 0.0208682 0.0180129 0.0154006 0.0135443 0.0123286 0.0113346
 1.02718e-16 6.21743e-05 0.000604356 0.00401616 0.0182569 0.0568041 0.121028 0.176648 0.176667 0.121122 0.0571197 0.0191686 0.00630503 0.00560224 0.00955789 0.0157129 0.0226531 0.0285388 0.0315376 0.0308067 0.0269867 0.0217529 0.0167961 0.0130316 0.0104914 0.00873084
 1.0166e-16 7.00026e-05 0.00068045 0.00452183 0.0205556 0.0639561 0.136266 0.198886 0.198897 0.13632 0.0641378 0.0210805 0.00584041 0.00356213 0.00555221 0.00909256 0.0131482 0.0166523 0.0185637 0.0183963 0.0164913 0.0137564 0.0110944 0.0089729 0.00738958 0.00611678
 1.02997e-16 4.80989e-05 0.000467538 0.00310696 0.0141238 0.0439446 0.0936299 0.136663 0.136697 0.0937977 0.0445082 0.0157515 0.00719225 0.00938449 0.0169792 0.027984 0.0402838 0.0506079 0.055651 0.0538842 0.0464593 0.0364178 0.0268689 0.0195551 0.0146311 0.0113629
 1.07127e-16 4.68151e-05 0.00045506 0.00302403 0.0137468 0.0427716 0.0911304 0.133013 0.133038 0.0912543 0.0431882 0.0149522 0.00605791 0.00710557 0.012758 0.0212276 0.031064 0.0400833 0.0460547 0.047897 0.046215 0.0426769 0.0387896 0.0351018 0.0313279 0.0270207
 1.08093e-16 5.65501e-05 0.000549687 0.00365286 0.0166054 0.0516657 0.11008 0.160668 0.160686 0.110166 0.0519547 0.0174414 0.0057563 0.00515812 0.00885818 0.0146859 0.021462 0.0276563 0.0317505 0.0330666 0.0321362 0.0302359 0.0284741 0.027173 0.0259298 0.0241308
 1.03232e-16 6.97762e-05 0.000678249 0.0045072 0.0204891 0.0637493 0.135825 0.198243 0.198253 0.135876 0.0639195 0.020981 0.00574307 0.00337986 0.00521171 0.00853522 0.0123598 0.0156972 0.0175938 0.0176225 0.0161308 0.0139838 0.012013 0.0106033 0.00966287 0.00887298
 1.00814e-16 7.44967e-05 0.000724135 0.00481213 0.0218753 0.0680621 0.145014 0.211653 0.211661 0.145052 0.0681918 0.0222499 0.0057525 0.00277647 0.00397077 0.00644272 0.00926482 0.0116322 0.0127796 0.0123566 0.0106329 0.00831591 0.0061289 0.00447738 0.00339498 0.00270364
 1.00634e-16 6.95558e-05 0.000676107 0.00449297 0.0204244 0.0635479 0.135396 0.197617 0.197631 0.135463 0.0637711 0.0210687 0.00610965 0.00420316 0.00676161 0.0110511 0.0158723 0.0198736 0.021727 0.0208184 0.0176115 0.0133397 0.00928129 0.00617908 0.00413602 0.00287799
 1.01097e-16 6.59447e-05 0.000641006 0.00425971 0.019364 0.0602488 0.128367 0.187359 0.187375 0.128447 0.0605183 0.0201424 0.00621347 0.0049063 0.00816702 0.0133984 0.0192958 0.0242649 0.0267229 0.0259306 0.0224201 0.0176199 0.0129937 0.00936741 0.00683267 0.00507817
 1.01608e-16 6.52659e-05 0.000634408 0.00421586 0.0191647 0.0596286 0.127046 0.18543 0.185447 0.127125 0.0598957 0.0199362 0.00615316 0.00486574 0.00810771 0.0133168 0.0192147 0.0242397 0.0268408 0.026293 0.0231114 0.0186747 0.0143775 0.0109791 0.00852877 0.00670832
 1.01186e-16 7.10143e-05 0.000690284 0.00458718 0.0208527 0.0648804 0.138235 0.20176 0.201771 0.138288 0.0650571 0.0213632 0.00586899 0.00348985 0.00539188 0.00881177 0.0127106 0.0160329 0.0177517 0.0173895 0.0152912 0.0123735 0.00956172 0.00735728 0.00578607 0.00462723
 1.00181e-16 7.98636e-05 0.000776303 0.0051588 0.0234512 0.0729653 0.15546 0.2269 0.226902 0.155473 0.0730073 0.0235723 0.00546281 0.00143977 0.00133938 0.00208643 0.0029944 0.00375801 0.00412564 0.00398257 0.00341455 0.00264912 0.00192002 0.00135999 0.00098348 0.000737809
 1.0074e-16 3.79059e-05 0.000368459 0.00244854 0.0111308 0.0346322 0.0737894 0.107708 0.107759 0.0740359 0.0354596 0.0135192 0.00843883 0.013429 0.0247941 0.0408032 0.0584777 0.0729107 0.079128 0.0748358 0.0618211 0.0448212 0.0288037 0.0167409 0.00913923 0.00496748
 1.00795e-16 7.8391e-05 0.000761989 0.00506368 0.0230188 0.0716199 0.152594 0.222716 0.222718 0.152605 0.0716569 0.023126 0.0053345 0.00135836 0.00122612 0.00194218 0.00288101 0.00381072 0.00454539 0.00498749 0.00515984 0.00514907 0.00501257 0.00473666 0.00427557 0.00362198
 1.01082e-16 5.55566e-05 0.00054003 0.00358869 0.0163137 0.0507581 0.108146 0.157849 0.157879 0.108292 0.0512481 0.0177282 0.00713659 0.00827579 0.0147198 0.0241754 0.0346532 0.0432281 0.0469635 0.0445149 0.0369533 0.0270889 0.0178519 0.0109708 0.00669751 0.00437081
 1.02831e-16 6.05242e-05 0.000588317 0.00390957 0.0177724 0.0552965 0.117816 0.171959 0.171977 0.117902 0.0555872 0.018613 0.00602344 0.00521541 0.00888465 0.0146867 0.0213685 0.0273199 0.0309187 0.031378 0.0291528 0.0255251 0.0217339 0.0183696 0.0153926 0.0125491
 1.02438e-16 6.7297e-05 0.00065415 0.00434706 0.0197611 0.0614842 0.130999 0.1912 0.191213 0.131064 0.061701 0.0203876 0.0059207 0.00409317 0.00660971 0.01085 0.0156928 0.0198819 0.0221836 0.0220313 0.0198472 0.0167263 0.013743 0.0114317 0.00974602 0.0083645
 1.01489e-16 6.92093e-05 0.000672739 0.00447059 0.0203226 0.0632314 0.134722 0.196633 0.196645 0.134784 0.0634401 0.0209255 0.00598411 0.00397738 0.0063471 0.0103882 0.0149688 0.0188466 0.0208041 0.0202797 0.0176942 0.0141557 0.0107869 0.0082027 0.00643747 0.00521155
 1.04155e-16 3.28487e-05 0.000319301 0.00212187 0.00964575 0.0300118 0.0639451 0.09334 0.0933892 0.0641855 0.0308189 0.0119771 0.00797398 0.0130947 0.0242962 0.0401152 0.0577845 0.0726622 0.0800244 0.0776739 0.0672295 0.0529963 0.0393721 0.0288184 0.021564 0.0166073
 1.04383e-16 6.76296e-05 0.000657384 0.00436855 0.0198588 0.0617881 0.131646 0.192143 0.19215 0.131682 0.0619072 0.0202044 0.00524224 0.00258484 0.00378739 0.00630877 0.00944179 0.0126256 0.015315 0.0172276 0.0184364 0.0191724 0.0195222 0.0193122 0.0182682 0.0162814
 1.03726e-16 5.94901e-05 0.000578265 0.00384278 0.0174687 0.0543518 0.115803 0.169023 0.169045 0.115911 0.0547154 0.0185188 0.00647817 0.00632962 0.0109776 0.0180429 0.0259631 0.0326108 0.035871 0.0347965 0.0301868 0.0240601 0.0184459 0.0144276 0.0119911 0.0105018
 1.06198e-16 4.32389e-05 0.000420297 0.00279303 0.0126967 0.0395043 0.0841694 0.122855 0.122888 0.0843337 0.0400563 0.0142922 0.00680203 0.00918591 0.0167315 0.0276983 0.0401433 0.0509954 0.0571319 0.0570837 0.0518536 0.0441216 0.0365249 0.0303882 0.0256523 0.0216347
 1.04558e-16 6.66087e-05 0.00064746 0.0043026 0.019559 0.0608554 0.129659 0.189243 0.189253 0.129708 0.0610195 0.0200343 0.00549975 0.00327458 0.00509644 0.00842634 0.0123819 0.0160973 0.0187291 0.0198826 0.0198028 0.0191126 0.0183236 0.0175349 0.0165099 0.0149792
 1.02929e-16 6.40104e-05 0.000622204 0.00413476 0.018796 0.0584816 0.124602 0.181864 0.181881 0.124687 0.0587693 0.0196271 0.00622076 0.00517584 0.00871205 0.0143018 0.0205986 0.0259136 0.0285765 0.0278319 0.0242933 0.0195269 0.0151076 0.0118766 0.00983169 0.00850381
 1.05821e-16 3.65637e-05 0.000355412 0.00236184 0.0107366 0.0334058 0.0711762 0.103893 0.103935 0.0713822 0.0340975 0.0127352 0.0073811 0.0113213 0.0208884 0.0345415 0.0499096 0.0630838 0.0700855 0.0690561 0.0613215 0.0504097 0.0398587 0.0315497 0.0255346 0.0209441
 1.10665e-16 4.81389e-05 0.000467927 0.00310954 0.0141355 0.043981 0.0937069 0.136772 0.13679 0.0937973 0.0442853 0.0150177 0.00533597 0.00536804 0.00947136 0.0158883 0.0236008 0.0311845 0.0371846 0.0408891 0.0426218 0.04324 0.0432936 0.0426008 0.0405375 0.0366722
 1.04131e-16 7.12868e-05 0.000692933 0.00460479 0.0209327 0.0651294 0.138765 0.202534 0.202542 0.138803 0.065257 0.0213017 0.0055327 0.00272376 0.00394386 0.00644947 0.00938659 0.0120293 0.0136983 0.0141066 0.0135279 0.0125869 0.0118358 0.0114516 0.0112387 0.0108546
 1.04398e-16 4.44705e-05 0.00043227 0.00287259 0.0130584 0.0406297 0.0865672 0.126356 0.126394 0.086756 0.0412632 0.0148879 0.00746336 0.010449 0.0190537 0.031392 0.0451319 0.0565803 0.0620088 0.0597148 0.0510528 0.039543 0.0287929 0.0208366 0.0158409 0.0128787
pSPR Fmed_Fpbrs
0.564738   0.599998 0.325004
Fs Fmed_Fpbrs
0.341307   0.301385 0.748503
SSBpbr Bo_Bmed_Bpbrs
1.10505e+06  568812  607777 303893
Ro
120165
SPR SPRFo_SPRFmed_SPRFpbrs
864958 488474 281114
Fref
0.301385
Nvult_r0
 49010.6 37986.9 3336.75 1024.78 1224.94
CTP_r0
 5371.05 5843.7 513.309 157.647 188.439
YTP_r0
218835
Np
 129166 38747.4 6430.33 4573.97 511.121
Nvult_p0
 90418.5 28202.1 4680.29 3329.14 372.017
CTP_p0
 15322.2 3982.66 2832.91 248.842 99.8653
 15322.2 6531.28 1083.9 770.99 86.1547
YTP_p0
 264529 282774
CBA_c0
232543
log_Ro
11.5166
likeval ReclasPelacesDesembMPH_pf_preclas_ppelaces_ptallas_desvR_qrecl_qpela
 12.6061 16.7846 0.016092 0.00114119 232.928 126.274 114.162 0 24.5697 1.34041e-05 2.87037e-05 0.0594777 1.51677e-08 0 0
q_reclas_q_pelaces
1.67827 2.13331
M
1
N
 156765 33818.8 71641.2 5486.66 0.842933
 90120.5 48660.2 9680.13 20506.2 1570.71
 89542.4 24165.9 11220.9 2232.22 5090.89
 117048 24086.7 5598.61 2599.6 1696.58
 95482.1 26137.9 4238.8 985.25 756.047
 202386 29539.1 7444.73 1207.32 495.966
 72666.7 56036.5 7141.71 1799.93 411.806
 29181.8 13621.1 7614.25 970.418 300.531
 30377.6 9481.17 4170.79 2331.49 389.166
 40780.4 6748.46 1655.75 728.368 475.123
 75403.5 7028.99 810.107 198.762 144.471
 117768 23832.5 2066.4 238.158 100.905
 96866.2 24629.3 3806.83 330.072 54.1593
 69735.8 20896.7 4118.67 636.603 64.2537
 59794.8 9946.56 1896.53 373.799 63.6078
 330300 10739.1 1268.81 241.927 55.797
 57012.9 72303.4 1835.04 216.808 50.8734
 558479 14722.5 15770.1 400.241 58.3839
 285366 150934 3434.49 3678.87 106.989
 239406 68030.4 29254.6 665.685 733.788
 312271 57833 13445.8 5782.01 276.598
 456770 81848.3 12894.6 2997.91 1350.84
 80845.2 110656 16245.1 2559.29 863.133
 242799 23071 27974.6 4106.87 865.211
 210632 70992.7 6045.67 7330.64 1302.91
 89663 61797.9 18697.4 1592.25 2273.83
 204087 27462.2 17343 5247.25 1084.98
 244776 59639 7190.18 4540.75 1657.91
 73755.2 74880.9 16707.5 2014.29 1736.52
 66946.7 23028 21619.3 4823.72 1082.92
 194612 19421.2 5964.62 5599.75 1529.91
 72638.1 54793.4 4813.03 1478.17 1766.9
pred_Ctot
 15698.4 4842.29 10257.8 785.597 0.120694
 15845 11919.7 2371.22 5023.15 384.758
 15605.7 5871.03 2726.1 542.311 1236.82
 30270.7 8423.84 1958 909.161 593.344
 9736.46 3808.63 617.648 143.564 110.166
 32385.3 6621.9 1668.92 270.65 111.183
 23779 24162.4 3079.44 776.111 177.567
 2177.06 1465.35 819.135 104.397 32.3309
 7922.35 3341.08 1469.75 821.596 137.138
 14554.4 3137.11 769.697 338.592 220.868
 6796.81 908.954 104.759 25.7029 18.6823
 33616.7 9108.08 789.718 91.0169 38.5628
 26437.3 9041.95 1397.57 121.177 19.8831
 29088.5 11082 2184.23 337.606 34.0753
 20485.6 4463.5 851.063 167.742 28.5439
 88164.8 3864.49 456.584 87.0577 20.0786
 11054.4 19407.7 492.562 58.1955 13.6554
 96055.2 3532.65 3784.01 96.0373 14.0091
 65757.3 47521.3 1081.34 1158.28 33.6851
 53758.8 20917.1 8994.82 204.676 225.615
 58337.4 14994.5 3486.14 1499.12 71.7144
 101985 25034.1 3943.93 916.941 413.168
 11700.8 22555.3 3311.28 521.667 175.935
 32087.4 4312.6 5229.22 767.686 161.731
 27460 13099.1 1115.5 1352.6 240.404
 9632.89 9469.78 2865.15 243.994 348.437
 27033.6 5144.73 3249.01 983.011 203.258
 26456.6 9192.28 1108.24 699.876 255.537
 7148.68 10388.6 2317.91 279.452 240.916
 9122.02 4431.94 4160.83 928.368 208.417
 29502.4 4136.66 1270.45 1192.73 325.867
 5371.05 5843.7 513.309 157.647 188.439
F
 0.169884 0.250942 0.250942 0.250942 0.250942
 0.316207 0.46708 0.46708 0.46708 0.46708
 0.313054 0.462423 0.462423 0.462423 0.462423
 0.499195 0.737379 0.737379 0.737379 0.737379
 0.173226 0.255878 0.255878 0.255878 0.255878
 0.284172 0.41976 0.41976 0.41976 0.41976
 0.674265 0.995981 0.995981 0.995981 0.995981
 0.124236 0.183514 0.183514 0.183514 0.183514
 0.504391 0.745054 0.745054 0.745054 0.745054
 0.758158 1.1199 1.1199 1.1199 1.1199
 0.151802 0.224232 0.224232 0.224232 0.224232
 0.564779 0.834255 0.834255 0.834255 0.834255
 0.533739 0.788405 0.788405 0.788405 0.788405
 0.947487 1.39957 1.39957 1.39957 1.39957
 0.717026 1.05914 1.05914 1.05914 1.05914
 0.51913 0.766826 0.766826 0.766826 0.766826
 0.353899 0.522756 0.522756 0.522756 0.522756
 0.308373 0.45551 0.45551 0.45551 0.45551
 0.433818 0.640808 0.640808 0.640808 0.640808
 0.420601 0.621285 0.621285 0.621285 0.621285
 0.339003 0.500754 0.500754 0.500754 0.500754
 0.417751 0.617074 0.617074 0.617074 0.617074
 0.253959 0.375132 0.375132 0.375132 0.375132
 0.229657 0.339235 0.339235 0.339235 0.339235
 0.226243 0.334192 0.334192 0.334192 0.334192
 0.183247 0.27068 0.27068 0.27068 0.27068
 0.23024 0.340095 0.340095 0.340095 0.340095
 0.184446 0.272451 0.272451 0.272451 0.272451
 0.164041 0.242311 0.242311 0.242311 0.242311
 0.237531 0.350866 0.350866 0.350866 0.350866
 0.267436 0.395039 0.395039 0.395039 0.395039
 0.123078 0.181802 0.181802 0.181802 0.181802
YTP_r0W_actual
 46191 144924 14321.3 5880.22 7518.72
YTP_p0W_proyectada
 115529 69497.4 68188.2 7793.73 3520.25
 115529 113971 26089.5 24147.4 3036.95
CTP_r0_actual
 5371.05 5843.7 513.309 157.647 188.439
CTP_p0_proyectada
 15322.2 3982.66 2832.91 248.842 99.8653
 15322.2 6531.28 1083.9 770.99 86.1547
Wmedp
 7.54 17.45 24.07 31.32 35.25
Frms_r0
 0.123078 0.181802 0.181802 0.181802 0.181802
Zrms_r0
 1.12308 1.1818 1.1818 1.1818 1.1818
nmprior
 7.27 8.72 9 0
nm_flota  nm_reclas  nm_pelaces    nm_pelaL
inf 15.2693 20.863 70.3279
cv_recla  cv_pelaces  cv_mph
0.314097 0.448793 0.919418
 ------------------------------------------------
Talla a la edad & desviaci?n 
 8 13.2811 15.8009 17.003 17.5766
 0.8 1.32811 1.58009 1.7003 1.75766
