years
 1991 1992 1993 1994 1995 1996 1997 1998 1999 2000 2001 2002 2003 2004 2005 2006 2007 2008 2009 2010 2011 2012 2013 2014 2015 2016 2017 2018 2019 2020 2021 2022
reclasobs
 0 0 0 0 0 0 0 0 0 252601 567819 844713 477998 351125 339783 2.1784e+06 2.13404e+06 4.81314e+06 1.55562e+06 2.62356e+06 3.21686e+06 3.843e+06 1.13348e+06 3.07943e+06 1.97215e+06 2.03268e+06 2.025e+06 2.42433e+06 2.27542e+06 1.05018e+06 2.36338e+06 3.18982e+06
reclaspred
 5.48587e+06 1.98739e+06 1.02761e+06 748984 332511 2.8883e+06 1.49996e+06 803723 521666 253637 453649 799980 742902 542868 436005 1.69081e+06 988717 4.0792e+06 2.90773e+06 2.05097e+06 3.11843e+06 3.02077e+06 1.82026e+06 3.14397e+06 2.35062e+06 1.78853e+06 2.26331e+06 3.1119e+06 2.43221e+06 1.162e+06 1.88773e+06 1.72184e+06
pelacesobs
 0 0 0 0 0 0 0 0 0 0 0 0 0 0 0 552880 188675 0 991730 2.46772e+06 1.41603e+06 1.21717e+06 2.29649e+06 1.80582e+06 0 1.4828e+06 1.56532e+06 1.57751e+06 1.42118e+06 867257 1.10002e+06 1.06204e+06
pelacespred
 3.76788e+06 1.28902e+06 549771 291840 151684 1.74694e+06 749363 558930 270918 101421 262600 361065 371861 254859 207755 781544 442656 2.41388e+06 1.61045e+06 985342 1.62828e+06 1.55393e+06 998152 2.03057e+06 1.41235e+06 1.07877e+06 1.57298e+06 1.96519e+06 1.46781e+06 727925 965787 993025
mphobs
 0 0 0 0 0 0 0 0 0 0 0 498337 0 5186 125008 0 168611 109162 213762 579715 649985 157893 87575 83554 0 0 0 0 0 0 0 0
mphpred
 1.12352e+06 524650 140966 111927 54841.1 31997.8 368192 126480 74193.5 33758 14611.2 60923.6 71146.8 49308.8 26260 30133.5 192478 84534.4 465224 226460 250520 275599 332111 178158 348209 271435 174957 227732 446951 226643 99298 270544
desembarqueobs
 494567 514787 250237 358949 120608 361735 552515 73892 212993 205616 52469 317467 293654 387597 252695 516296 358380 742168 942051 627588 828172 859565 418607 520667 417249 300574 415391 372974 316634 284311 391294 218835
desembarquepred
 494514 514604 249935 358778 120567 361601 552056 73881.7 212879 205491 52461.7 317277 293427 387102 252470 515899 358205 741619 940788 626692 827833 858813 418328 520453 416948 300392 415147 372748 316401 284019 390999 218801
Reclutas
 52745.7 41076 137385 57924.9 24766.1 277804 37659 11543.8 26556.5 36943.1 45276.8 105628 80983.6 67708.8 45367.1 259463 26117.5 447969 209084 212563 217490 404217 38630.9 173845 148359 47280.9 136099 177910 40989.1 37633.7 133242 24479.3
log_desv_Rt
 -0.395937 -0.645994 0.561367 -0.302271 -1.15194 1.2655 -0.732848 -1.91527 -1.08214 -0.752042 -0.548623 0.298502 0.0328277 -0.146203 -0.546633 1.1972 -1.09881 1.7433 0.981317 0.997818 1.02073 1.64053 -0.707367 0.796743 0.638216 -0.505313 0.551962 0.819861 -0.648113 -0.733518 0.530744 -1.16359
SSB
 1.49831e+06 699665 187990 149264 73135.2 42671.7 491015 168671 98943.3 45019.1 19485.3 81246.8 94880.3 65757.5 35020 40185.5 256685 112734 620416 302004 334089 367535 442898 237588 464367 361982 233319 303699 596047 302248 132422 360794
BT
 1.97742e+06 1.06224e+06 473314 402862 165955 1.27648e+06 793317 316144 335864 243335 183026 445889 453812 536138 359571 834749 470462 1.98455e+06 1.64107e+06 994761 1.52152e+06 1.5177e+06 786346 1.55981e+06 1.01872e+06 751032 1.24447e+06 1.32617e+06 875596 605449 815467 601906
Ftot
 0.32186 0.869079 0.873236 1.54301 1.21883 0.494757 1.20034 0.335701 1.38317 2.40121 0.454223 1.38341 1.36532 2.22925 1.92677 1.13638 1.19777 0.702122 1.118 1.08817 0.957485 1.02986 0.799666 0.629089 0.647906 0.605254 0.68917 0.46213 0.466194 0.849397 0.782427 0.459323
BD_Bspro_t
 0.949995 0.64009 0.301951 0.269516 0.131419 0.103604 0.472278 0.211816 0.182376 0.113246 0.0700176 0.303246 0.222179 0.142971 0.0785722 0.0919039 0.276643 0.144037 0.396916 0.227086 0.209126 0.224795 0.271453 0.187659 0.340786 0.339196 0.298689 0.389112 0.527368 0.370592 0.242637 0.407578
BD_Bspro
 2.65609 1.24032 0.333254 0.264605 0.129649 0.0756453 0.870435 0.299008 0.175399 0.0798066 0.034542 0.144028 0.168197 0.11657 0.0620809 0.071238 0.455033 0.199846 1.09983 0.53537 0.592249 0.651539 0.785138 0.421179 0.823195 0.641695 0.413611 0.538376 1.05663 0.535803 0.234748 0.639589
BD_Bo
 2.6624 1.24326 0.334046 0.265234 0.129957 0.075825 0.872504 0.299718 0.175816 0.0799962 0.0346241 0.14437 0.168596 0.116847 0.0622284 0.0714072 0.456114 0.200321 1.10244 0.536642 0.593656 0.653087 0.787003 0.42218 0.825151 0.643219 0.414594 0.539655 1.05914 0.537076 0.235306 0.641109
BD_Brms
 4.84072 2.26048 0.607356 0.482243 0.236285 0.137864 1.58637 0.544943 0.319666 0.145448 0.0629529 0.262492 0.306539 0.212449 0.113142 0.129831 0.829299 0.36422 2.00444 0.975713 1.07937 1.18743 1.43092 0.7676 1.50027 1.16949 0.753807 0.981191 1.92571 0.976501 0.427829 1.16565
Sel_flota
 0.703062 0.978254 0.998831 0.999938 0.999997
 0.703062 0.978254 0.998831 0.999938 0.999997
 0.703062 0.978254 0.998831 0.999938 0.999997
 0.703062 0.978254 0.998831 0.999938 0.999997
 0.703062 0.978254 0.998831 0.999938 0.999997
 0.703062 0.978254 0.998831 0.999938 0.999997
 0.703062 0.978254 0.998831 0.999938 0.999997
 0.703062 0.978254 0.998831 0.999938 0.999997
 0.703062 0.978254 0.998831 0.999938 0.999997
 0.703062 0.978254 0.998831 0.999938 0.999997
 0.703062 0.978254 0.998831 0.999938 0.999997
 0.703062 0.978254 0.998831 0.999938 0.999997
 0.703062 0.978254 0.998831 0.999938 0.999997
 0.703062 0.978254 0.998831 0.999938 0.999997
 0.703062 0.978254 0.998831 0.999938 0.999997
 0.703062 0.978254 0.998831 0.999938 0.999997
 0.703062 0.978254 0.998831 0.999938 0.999997
 0.703062 0.978254 0.998831 0.999938 0.999997
 0.703062 0.978254 0.998831 0.999938 0.999997
 0.703062 0.978254 0.998831 0.999938 0.999997
 0.703062 0.978254 0.998831 0.999938 0.999997
 0.703062 0.978254 0.998831 0.999938 0.999997
 0.703062 0.978254 0.998831 0.999938 0.999997
 0.703062 0.978254 0.998831 0.999938 0.999997
 0.703062 0.978254 0.998831 0.999938 0.999997
 0.703062 0.978254 0.998831 0.999938 0.999997
 0.703062 0.978254 0.998831 0.999938 0.999997
 0.703062 0.978254 0.998831 0.999938 0.999997
 0.703062 0.978254 0.998831 0.999938 0.999997
 0.703062 0.978254 0.998831 0.999938 0.999997
 0.703062 0.978254 0.998831 0.999938 0.999997
 0.703062 0.978254 0.998831 0.999938 0.999997
Sel_reclas
 0.798486 1 1 1 1
 0.798486 1 1 1 1
 0.798486 1 1 1 1
 0.798486 1 1 1 1
 0.798486 1 1 1 1
 0.798486 1 1 1 1
 0.798486 1 1 1 1
 0.798486 1 1 1 1
 0.798486 1 1 1 1
 0.798486 1 1 1 1
 0.798486 1 1 1 1
 0.798486 1 1 1 1
 0.798486 1 1 1 1
 0.798486 1 1 1 1
 0.798486 1 1 1 1
 0.798486 1 1 1 1
 0.798486 1 1 1 1
 0.798486 1 1 1 1
 0.798486 1 1 1 1
 0.798486 1 1 1 1
 0.798486 1 1 1 1
 0.798486 1 1 1 1
 0.798486 1 1 1 1
 0.798486 1 1 1 1
 0.798486 1 1 1 1
 0.798486 1 1 1 1
 0.798486 1 1 1 1
 0.798486 1 1 1 1
 0.798486 1 1 1 1
 0.798486 1 1 1 1
 0.798486 1 1 1 1
 0.798486 1 1 1 1
Sel_pelaces
 0.716724 1 1 1 1
 0.716724 1 1 1 1
 0.716724 1 1 1 1
 0.716724 1 1 1 1
 0.716724 1 1 1 1
 0.716724 1 1 1 1
 0.716724 1 1 1 1
 0.716724 1 1 1 1
 0.716724 1 1 1 1
 0.716724 1 1 1 1
 0.716724 1 1 1 1
 0.716724 1 1 1 1
 0.716724 1 1 1 1
 0.716724 1 1 1 1
 0.716724 1 1 1 1
 0.716724 1 1 1 1
 0.716724 1 1 1 1
 0.716724 1 1 1 1
 0.716724 1 1 1 1
 0.716724 1 1 1 1
 0.716724 1 1 1 1
 0.716724 1 1 1 1
 0.716724 1 1 1 1
 0.716724 1 1 1 1
 0.716724 1 1 1 1
 0.716724 1 1 1 1
 0.716724 1 1 1 1
 0.716724 1 1 1 1
 0.716724 1 1 1 1
 0.716724 1 1 1 1
 0.716724 1 1 1 1
 0.716724 1 1 1 1
pf_obs 
 0.8446 0.082 0.0669 0.0065 0
 0.8095 0.147 0.0364 0.0071 0
 0.9664 0.0169 0.016 0.0007 0
 0.9276 0.0648 0.0075 0.0001 0
 0.7033 0.2144 0.0806 0.0017 0
 0.9318 0.0425 0.0243 0.0014 0
 0.5671 0.3108 0.0964 0.0239 0.0018
 0.0768 0.2599 0.5324 0.112 0.0189
 0.490249 0.384438 0.106611 0.0170017 0.00170017
 0.7925 0.1577 0.0466 0.003 0.0002
 0.840416 0.127587 0.0312969 0.00059994 9.999e-05
 0.8084 0.0986 0.0794 0.0134 0.0002
 0.7335 0.1905 0.0724 0.0035 0.0001
 0.4001 0.4547 0.1325 0.0127 0
 0.49795 0.308269 0.164784 0.0264974 0.00249975
 0.9179 0.0499 0.0305 0.0017 0
 0.2467 0.6533 0.0926 0.0074 0
 0.9418 0.0223 0.034 0.0019 0
 0.707729 0.231977 0.0356964 0.0245975 0
 0.517169 0.277429 0.184464 0.0207286 0.00020938
 0.811772 0.124168 0.05621 0.00726502 0.000585176
 0.764997 0.148141 0.077277 0.00933861 0.000247198
 0.163321 0.427699 0.378323 0.0303852 0.000271297
 0.753843 0.0900009 0.118128 0.0371064 0.000921714
 0.721811 0.176058 0.0630433 0.0369309 0.00215725
 0.143369 0.312575 0.442814 0.0836902 0.0175525
 0.692698 0.0596174 0.167031 0.0765114 0.00414204
 0.394062 0.376323 0.152708 0.0712218 0.00568511
 0.125707 0.32114 0.495352 0.0537591 0.00404204
 0.23352 0.215282 0.420074 0.123614 0.00750983
 0.796117 0.104755 0.0508955 0.0450114 0.00322123
 0.162477 0.292055 0.404252 0.121198 0.0200186
pf_pred 
 0.283671 0.199431 0.457828 0.0590685 9.7583e-07
 0.433806 0.20851 0.101331 0.227091 0.0292619
 0.879434 0.0669648 0.0201508 0.00948808 0.0239627
 0.616927 0.353312 0.0167713 0.00488852 0.00810071
 0.67444 0.243323 0.0760974 0.00346337 0.0026761
 0.977009 0.0179563 0.0037974 0.00114478 9.21741e-05
 0.292537 0.696553 0.00857013 0.00176509 0.00057414
 0.373425 0.258519 0.362583 0.0043017 0.00117184
 0.751328 0.116334 0.055386 0.075809 0.0011429
 0.879758 0.101728 0.00885026 0.00404924 0.00561393
 0.92758 0.0682201 0.00358452 0.000294743 0.000320813
 0.871192 0.122381 0.00606331 0.000310423 5.32319e-05
 0.805648 0.179418 0.014216 0.000676994 4.0517e-05
 0.817598 0.160607 0.0201807 0.00153711 7.74169e-05
 0.869721 0.118012 0.0108689 0.00129416 0.000103238
 0.978208 0.0202707 0.00138411 0.00012145 1.5574e-05
 0.325765 0.665461 0.00818206 0.000539089 5.32665e-05
 0.974174 0.0116542 0.0139943 0.000165901 1.19872e-05
 0.620486 0.373233 0.00288015 0.00335862 4.2626e-05
 0.780101 0.161189 0.0577721 0.000430315 0.000507209
 0.801688 0.169857 0.021051 0.00728622 0.000118014
 0.872324 0.110886 0.0144487 0.00173263 0.00060834
 0.277229 0.664014 0.0512567 0.00645583 0.00104404
 0.861275 0.0523051 0.0795906 0.00595905 0.000870496
 0.715404 0.257842 0.0102656 0.0151876 0.00130125
 0.453689 0.43383 0.102184 0.00395451 0.00634216
 0.837828 0.0906933 0.0570859 0.0130772 0.00131572
 0.794859 0.182497 0.0128257 0.00784309 0.00197439
 0.357982 0.546837 0.0849188 0.00581614 0.00444579
 0.551461 0.20347 0.209539 0.0317054 0.00382598
 0.900521 0.0661987 0.0153572 0.0153279 0.00259478
 0.379196 0.580316 0.0272216 0.00612708 0.00713902
pobs_RECLAS
 0 0 0 0 0
 0 0 0 0 0
 0 0 0 0 0
 0 0 0 0 0
 0 0 0 0 0
 0 0 0 0 0
 0 0 0 0 0
 0 0 0 0 0
 0 0 0 0 0
 0 0 0 0 0
 0.991045 0.00858322 0.000360255 1.14367e-05 0
 0.934742 0.0480273 0.0164251 0.00080598 0
 0.827803 0.169806 0.00239088 0 0
 0.941827 0.0461693 0.0120037 0 0
 0.791401 0.0380133 0.147996 0.0225897 0
 0.846168 0.0940531 0.0597789 0 0
 0.134021 0.677848 0.182769 0.00536245 0
 0.80878 0.0450904 0.141981 0.00414843 0
 0.846168 0.0940531 0.0597789 0 0
 0.905697 0.0802665 0.012482 0.00150086 5.37128e-05
 0.989698 0.0102097 9.19794e-05 0 0
 0.975433 0.0193895 0.00387452 0.00125025 5.28907e-05
 0.303575 0.632131 0.0575291 0.00676475 0
 0.966965 0.00978017 0.0227588 0.000495775 0
 0.843318 0.132988 0.00938335 0.0141283 0.000182051
 0.564624 0.303363 0.111486 0.0197234 0.00080311
 0.826376 0.0876187 0.0782897 0.00655872 0.00115652
 0.89761 0.0855135 0.0140674 0.00269457 0.000114338
 0.34875 0.467042 0.161289 0.0227151 0.000203297
 0.318654 0.224769 0.449479 0.00709798 0
 0.937255 0.0296025 0.0250945 0.00804832 0
 0.456809 0.399803 0.12412 0.0192676 0
ppred_RECLAS
 0.310812 0.194887 0.43787 0.0564289 9.32166e-07
 0.471813 0.197514 0.0937634 0.209869 0.027041
 0.89437 0.059301 0.0174309 0.00819716 0.020701
 0.658994 0.315178 0.0145644 0.00423914 0.0070241
 0.709504 0.21849 0.0666379 0.00302879 0.00234014
 0.979669 0.0159558 0.00330079 0.000993902 8.0021e-05
 0.326176 0.663689 0.0079642 0.00163811 0.000532798
 0.403709 0.249148 0.341987 0.00405268 0.00110394
 0.783963 0.102508 0.0475524 0.0649967 0.000979825
 0.904289 0.0813885 0.00685343 0.00313016 0.00433931
 0.93527 0.0610537 0.00313845 0.000257764 0.000280545
 0.88913 0.105473 0.00509167 0.000260317 4.46363e-05
 0.830868 0.156444 0.0120791 0.000574437 3.43766e-05
 0.850564 0.13207 0.0160823 0.00122289 6.15858e-05
 0.891949 0.0981461 0.00877836 0.0010436 8.32437e-05
 0.981278 0.0174451 0.00116214 0.00010184 1.30584e-05
 0.361222 0.630669 0.00756296 0.000497635 4.91671e-05
 0.977522 0.01027 0.0120546 0.000142733 1.03125e-05
 0.655695 0.338747 0.00255055 0.00297037 3.76959e-05
 0.805824 0.143258 0.050106 0.000372728 0.000439301
 0.823933 0.151322 0.0183124 0.00633028 0.000102524
 0.888133 0.0974641 0.0123967 0.00148464 0.000521235
 0.305389 0.639341 0.0482227 0.00606622 0.000980971
 0.87723 0.0469424 0.0698417 0.00522287 0.000762908
 0.741028 0.235136 0.00915274 0.0135249 0.00115872
 0.486077 0.409991 0.0944289 0.00365003 0.00585347
 0.855879 0.0814129 0.0500935 0.0114615 0.00115309
 0.814039 0.165841 0.0114023 0.00696451 0.00175312
 0.386705 0.524068 0.0796166 0.00544662 0.00416308
 0.588194 0.189211 0.190356 0.0287671 0.00347118
 0.912509 0.0586821 0.0133029 0.0132612 0.00224477
 0.408038 0.554153 0.0254307 0.00571729 0.00666115
pobs_PELACES
 0 0 0 0 0
 0 0 0 0 0
 0 0 0 0 0
 0 0 0 0 0
 0 0 0 0 0
 0 0 0 0 0
 0 0 0 0 0
 0 0 0 0 0
 0 0 0 0 0
 0 0 0 0 0
 0 0 0 0 0
 0 0 0 0 0
 0 0 0 0 0
 0 0 0 0 0
 0 0 0 0 0
 0 0 0 0 0
 0.505614 0.472636 0.0217494 0 0
 0 0 0 0 0
 0.443492 0.261883 0.143347 0.151278 0
 0.227955 0.32914 0.350689 0.0885471 0.00366901
 0.970185 0.0296113 0.000203453 0 0
 0.997202 0.00247181 0.000326279 0 0
 0.445219 0.490057 0.0546422 0.010081 0
 0.90214 0.0892962 0.00764917 0.000914606 0
 0 0 0 0 0
 0.581667 0.319106 0.0959925 0.00289975 0.000334073
 0.762889 0.0836404 0.116647 0.0363945 0.000428098
 0.88444 0.0763242 0.0277011 0.0115352 0
 0.521256 0.241999 0.230069 0.00667565 0
 0.616807 0.101726 0.260614 0.0208532 0
 0.833518 0.0704572 0.0857862 0.0102388 0
 0.697417 0.212968 0.0787535 0.0105354 0.000325836
ppred_PELACES
 0.294517 0.19981 0.447951 0.0577211 9.53507e-07
 0.465521 0.200634 0.0946844 0.211863 0.0272975
 0.891885 0.0608595 0.0177833 0.0083602 0.0211124
 0.66635 0.308629 0.0141131 0.00410547 0.00680241
 0.710474 0.218208 0.0660033 0.00299861 0.00231677
 0.978389 0.0169728 0.0034994 0.00105351 8.48198e-05
 0.326419 0.663532 0.00789769 0.00162371 0.000528105
 0.385504 0.257096 0.352092 0.00417192 0.00113641
 0.787777 0.101211 0.046512 0.0635425 0.000957877
 0.913595 0.0736584 0.00610218 0.0027846 0.00386009
 0.931119 0.0649802 0.00333001 0.000273451 0.000297617
 0.890898 0.103839 0.00496589 0.000253758 4.35106e-05
 0.833196 0.154398 0.0118111 0.000561413 3.35963e-05
 0.86238 0.12184 0.0146137 0.00111032 5.5914e-05
 0.898343 0.0924484 0.00816127 0.000969559 7.73346e-05
 0.981199 0.0175282 0.0011587 0.000101496 1.3014e-05
 0.361418 0.63054 0.00750017 0.000493287 4.87364e-05
 0.976588 0.0107246 0.0125283 0.000148303 1.07148e-05
 0.654255 0.340206 0.00254217 0.0029594 3.75558e-05
 0.804683 0.144379 0.0501261 0.000372729 0.000439294
 0.82099 0.153993 0.0185149 0.00639803 0.000103619
 0.886775 0.0987366 0.012471 0.00149298 0.000524153
 0.298022 0.646403 0.0484913 0.00609823 0.000986133
 0.871938 0.0490956 0.0727338 0.0054379 0.000794307
 0.731559 0.243835 0.00944969 0.0139604 0.00119602
 0.473043 0.42074 0.0965072 0.00372954 0.00598091
 0.850444 0.0846568 0.0518463 0.0118596 0.00119312
 0.803886 0.174957 0.0119913 0.00732306 0.00184335
 0.371355 0.537434 0.0813891 0.00556693 0.004255
 0.581456 0.192911 0.192963 0.029152 0.00351756
 0.90966 0.0607022 0.0136879 0.0136411 0.00230905
 0.392172 0.569121 0.0260362 0.00585246 0.00681856
pobs_pel_tallas
 0 0 0 0 0 0 0 0 0 0 0 0 0 0 0 0 0 0 0 0 0 0 0 0 0 0
 0 0 0 0 0 0 0 0 0 0 0 0 0 0 0 0 0 0 0 0 0 0 0 0 0 0
 0 0 0 0 0 0 0 0 0 0 0 0 0 0 0 0 0 0 0 0 0 0 0 0 0 0
 0 0 0 0 0 0 0 0 0 0 0 0 0 0 0 0 0 0 0 0 0 0 0 0 0 0
 0 0 0 0 0 0 0 0 0 0 0 0 0 0 0 0 0 0 0 0 0 0 0 0 0 0
 0 0 0 0 0 0 0 0 0 0 0 0 0 0 0 0 0 0 0 0 0 0 0 0 0 0
 0 0 0 0 0 0 0 0 0 0 0 0 0 0 0 0 0 0 0 0 0 0 0 0 0 0
 0 0 0 0 0 0 0 0 0 0 0 0 0 0 0 0 0 0 0 0 0 0 0 0 0 0
 0 0 0 0 0 0 0 0 0 0 0 0 0 0 0 0 0 0 0 0 0 0 0 0 0 0
 0 0 0 0 0 0 0 0 0 0 0 0 0 0 0 0 0 0 0 0 0 0 0 0 0 0
 0 0 0 0 0 0 0 0 0 0 0 0 0 0 0 0 0 0 0 0 0 0 0 0 0 0
 0 0 0 0 0 0 0 0 0 0 0 0 0 0 0 0 0 0 0 0 0 0 0 0 0 0
 0.00862536 0 0 0.000197151 0.00414017 0.0128641 0.00837892 0.0270097 0.101434 0.158115 0.152841 0.127902 0.109271 0.109419 0.0830992 0.0579132 0.0238553 0.00714673 0.00463305 0.00128148 0.00103504 0.000492878 0.000147863 0.000147863 4.92878e-05 0
 0 0 0 0 0 0 0 0 0 0 0 0 0 0 0 0 0 0 0 0 0 0 0 0 0 0
 0 0 0 0 0 0 0 0.0054083 0.00873648 0.0413646 0.0450493 0.0745869 0.0622846 0.0627006 0.0613931 0.0827291 0.12552 0.122667 0.0946155 0.0697135 0.0546179 0.0294188 0.0215738 0.0213955 0.0102223 0.00600262
 0 0 0 0 0.00359764 0.0251062 0.0480494 0.140153 0.205849 0.193036 0.1447 0.116669 0.0760912 0.0342217 0.00950174 0.001854 0.000860785 0 0 0 0.000165536 0 0.000143464 0 0 0
 0 0 0 0 0 0 0 0.000145254 0.000435761 0.0275982 0.070085 0.0708112 0.156366 0.174668 0.174014 0.160142 0.0824315 0.0480064 0.0283245 0.00493863 0.00203355 0 0 0 0 0
 0 0 0 0 0 0 0 0 0 0 0 0 0 0 0 0 0 0 0 0 0 0 0 0 0 0
 0 0 1.00437e-05 0.000401748 0.00122533 0.00171747 0.00176769 0.0269171 0.070346 0.194647 0.189555 0.159765 0.064822 0.0314167 0.0384472 0.0292271 0.0345202 0.0313363 0.0194345 0.0106764 0.0143323 0.0359363 0.0279516 0.0138201 0.00172751 0
 0 0.0021121 0.0136068 0.0755702 0.200478 0.177729 0.0527432 0.0373336 0.0318909 0.0142505 0.0149659 0.0166563 0.0217959 0.0798694 0.0677717 0.0528807 0.04013 0.0224614 0.0357745 0.0225083 0.00881397 0.00855152 0.00135912 0.000746735 0 0
 0 0 0 0 5.4009e-05 0.00500934 0.000945158 0.0243581 0.138947 0.33067 0.221406 0.137944 0.0707744 0.0437923 0.0131692 0.00525238 0.0047753 0.00276346 9.45158e-05 9.00151e-06 2.25038e-05 9.00151e-06 4.50075e-06 0 0 0
 0.000866109 0.00284123 0.00948549 0.0512746 0.133035 0.25785 0.225252 0.132002 0.0553304 0.0519788 0.0540692 0.017754 0.00435017 0.00159236 0.00146478 0.000404838 0.000125132 0.000115318 0.000107957 0.000100596 0 0 0 0 0 0
 0 0 0 0 0.00144013 0.00171154 0.00461396 0.0210425 0.0478622 0.0707936 0.0888783 0.103762 0.0637923 0.0337046 0.0602308 0.124433 0.169614 0.0934646 0.0462172 0.0250306 0.0313229 0.00938855 0.002487 0.000210481 0 0
 0 0.00764035 0.051015 0.0998891 0.058973 0.0496711 0.0374665 0.0718981 0.12319 0.153886 0.159021 0.0857701 0.0377988 0.023471 0.0147837 0.00900784 0.00315554 0.000888139 0.00291439 0.00214683 0.00393193 0.00274676 0.000635225 9.99891e-05 0 0
 0 0 0 0 0 0 0 0 0 0 0 0 0 0 0 0 0 0 0 0 0 0 0 0 0 0
 0 0 0 0 0 0 0 0 0 0 0 0 0 0 0 0 0 0 0 0 0 0 0 0 0 0
 0 0 0 0 0 0 0 0 0 0 0 0 0 0 0 0 0 0 0 0 0 0 0 0 0 0
 0 0 0 0 0 0 0 0 0 0 0 0 0 0 0 0 0 0 0 0 0 0 0 0 0 0
 0 0 0 0 0 0 0 0 0 0 0 0 0 0 0 0 0 0 0 0 0 0 0 0 0 0
 0 0 0 0 0 0 0 0 0 0 0 0 0 0 0 0 0 0 0 0 0 0 0 0 0 0
 0 0 0 0 0 0 0 0 0 0 0 0 0 0 0 0 0 0 0 0 0 0 0 0 0 0
 0 0 0 0 0 0 0 0 0 0 0 0 0 0 0 0 0 0 0 0 0 0 0 0 0 0
ppred_pel_tallas
 1.18767e-16 2.4259e-05 0.000235806 0.00156702 0.00712345 0.0221638 0.047223 0.0689276 0.0689475 0.0473207 0.0224937 0.0080847 0.00401196 0.00567927 0.0106733 0.0184173 0.0284164 0.0396685 0.0510346 0.0617937 0.071679 0.0802706 0.086392 0.0882721 0.0845081 0.0750718
 1.28651e-16 3.83444e-05 0.000372721 0.00247686 0.0112595 0.0350325 0.0746411 0.108945 0.108965 0.0747366 0.0353536 0.0121895 0.00482119 0.00552447 0.00992646 0.0166347 0.0246627 0.0325839 0.0390644 0.0437422 0.0475042 0.051776 0.0573255 0.0635176 0.0685421 0.0703644
 1.04941e-16 7.34634e-05 0.00071409 0.00474538 0.0215718 0.0671179 0.143002 0.208717 0.208723 0.143031 0.0672146 0.0218513 0.0054481 0.00225193 0.00300565 0.00488426 0.00710678 0.00911108 0.0103902 0.0107443 0.0104083 0.00988956 0.00963541 0.00978592 0.0101593 0.0104179
 1.0205e-16 5.48864e-05 0.000533516 0.0035454 0.0161169 0.0501458 0.106842 0.155945 0.155975 0.106987 0.0506329 0.0175231 0.0070729 0.00822658 0.0146435 0.0240645 0.0345271 0.0431405 0.0470022 0.0447846 0.037546 0.0280546 0.0191835 0.012607 0.00853999 0.00630528
 1.02654e-16 5.85208e-05 0.000568843 0.00378016 0.0171841 0.0534662 0.113916 0.166268 0.166289 0.114019 0.0538124 0.0181846 0.00629402 0.00606481 0.0105202 0.0173612 0.0251459 0.0319134 0.0356887 0.0355317 0.0320529 0.026923 0.0218035 0.0175578 0.0142057 0.0113891
 1.00226e-16 8.05886e-05 0.00078335 0.00520564 0.0236641 0.0736277 0.156872 0.228959 0.228961 0.15688 0.0736546 0.0237417 0.00540066 0.00120939 0.000890608 0.00134713 0.00193819 0.00244855 0.00271892 0.00267736 0.0023763 0.00195379 0.00154777 0.00123072 0.00100291 0.000828388
 1.0065e-16 2.68868e-05 0.000261349 0.00173676 0.0078951 0.0245649 0.0523406 0.076406 0.0764698 0.0526523 0.0256113 0.0109154 0.00931122 0.0167736 0.0313193 0.0515579 0.0738537 0.0919997 0.0996911 0.0940251 0.0772829 0.0555022 0.0350271 0.0196717 0.0101026 0.00500174
 1.10838e-16 3.17535e-05 0.000308656 0.00205113 0.00932414 0.029011 0.0618119 0.0902216 0.0902468 0.0619356 0.0294277 0.0105338 0.00511068 0.00706406 0.0130844 0.0221594 0.0332578 0.0445937 0.0542433 0.061117 0.0652865 0.0673373 0.0674147 0.064934 0.0592018 0.0502914
 1.07903e-16 6.48881e-05 0.000630736 0.00419146 0.0190538 0.0592834 0.12631 0.184355 0.184365 0.126358 0.059445 0.0195214 0.0053689 0.00321379 0.0050089 0.00828144 0.0121744 0.0158586 0.0185547 0.0199588 0.0204184 0.0206323 0.0211076 0.0218095 0.0222375 0.0217962
 1.01128e-16 7.52516e-05 0.000731472 0.00486089 0.0220969 0.0687517 0.146483 0.213798 0.213805 0.146518 0.0688681 0.0224329 0.00570404 0.00257121 0.00356678 0.00577129 0.0082926 0.0104008 0.0114105 0.0110139 0.0094655 0.00741653 0.00552994 0.00417249 0.00336025 0.0029033
 1.00191e-16 7.6695e-05 0.000745503 0.00495413 0.0225208 0.0700705 0.149293 0.217898 0.217905 0.149323 0.070173 0.0228168 0.00569684 0.00236524 0.00314817 0.00507078 0.00726799 0.00907779 0.00988265 0.00939905 0.00784517 0.0057999 0.00386734 0.00240466 0.00146798 0.000929721
 1.00203e-16 7.33821e-05 0.0007133 0.00474013 0.021548 0.0670437 0.142844 0.208487 0.208497 0.142893 0.0672076 0.022021 0.00592681 0.00330116 0.00498031 0.00809652 0.0116071 0.0144923 0.0157664 0.0149753 0.012467 0.00916766 0.00604539 0.00367539 0.00215245 0.00127723
 1.00443e-16 6.86293e-05 0.000667101 0.00443312 0.0201523 0.0627015 0.133593 0.194985 0.195 0.133665 0.0629453 0.0208563 0.0061992 0.00451957 0.00737662 0.0120638 0.017318 0.0216632 0.0236435 0.022584 0.0189922 0.0142228 0.00968563 0.00620916 0.00392149 0.00253298
 1.00574e-16 7.10331e-05 0.000690467 0.0045884 0.0208582 0.0648977 0.138272 0.201814 0.201826 0.138329 0.0650902 0.0214143 0.00598401 0.00373616 0.00585254 0.00955541 0.0137396 0.0172373 0.0189076 0.0182198 0.0155631 0.01198 0.00854645 0.00588141 0.00406685 0.00287839
 1.0037e-16 7.39954e-05 0.000719261 0.00477975 0.021728 0.067604 0.144038 0.210229 0.210238 0.144081 0.06775 0.0221497 0.00583766 0.00302729 0.00445319 0.00723386 0.0103872 0.0130061 0.0142194 0.0136248 0.0115246 0.00872468 0.00606034 0.00401763 0.00266524 0.00182648
 1.00051e-16 8.082e-05 0.0007856 0.00522059 0.023732 0.0738391 0.157322 0.229617 0.229618 0.15733 0.0738668 0.0238119 0.00542102 0.00122278 0.000910017 0.00137364 0.00196408 0.00245516 0.00267696 0.00255277 0.00214068 0.00159543 0.00107817 0.000683794 0.00042697 0.000274136
 1.00436e-16 2.97696e-05 0.000289371 0.00192298 0.00874161 0.0271987 0.057952 0.0845954 0.084656 0.0582483 0.028193 0.0116117 0.00912069 0.0159802 0.0297652 0.0489919 0.070175 0.087411 0.0947054 0.0892967 0.0733496 0.0526009 0.033082 0.0184244 0.00927263 0.0043857
 1.00382e-16 8.04403e-05 0.000781908 0.00519605 0.0236205 0.0734922 0.156583 0.228538 0.228539 0.156588 0.0735095 0.0236707 0.00532291 0.00106149 0.000619164 0.000916385 0.00135876 0.0018046 0.00216558 0.00239572 0.00250294 0.00252245 0.00247464 0.00234798 0.00211967 0.00178946
 1.00464e-16 5.38902e-05 0.000523832 0.00348105 0.0158244 0.0492356 0.104903 0.153116 0.153148 0.105063 0.0497721 0.0173728 0.00736427 0.00898901 0.0160957 0.0264322 0.037856 0.0471523 0.0510874 0.0481768 0.0395966 0.0284496 0.0179933 0.0101808 0.0053435 0.00278922
 1.01596e-16 6.62807e-05 0.000644272 0.00428142 0.0194627 0.0605558 0.129021 0.188313 0.188327 0.129089 0.060785 0.0201253 0.00594681 0.00428667 0.00700364 0.0115246 0.0167123 0.0212557 0.0238509 0.0238704 0.0216977 0.0184035 0.0150488 0.0121794 0.00981066 0.00773849
 1.01233e-16 6.76239e-05 0.000657329 0.00436818 0.0198571 0.0617829 0.131636 0.192129 0.192144 0.131708 0.0620264 0.0205601 0.00613257 0.00450824 0.00737898 0.0120861 0.0173902 0.0218399 0.0240038 0.0232221 0.0199947 0.0156393 0.0115027 0.00833963 0.00621546 0.00480961
 1.00624e-16 7.30425e-05 0.000709999 0.0047182 0.0214482 0.0667335 0.142183 0.207522 0.207532 0.14223 0.0668895 0.021899 0.00584947 0.00317906 0.00476063 0.00775036 0.0111471 0.0139944 0.0153698 0.0148455 0.0127376 0.00988858 0.00716472 0.00505926 0.00362936 0.00268571
 1.02344e-16 2.45478e-05 0.000238613 0.00158567 0.00720827 0.0224279 0.0477874 0.0697602 0.0698224 0.0480914 0.0234486 0.0101553 0.00897957 0.0163676 0.030621 0.0504906 0.0725107 0.0907161 0.0990339 0.0946498 0.0796989 0.0598589 0.0410294 0.026661 0.0172588 0.0115734
 1.02792e-16 7.18204e-05 0.00069812 0.00463925 0.0210894 0.0656169 0.139804 0.204049 0.204054 0.139828 0.0656967 0.0213211 0.00522593 0.00199518 0.00258292 0.0042807 0.0064483 0.00870876 0.0107084 0.0122506 0.013345 0.0140772 0.0144269 0.0142227 0.0132792 0.0115807
 1.01938e-16 6.02576e-05 0.000585725 0.00389235 0.0176941 0.0550529 0.117297 0.171203 0.171227 0.117412 0.0554378 0.0188051 0.00667945 0.0066643 0.0115881 0.0190195 0.0272945 0.0341225 0.0372195 0.0355499 0.0299608 0.0226409 0.0158441 0.0108569 0.0077999 0.00609283
 1.04279e-16 3.8964e-05 0.000378744 0.00251689 0.0114414 0.0355988 0.0758484 0.110711 0.110752 0.0760469 0.0362652 0.013367 0.00735294 0.0109441 0.0201285 0.0332763 0.0480727 0.0607391 0.0674252 0.0663155 0.0586599 0.0478372 0.0372591 0.0287768 0.0225154 0.0177314
 1.0291e-16 7.005e-05 0.000680911 0.00452489 0.0205695 0.0639994 0.136358 0.19902 0.199028 0.136398 0.0641346 0.0209609 0.00551053 0.00284303 0.004207 0.00692448 0.010156 0.0131649 0.0152408 0.0160441 0.0157684 0.014931 0.013976 0.0130251 0.0119345 0.01053
 1.01438e-16 6.6215e-05 0.000643634 0.00427717 0.0194434 0.0604958 0.128893 0.188127 0.188144 0.128976 0.060772 0.0202411 0.00627863 0.00500985 0.0083498 0.0136767 0.0196435 0.0245953 0.0268962 0.0257999 0.0219 0.0167424 0.0119168 0.00832758 0.0060615 0.00472261
 1.03765e-16 3.05881e-05 0.000297327 0.00197585 0.00898194 0.0279464 0.0595448 0.0869182 0.08697 0.0597979 0.0287964 0.0114369 0.00813817 0.01375 0.0255801 0.0422409 0.0608443 0.0765011 0.0842284 0.0816982 0.0705984 0.0554495 0.0408839 0.0295173 0.0216354 0.0162382
 1.09137e-16 4.78938e-05 0.000465545 0.00309371 0.0140636 0.0437571 0.0932298 0.136076 0.136094 0.093322 0.0440676 0.014964 0.00536663 0.00546959 0.00967525 0.0162424 0.0241462 0.0319359 0.0381149 0.0419215 0.043626 0.0440329 0.0436548 0.0423175 0.0394749 0.0348404
 1.0217e-16 7.49275e-05 0.000728322 0.00483995 0.0220017 0.0684556 0.145852 0.212877 0.212882 0.145881 0.0685518 0.0222799 0.00553889 0.00225637 0.00298386 0.00483307 0.0070008 0.00890491 0.0100122 0.0100914 0.00934868 0.00827609 0.00733391 0.00671393 0.00632668 0.005955
 1.02638e-16 3.23028e-05 0.000313995 0.00208661 0.00948545 0.029513 0.0628827 0.0917906 0.0918454 0.0631502 0.0304112 0.0120784 0.00859095 0.0144988 0.0269299 0.0443599 0.0636423 0.0794934 0.0865521 0.0823539 0.0688333 0.0510842 0.0344091 0.0219226 0.014071 0.00966874
pSPR Fmed_Fpbrs
0.561985   0.6 0.325
Fs Fmed_Fpbrs
0.341307   0.29866 0.738532
SSBpbr Bo_Bmed_Bpbrs
562766  288128  309521 154761
Ro
78368.3
SPR SPRFo_SPRFmed_SPRFpbrs
564103 317017 183333
Fref
0.29866
Nvult_r0
 17959.1 21640.1 1000.67 225.061 262.222
CTP_r0
 4383.89 6709.03 314.709 70.8352 82.5343
YTP_r0
218801
Np
 75142.1 22407.7 1790.92 1811.99 105.313
Nvult_p0
 52734.4 16252.9 1302.01 1317.49 76.5731
CTP_p0
 9151.4 1069.3 1108.75 50.6913 14.042
 9151.4 3674.86 299.161 302.976 17.6099
YTP_p0
 116431 150439
CBA_c0
220010
log_Ro
11.0892
likeval ReclasPelacesDesembMPH_pf_preclas_ppelaces_ptallas_desvR_qrecl_qpela
 13.8122 16.1932 0.0869718 0.000853216 256.437 127.331 122.925 0 37.9199 8.82952e-05 0.00015406 0.0167324 1.67548e-15 0 0
q_reclas_q_pelaces
3.77679 5.78538
M
1
N
 52745.7 27604.1 62226.2 8020.59 0.132496
 41076 15474.5 7412.01 16598.2 2138.68
 137385 8202.25 2432.73 1144.58 2890.59
 57924.9 27353.6 1284.23 374.111 619.916
 24766.1 7201.69 2224.19 101.161 78.1628
 277804 3867.33 804.12 242.195 19.4999
 37659 72173.4 876.836 180.471 58.7006
 11543.8 5957.56 8205.77 97.2599 26.4935
 26556.5 3353.93 1578.16 2158.75 32.5444
 36943.1 3694.42 318.875 145.833 202.181
 45276.8 2512.24 129.746 10.6589 11.6011
 105628 12102.9 592.639 30.3225 5.19958
 80983.6 14691.9 1150.42 54.7509 3.27664
 67708.8 11408.3 1421.44 108.219 5.45036
 45367.1 5196.13 474.056 56.4176 4.50044
 259463 4306.59 290.265 25.4522 3.26372
 26117.5 42934.1 521.249 34.3204 3.39102
 447969 4139.2 4893.68 57.9662 4.18816
 209084 100594 766.17 892.833 11.331
 212563 35047.8 12396.3 92.2691 108.753
 217490 36386 4446.89 1538.03 24.9102
 404217 40812.2 5246.29 628.661 220.72
 38630.9 72088.5 5482.25 689.949 111.575
 173845 8099.78 12129.2 907.36 132.541
 148359 41094.5 1610.31 2380.39 203.94
 47280.9 34609.1 8020.94 310.143 497.379
 136099 11365.4 7042.93 1612.05 162.184
 177910 30841.2 2130.57 1301.68 327.666
 40989.1 47293.6 7219.39 494.01 377.598
 37633.7 10865 11026.7 1667.16 201.172
 133242 7619.59 1741.27 1736.57 293.962
 24479.3 28277.6 1303.83 293.201 341.61
pred_Ctot
 6877.67 4835.26 11100.2 1432.13 0.0236592
 12468.2 5992.86 2912.39 6526.9 841.027
 41855.7 3187.11 959.055 451.575 1140.48
 26393.6 15115.5 717.517 209.142 346.567
 9644.17 3479.4 1088.16 49.5245 38.267
 53068.2 975.334 206.263 62.1809 5.00662
 14508.9 34546.9 425.052 87.5429 28.4755
 1563.87 1082.65 1518.47 18.0151 4.90756
 11271.4 1745.24 830.9 1137.29 17.1458
 21622.7 2500.27 217.522 99.5222 137.979
 8029.73 590.557 31.0299 2.55148 2.77716
 44836.8 6298.46 312.055 15.9762 2.73963
 34075.9 7588.72 601.283 28.6343 1.71372
 38163.1 7496.67 941.978 71.7478 3.6136
 23622.4 3205.32 295.21 35.1506 2.80404
 96164.9 1992.76 136.068 11.9394 1.53104
 10047.2 20524.2 252.351 16.6266 1.64285
 114805 1373.43 1649.21 19.5512 1.41267
 76592.8 46072 355.527 414.589 5.26176
 76362.8 15778.5 5655.22 42.1228 49.6498
 71083.3 15060.7 1866.53 646.048 10.4639
 139485 17730.7 2310.35 277.048 97.2738
 10987.6 26317.3 2031.49 255.868 41.3793
 40708.8 2472.24 3761.91 281.659 41.1447
 35599.1 12830.4 510.824 755.746 64.7514
 10721 10251.7 2414.68 93.448 149.87
 34354.6 3718.82 2340.77 536.222 53.9501
 32031.1 7354.25 516.849 316.06 79.5639
 7436.26 11359.3 1763.99 120.817 92.351
 11222.2 4140.59 4264.09 645.201 77.8583
 37249.4 2738.26 635.239 634.029 107.331
 4383.89 6709.03 314.709 70.8352 82.5343
F
 0.226288 0.314861 0.321484 0.32184 0.321859
 0.611017 0.850181 0.868064 0.869026 0.869076
 0.613939 0.854247 0.872215 0.873182 0.873233
 1.08483 1.50946 1.54121 1.54291 1.543
 0.856911 1.19232 1.2174 1.21875 1.21882
 0.347845 0.483999 0.494179 0.494727 0.494756
 0.843911 1.17423 1.19893 1.20026 1.20033
 0.236019 0.328401 0.335309 0.335681 0.3357
 0.972453 1.35309 1.38155 1.38308 1.38316
 1.6882 2.349 2.39841 2.40106 2.40121
 0.319347 0.444346 0.453693 0.454195 0.454222
 0.972622 1.35332 1.38179 1.38332 1.3834
 0.959902 1.33563 1.36372 1.36523 1.36531
 1.5673 2.18078 2.22665 2.22911 2.22924
 1.35464 1.88487 1.92452 1.92665 1.92677
 0.798949 1.11167 1.13506 1.13631 1.13638
 0.842105 1.17172 1.19637 1.19769 1.19776
 0.493635 0.686854 0.701301 0.702078 0.702119
 0.786024 1.09369 1.11669 1.11793 1.118
 0.765052 1.06451 1.0869 1.0881 1.08817
 0.673172 0.936664 0.956366 0.957426 0.957482
 0.724057 1.00747 1.02866 1.0298 1.02986
 0.562215 0.782277 0.798731 0.799616 0.799663
 0.442288 0.615409 0.628353 0.62905 0.629087
 0.455518 0.633817 0.647149 0.647867 0.647904
 0.425531 0.592092 0.604546 0.605216 0.605252
 0.48453 0.674184 0.688365 0.689128 0.689168
 0.324906 0.452081 0.46159 0.462102 0.462129
 0.327764 0.456057 0.465649 0.466166 0.466193
 0.597179 0.830926 0.848404 0.849345 0.849394
 0.550095 0.765412 0.781512 0.782378 0.782424
 0.322932 0.449335 0.458786 0.459294 0.459321
YTP_r0W_actual
 37701.4 166384 8780.38 2642.15 3293.12
YTP_p0W_proyectada
 69001.6 18659.3 26687.6 1587.65 494.979
 69001.6 64126.2 7200.81 9489.21 620.748
CTP_r0_actual
 4383.89 6709.03 314.709 70.8352 82.5343
CTP_p0_proyectada
 9151.4 1069.3 1108.75 50.6913 14.042
 9151.4 3674.86 299.161 302.976 17.6099
Wmedp
 7.54 17.45 24.07 31.32 35.25
Frms_r0
 0.322932 0.449335 0.458786 0.459294 0.459321
Zrms_r0
 1.32293 1.44933 1.45879 1.45929 1.45932
nmprior
 7.27 8.72 9 0
nm_flota  nm_reclas  nm_pelaces    nm_pelaL
inf 21.3897 9.73241 24.1829
cv_recla  cv_pelaces  cv_mph
0.328778 0.440816 0.901436
 ------------------------------------------------
Talla a la edad & desviaci?n 
 8 13.2811 15.8009 17.003 17.5766
 0.8 1.32811 1.58009 1.7003 1.75766
