years
 1991 1992 1993 1994 1995 1996 1997 1998 1999 2000 2001 2002 2003 2004 2005 2006 2007 2008 2009 2010 2011 2012 2013 2014 2015 2016 2017 2018 2019 2020 2021 2022
reclasobs
 0 0 0 0 0 0 0 0 0 252601 567819 844713 477998 351125 339783 2.1784e+06 2.13404e+06 4.81314e+06 1.55562e+06 2.62356e+06 3.21686e+06 3.843e+06 1.13348e+06 3.07943e+06 1.97215e+06 2.03268e+06 2.025e+06 2.42433e+06 2.27542e+06 1.05018e+06 2.36338e+06 3.18982e+06
reclaspred
 4.78704e+06 2.69029e+06 1.01637e+06 304311 4.3251e+06 4.35508e+06 1.43527e+06 351224 1.12633e+06 298830 277345 1.25846e+06 597120 514891 355552 2.02295e+06 803713 9.52766e+06 5.47394e+06 1.35812e+06 2.56641e+06 3.57594e+06 1.6213e+06 3.23726e+06 2.63406e+06 1.36143e+06 1.94976e+06 4.1667e+06 2.75354e+06 766770 1.98228e+06 1.25168e+06
pelacesobs
 0 0 0 0 0 0 0 0 0 0 0 0 0 0 0 552880 188675 0 991730 2.46772e+06 1.41603e+06 1.21717e+06 2.29649e+06 1.80582e+06 0 1.4828e+06 1.56532e+06 1.57751e+06 1.42118e+06 867257 1.10002e+06 1.06204e+06
pelacespred
 2.00881e+06 1.55772e+06 630489 104013 2.4818e+06 2.37839e+06 842388 253091 697806 127168 165881 671898 279428 252585 166147 1.02794e+06 355936 6.6168e+06 3.54463e+06 790683 1.42723e+06 1.94722e+06 866482 2.20859e+06 1.61063e+06 777538 1.40278e+06 2.71925e+06 1.68813e+06 498964 1.05471e+06 669454
mphobs
 0 0 0 0 0 0 0 0 0 0 0 498337 0 5186 125008 0 168611 109162 213762 579715 649985 157893 87575 83554 210694 70296 0 107559 103333 445601 22526 0
mphpred
 32348.9 501975 219681 49239.9 11800.6 615739 369888 83235.7 22966.6 83116.5 11158.1 25215.6 99367.4 27262.9 17417.4 16257.4 168113 52910.4 961787 375745 93833.3 170754 307244 132403 263625 242830 97145.8 141312 461839 200958 43411.6 203372
desembarqueobs
 494567 514787 250237 358949 120608 361735 552515 73892 212993 205616 52469 317467 293654 387597 252695 516296 358380 742168 942051 627588 828172 859565 418607 520667 417249 300574 415391 372974 316634 284311 391294 218835
desembarquepred
 494094 524103 245270 357963 120539 361345 551314 73827.7 212717 205251 52416.6 316939 292916 386538 252131 515419 357733 741365 939621 624794 826667 857918 417868 519964 416494 299992 414706 372504 316075 283413 390668 218613
Reclutas
 508929 416.725 1107.95 67616.6 525634 5122.47 521.261 167.248 68120.4 658.016 29325.4 173826 31080.7 72137 41886.6 295419 2106.8 952464 89328.4 13156 251594 509804 2050.92 181245 193024 8034.9 132859 258331 7402.2 6782.15 153031 2033.99
log_desv_Rt
 2.9695 -4.13814 -3.1603 0.951046 3.0018 -1.62917 -3.91431 -5.05108 0.958469 -3.68133 0.115646 1.89525 0.173781 1.01576 0.47216 2.42559 -2.51763 3.59625 1.22951 -0.68593 2.26501 2.97122 -2.54452 1.93704 2.00001 -1.17901 1.62648 2.29143 -1.26103 -1.34851 1.76783 -2.55281
SSB
 62176 964816 422237 94641 22681.3 1.18348e+06 710941 159983 44142.7 159753 21446.3 48465.3 190988 52400.4 33476.9 31247.3 323120 101696 1.84859e+06 722197 180351 328196 590535 254484 506699 466729 186718 271608 887673 386249 83439 390889
BT
 1.29795e+06 1.2367e+06 552942 371564 1.34105e+06 1.46583e+06 981655 207741 546852 245814 130035 602395 394485 535554 331854 927268 463897 4.02884e+06 2.67464e+06 1.05829e+06 1.47583e+06 1.70268e+06 786433 1.62614e+06 1.17927e+06 652259 1.15762e+06 1.70135e+06 1.12031e+06 565727 841497 508510
Ftot
 0.297384 0.545554 0.665472 2.35758 0.0819915 0.240463 1.00793 0.585692 0.529905 1.61764 0.53026 0.692036 1.23906 1.72908 1.65711 0.699417 1.14276 0.225842 0.484295 1.17481 0.863933 0.661906 0.706806 0.454748 0.448022 0.611918 0.592156 0.258618 0.329598 0.974893 0.551497 0.492295
BD_Bspro_t
 0.953533 0.680674 0.387085 0.1525 0.0485027 0.748449 0.558002 0.22415 0.128863 0.344436 0.0890828 0.264693 0.360065 0.120694 0.0778826 0.0763634 0.32283 0.13495 0.653141 0.389917 0.135452 0.221307 0.335881 0.19709 0.357787 0.386434 0.251743 0.364526 0.617962 0.419297 0.18007 0.433224
BD_Bspro
 0.330663 5.13107 2.24553 0.503318 0.120623 6.29393 3.78091 0.850816 0.234759 0.849597 0.114055 0.257747 1.01571 0.278675 0.178036 0.166179 1.71841 0.540838 9.83116 3.84077 0.959142 1.7454 3.14057 1.35339 2.69472 2.48215 0.993001 1.44446 4.72081 2.05414 0.443743 2.07882
BD_Bo
 0.0772966 1.19945 0.524921 0.117657 0.0281972 1.47128 0.883834 0.198889 0.0548777 0.198604 0.0266618 0.0602516 0.237435 0.0651437 0.0416182 0.0388464 0.401699 0.126427 2.29815 0.897828 0.224211 0.40801 0.734147 0.316371 0.629923 0.580233 0.232126 0.33766 1.10355 0.480181 0.10373 0.48595
BD_Brms
 0.140539 2.18082 0.954401 0.213921 0.0512677 2.67506 1.60697 0.361616 0.0997777 0.361098 0.048476 0.109548 0.4317 0.118443 0.0756694 0.0706298 0.730363 0.229868 4.17846 1.63241 0.407657 0.741836 1.33481 0.575221 1.14531 1.05497 0.422048 0.613928 2.00645 0.873056 0.188601 0.883545
Sel_flota
 1 1 1 1 1
 1 1 1 1 1
 1 1 1 1 1
 1 1 1 1 1
 1 1 1 1 1
 1 1 1 1 1
 1 1 1 1 1
 1 1 1 1 1
 1 1 1 1 1
 1 1 1 1 1
 1 1 1 1 1
 1 1 1 1 1
 1 1 1 1 1
 1 1 1 1 1
 1 1 1 1 1
 1 1 1 1 1
 1 1 1 1 1
 1 1 1 1 1
 1 1 1 1 1
 1 1 1 1 1
 1 1 1 1 1
 1 1 1 1 1
 1 1 1 1 1
 1 1 1 1 1
 1 1 1 1 1
 1 1 1 1 1
 1 1 1 1 1
 1 1 1 1 1
 1 1 1 1 1
 1 1 1 1 1
 1 1 1 1 1
 1 1 1 1 1
Sel_reclas
 1 1 1 1 1
 1 1 1 1 1
 1 1 1 1 1
 1 1 1 1 1
 1 1 1 1 1
 1 1 1 1 1
 1 1 1 1 1
 1 1 1 1 1
 1 1 1 1 1
 1 1 1 1 1
 1 1 1 1 1
 1 1 1 1 1
 1 1 1 1 1
 1 1 1 1 1
 1 1 1 1 1
 1 1 1 1 1
 1 1 1 1 1
 1 1 1 1 1
 1 1 1 1 1
 1 1 1 1 1
 1 1 1 1 1
 1 1 1 1 1
 1 1 1 1 1
 1 1 1 1 1
 1 1 1 1 1
 1 1 1 1 1
 1 1 1 1 1
 1 1 1 1 1
 1 1 1 1 1
 1 1 1 1 1
 1 1 1 1 1
 1 1 1 1 1
Sel_pelaces
 1 1 1 1 1
 1 1 1 1 1
 1 1 1 1 1
 1 1 1 1 1
 1 1 1 1 1
 1 1 1 1 1
 1 1 1 1 1
 1 1 1 1 1
 1 1 1 1 1
 1 1 1 1 1
 1 1 1 1 1
 1 1 1 1 1
 1 1 1 1 1
 1 1 1 1 1
 1 1 1 1 1
 1 1 1 1 1
 1 1 1 1 1
 1 1 1 1 1
 1 1 1 1 1
 1 1 1 1 1
 1 1 1 1 1
 1 1 1 1 1
 1 1 1 1 1
 1 1 1 1 1
 1 1 1 1 1
 1 1 1 1 1
 1 1 1 1 1
 1 1 1 1 1
 1 1 1 1 1
 1 1 1 1 1
 1 1 1 1 1
 1 1 1 1 1
pf_obs 
 0.8446 0.082 0.0669 0.0065 0
 0.8095 0.147 0.0364 0.0071 0
 0.9664 0.0169 0.016 0.0007 0
 0.9276 0.0648 0.0075 0.0001 0
 0.7033 0.2144 0.0806 0.0017 0
 0.9318 0.0425 0.0243 0.0014 0
 0.5671 0.3108 0.0964 0.0239 0.0018
 0.0768 0.2599 0.5324 0.112 0.0189
 0.490249 0.384438 0.106611 0.0170017 0.00170017
 0.7925 0.1577 0.0466 0.003 0.0002
 0.840416 0.127587 0.0312969 0.00059994 9.999e-05
 0.8084 0.0986 0.0794 0.0134 0.0002
 0.7335 0.1905 0.0724 0.0035 0.0001
 0.4001 0.4547 0.1325 0.0127 0
 0.49795 0.308269 0.164784 0.0264974 0.00249975
 0.9179 0.0499 0.0305 0.0017 0
 0.2467 0.6533 0.0926 0.0074 0
 0.9418 0.0223 0.034 0.0019 0
 0.707729 0.231977 0.0356964 0.0245975 0
 0.517169 0.277429 0.184464 0.0207286 0.00020938
 0.811772 0.124168 0.05621 0.00726502 0.000585176
 0.764997 0.148141 0.077277 0.00933861 0.000247198
 0.163321 0.427699 0.378323 0.0303852 0.000271297
 0.753843 0.0900009 0.118128 0.0371064 0.000921714
 0.721811 0.176058 0.0630433 0.0369309 0.00215725
 0.143369 0.312575 0.442814 0.0836902 0.0175525
 0.692698 0.0596174 0.167031 0.0765114 0.00414204
 0.394062 0.376323 0.152708 0.0712218 0.00568511
 0.125707 0.32114 0.495352 0.0537591 0.00404204
 0.23352 0.215282 0.420074 0.123614 0.00750983
 0.796117 0.104755 0.0508955 0.0450114 0.00322123
 0.162477 0.292055 0.404252 0.121198 0.0200186
pf_pred 
 0.98843 0.0084449 0.00283746 0.00028765 8.02117e-08
 0.00295325 0.985511 0.00841996 0.00282908 0.000286881
 0.0355212 0.00284834 0.950504 0.00812088 0.00300528
 0.919767 0.00284996 0.00022853 0.0762615 0.000892681
 0.995154 0.00445739 1.38115e-05 1.10751e-06 0.000373906
 0.0278186 0.96747 0.00433339 1.34273e-05 0.000364581
 0.00969189 0.027549 0.958093 0.00429139 0.000374344
 0.0226362 0.0094725 0.0269254 0.936406 0.00456012
 0.978269 0.000491909 0.000205848 0.000585118 0.0204482
 0.0418117 0.937366 0.000471342 0.000197241 0.0201539
 0.962314 0.00157573 0.0353258 1.77631e-05 0.000766958
 0.963436 0.0351859 5.76146e-05 0.00129165 2.86924e-05
 0.483336 0.497773 0.0181793 2.97674e-05 0.000682172
 0.913251 0.0419287 0.0431811 0.00157703 6.17598e-05
 0.890391 0.100101 0.00459578 0.00473305 0.000179626
 0.988953 0.00983655 0.00110586 5.07716e-05 5.42725e-05
 0.0371507 0.952212 0.00947111 0.00106478 0.000101142
 0.993063 0.000257728 0.00660585 6.57046e-05 8.0884e-06
 0.240881 0.753852 0.000195646 0.00501462 5.60177e-05
 0.135334 0.208282 0.65183 0.000169169 0.00438441
 0.957942 0.00569185 0.0087599 0.0274146 0.000191514
 0.926025 0.0708636 0.000421054 0.000648012 0.00204216
 0.0192523 0.908197 0.0694993 0.000412948 0.00263838
 0.903632 0.00185531 0.0875216 0.00669755 0.000294052
 0.80477 0.176416 0.000362213 0.0170868 0.00136497
 0.12475 0.704375 0.154408 0.000317026 0.0161499
 0.911812 0.0110014 0.0621171 0.0136169 0.00145218
 0.897043 0.0938776 0.00113268 0.0063954 0.00155147
 0.0829825 0.822604 0.0860874 0.00103868 0.00728742
 0.223218 0.0644593 0.638984 0.0668711 0.00646757
 0.973185 0.00598549 0.00172845 0.0171341 0.00196654
 0.0575231 0.917205 0.00564118 0.00162902 0.0180019
pobs_RECLAS
 0 0 0 0 0
 0 0 0 0 0
 0 0 0 0 0
 0 0 0 0 0
 0 0 0 0 0
 0 0 0 0 0
 0 0 0 0 0
 0 0 0 0 0
 0 0 0 0 0
 0 0 0 0 0
 0.991045 0.00858322 0.000360255 1.14367e-05 0
 0.934742 0.0480273 0.0164251 0.00080598 0
 0.827803 0.169806 0.00239088 0 0
 0.941827 0.0461693 0.0120037 0 0
 0.791401 0.0380133 0.147996 0.0225897 0
 0.846168 0.0940531 0.0597789 0 0
 0.134021 0.677848 0.182769 0.00536245 0
 0.80878 0.0450904 0.141981 0.00414843 0
 0.846168 0.0940531 0.0597789 0 0
 0.905697 0.0802665 0.012482 0.00150086 5.37128e-05
 0.989698 0.0102097 9.19794e-05 0 0
 0.975433 0.0193895 0.00387452 0.00125025 5.28907e-05
 0.303575 0.632131 0.0575291 0.00676475 0
 0.966965 0.00978017 0.0227588 0.000495775 0
 0.843318 0.132988 0.00938335 0.0141283 0.000182051
 0.564624 0.303363 0.111486 0.0197234 0.00080311
 0.826376 0.0876187 0.0782897 0.00655872 0.00115652
 0.89761 0.0855135 0.0140674 0.00269457 0.000114338
 0.34875 0.467042 0.161289 0.0227151 0.000203297
 0.318654 0.224769 0.449479 0.00709798 0
 0.937255 0.0296025 0.0250945 0.00804832 0
 0.456809 0.399803 0.12412 0.0192676 0
ppred_RECLAS
 0.98843 0.0084449 0.00283746 0.00028765 8.02117e-08
 0.00295325 0.985511 0.00841996 0.00282908 0.000286881
 0.0355212 0.00284834 0.950504 0.00812088 0.00300528
 0.919767 0.00284996 0.00022853 0.0762615 0.000892681
 0.995154 0.00445739 1.38115e-05 1.10751e-06 0.000373906
 0.0278186 0.96747 0.00433339 1.34273e-05 0.000364581
 0.00969189 0.027549 0.958093 0.00429139 0.000374344
 0.0226362 0.0094725 0.0269254 0.936406 0.00456012
 0.978269 0.000491909 0.000205848 0.000585118 0.0204482
 0.0418117 0.937366 0.000471342 0.000197241 0.0201539
 0.962314 0.00157573 0.0353258 1.77631e-05 0.000766958
 0.963436 0.0351859 5.76146e-05 0.00129165 2.86924e-05
 0.483336 0.497773 0.0181793 2.97674e-05 0.000682172
 0.913251 0.0419287 0.0431811 0.00157703 6.17598e-05
 0.890391 0.100101 0.00459578 0.00473305 0.000179626
 0.988953 0.00983655 0.00110586 5.07716e-05 5.42725e-05
 0.0371507 0.952212 0.00947111 0.00106478 0.000101142
 0.993063 0.000257728 0.00660585 6.57046e-05 8.0884e-06
 0.240881 0.753852 0.000195646 0.00501462 5.60177e-05
 0.135334 0.208282 0.65183 0.000169169 0.00438441
 0.957942 0.00569185 0.0087599 0.0274146 0.000191514
 0.926025 0.0708636 0.000421054 0.000648012 0.00204216
 0.0192523 0.908197 0.0694993 0.000412948 0.00263838
 0.903632 0.00185531 0.0875216 0.00669755 0.000294052
 0.80477 0.176416 0.000362213 0.0170868 0.00136497
 0.12475 0.704375 0.154408 0.000317026 0.0161499
 0.911812 0.0110014 0.0621171 0.0136169 0.00145218
 0.897043 0.0938776 0.00113268 0.0063954 0.00155147
 0.0829825 0.822604 0.0860874 0.00103868 0.00728742
 0.223218 0.0644593 0.638984 0.0668711 0.00646757
 0.973185 0.00598549 0.00172845 0.0171341 0.00196654
 0.0575231 0.917205 0.00564118 0.00162902 0.0180019
pobs_PELACES
 0 0 0 0 0
 0 0 0 0 0
 0 0 0 0 0
 0 0 0 0 0
 0 0 0 0 0
 0 0 0 0 0
 0 0 0 0 0
 0 0 0 0 0
 0 0 0 0 0
 0 0 0 0 0
 0 0 0 0 0
 0 0 0 0 0
 0 0 0 0 0
 0 0 0 0 0
 0 0 0 0 0
 0 0 0 0 0
 0.505614 0.472636 0.0217494 0 0
 0 0 0 0 0
 0.443492 0.261883 0.143347 0.151278 0
 0.227955 0.32914 0.350689 0.0885471 0.00366901
 0.970185 0.0296113 0.000203453 0 0
 0.997202 0.00247181 0.000326279 0 0
 0.445219 0.490057 0.0546422 0.010081 0
 0.90214 0.0892962 0.00764917 0.000914606 0
 0 0 0 0 0
 0.581667 0.319106 0.0959925 0.00289975 0.000334073
 0.762889 0.0836404 0.116647 0.0363945 0.000428098
 0.88444 0.0763242 0.0277011 0.0115352 0
 0.521256 0.241999 0.230069 0.00667565 0
 0.616807 0.101726 0.260614 0.0208532 0
 0.833518 0.0704572 0.0857862 0.0102388 0
 0.697417 0.212968 0.0787535 0.0105354 0.000325836
ppred_PELACES
 0.98843 0.0084449 0.00283746 0.00028765 8.02117e-08
 0.00295325 0.985511 0.00841996 0.00282908 0.000286881
 0.0355212 0.00284834 0.950504 0.00812088 0.00300528
 0.919767 0.00284996 0.00022853 0.0762615 0.000892681
 0.995154 0.00445739 1.38115e-05 1.10751e-06 0.000373906
 0.0278186 0.96747 0.00433339 1.34273e-05 0.000364581
 0.00969189 0.027549 0.958093 0.00429139 0.000374344
 0.0226362 0.0094725 0.0269254 0.936406 0.00456012
 0.978269 0.000491909 0.000205848 0.000585118 0.0204482
 0.0418117 0.937366 0.000471342 0.000197241 0.0201539
 0.962314 0.00157573 0.0353258 1.77631e-05 0.000766958
 0.963436 0.0351859 5.76146e-05 0.00129165 2.86924e-05
 0.483336 0.497773 0.0181793 2.97674e-05 0.000682172
 0.913251 0.0419287 0.0431811 0.00157703 6.17598e-05
 0.890391 0.100101 0.00459578 0.00473305 0.000179626
 0.988953 0.00983655 0.00110586 5.07716e-05 5.42725e-05
 0.0371507 0.952212 0.00947111 0.00106478 0.000101142
 0.993063 0.000257728 0.00660585 6.57046e-05 8.0884e-06
 0.240881 0.753852 0.000195646 0.00501462 5.60177e-05
 0.135334 0.208282 0.65183 0.000169169 0.00438441
 0.957942 0.00569185 0.0087599 0.0274146 0.000191514
 0.926025 0.0708636 0.000421054 0.000648012 0.00204216
 0.0192523 0.908197 0.0694993 0.000412948 0.00263838
 0.903632 0.00185531 0.0875216 0.00669755 0.000294052
 0.80477 0.176416 0.000362213 0.0170868 0.00136497
 0.12475 0.704375 0.154408 0.000317026 0.0161499
 0.911812 0.0110014 0.0621171 0.0136169 0.00145218
 0.897043 0.0938776 0.00113268 0.0063954 0.00155147
 0.0829825 0.822604 0.0860874 0.00103868 0.00728742
 0.223218 0.0644593 0.638984 0.0668711 0.00646757
 0.973185 0.00598549 0.00172845 0.0171341 0.00196654
 0.0575231 0.917205 0.00564118 0.00162902 0.0180019
pobs_pel_tallas
 0 0 0 0 0 0 0 0 0 0 0 0 0 0 0 0 0 0 0 0 0 0 0 0 0 0
 0 0 0 0 0 0 0 0 0 0 0 0 0 0 0 0 0 0 0 0 0 0 0 0 0 0
 0 0 0 0 0 0 0 0 0 0 0 0 0 0 0 0 0 0 0 0 0 0 0 0 0 0
 0 0 0 0 0 0 0 0 0 0 0 0 0 0 0 0 0 0 0 0 0 0 0 0 0 0
 0 0 0 0 0 0 0 0 0 0 0 0 0 0 0 0 0 0 0 0 0 0 0 0 0 0
 0 0 0 0 0 0 0 0 0 0 0 0 0 0 0 0 0 0 0 0 0 0 0 0 0 0
 0 0 0 0 0 0 0 0 0 0 0 0 0 0 0 0 0 0 0 0 0 0 0 0 0 0
 0 0 0 0 0 0 0 0 0 0 0 0 0 0 0 0 0 0 0 0 0 0 0 0 0 0
 0 0 0 0 0 0 0 0 0 0 0 0 0 0 0 0 0 0 0 0 0 0 0 0 0 0
 0 0 0 0 0 0 0 0 0 0 0 0 0 0 0 0 0 0 0 0 0 0 0 0 0 0
 0 0 0 0 0 0 0 0 0 0 0 0 0 0 0 0 0 0 0 0 0 0 0 0 0 0
 0 0 0 0 0 0 0 0 0 0 0 0 0 0 0 0 0 0 0 0 0 0 0 0 0 0
 0.00862536 0 0 0.000197151 0.00414017 0.0128641 0.00837892 0.0270097 0.101434 0.158115 0.152841 0.127902 0.109271 0.109419 0.0830992 0.0579132 0.0238553 0.00714673 0.00463305 0.00128148 0.00103504 0.000492878 0.000147863 0.000147863 4.92878e-05 0
 0 0 0 0 0 0 0 0 0 0 0 0 0 0 0 0 0 0 0 0 0 0 0 0 0 0
 0 0 0 0 0 0 0 0.0054083 0.00873648 0.0413646 0.0450493 0.0745869 0.0622846 0.0627006 0.0613931 0.0827291 0.12552 0.122667 0.0946155 0.0697135 0.0546179 0.0294188 0.0215738 0.0213955 0.0102223 0.00600262
 0 0 0 0 0.00359764 0.0251062 0.0480494 0.140153 0.205849 0.193036 0.1447 0.116669 0.0760912 0.0342217 0.00950174 0.001854 0.000860785 0 0 0 0.000165536 0 0.000143464 0 0 0
 0 0 0 0 0 0 0 0.000145254 0.000435761 0.0275982 0.070085 0.0708112 0.156366 0.174668 0.174014 0.160142 0.0824315 0.0480064 0.0283245 0.00493863 0.00203355 0 0 0 0 0
 0 0 0 0 0 0 0 0 0 0 0 0 0 0 0 0 0 0 0 0 0 0 0 0 0 0
 0 0 1.00437e-05 0.000401748 0.00122533 0.00171747 0.00176769 0.0269171 0.070346 0.194647 0.189555 0.159765 0.064822 0.0314167 0.0384472 0.0292271 0.0345202 0.0313363 0.0194345 0.0106764 0.0143323 0.0359363 0.0279516 0.0138201 0.00172751 0
 0 0.0021121 0.0136068 0.0755702 0.200478 0.177729 0.0527432 0.0373336 0.0318909 0.0142505 0.0149659 0.0166563 0.0217959 0.0798694 0.0677717 0.0528807 0.04013 0.0224614 0.0357745 0.0225083 0.00881397 0.00855152 0.00135912 0.000746735 0 0
 0 0 0 0 5.4009e-05 0.00500934 0.000945158 0.0243581 0.138947 0.33067 0.221406 0.137944 0.0707744 0.0437923 0.0131692 0.00525238 0.0047753 0.00276346 9.45158e-05 9.00151e-06 2.25038e-05 9.00151e-06 4.50075e-06 0 0 0
 0.000866109 0.00284123 0.00948549 0.0512746 0.133035 0.25785 0.225252 0.132002 0.0553304 0.0519788 0.0540692 0.017754 0.00435017 0.00159236 0.00146478 0.000404838 0.000125132 0.000115318 0.000107957 0.000100596 0 0 0 0 0 0
 0 0 0 0 0.00144013 0.00171154 0.00461396 0.0210425 0.0478622 0.0707936 0.0888783 0.103762 0.0637923 0.0337046 0.0602308 0.124433 0.169614 0.0934646 0.0462172 0.0250306 0.0313229 0.00938855 0.002487 0.000210481 0 0
 0 0.00764035 0.051015 0.0998891 0.058973 0.0496711 0.0374665 0.0718981 0.12319 0.153886 0.159021 0.0857701 0.0377988 0.023471 0.0147837 0.00900784 0.00315554 0.000888139 0.00291439 0.00214683 0.00393193 0.00274676 0.000635225 9.99891e-05 0 0
 0 0 0 0 0 0 0 0 0 0 0 0 0 0 0 0 0 0 0 0 0 0 0 0 0 0
 0 0 0 0 0 0 0 0 0 0 0 0 0 0 0 0 0 0 0 0 0 0 0 0 0 0
 0 0 0 0 0 0 0 0 0 0 0 0 0 0 0 0 0 0 0 0 0 0 0 0 0 0
 0 0 0 0 0 0 0 0 0 0 0 0 0 0 0 0 0 0 0 0 0 0 0 0 0 0
 0 0 0 0 0 0 0 0 0 0 0 0 0 0 0 0 0 0 0 0 0 0 0 0 0 0
 0 0 0 0 0 0 0 0 0 0 0 0 0 0 0 0 0 0 0 0 0 0 0 0 0 0
 0 0 0 0 0 0 0 0 0 0 0 0 0 0 0 0 0 0 0 0 0 0 0 0 0 0
 0 0 0 0 0 0 0 0 0 0 0 0 0 0 0 0 0 0 0 0 0 0 0 0 0 0
ppred_pel_tallas
 1.00114e-16 8.14157e-05 0.000791389 0.00525906 0.0239069 0.0743833 0.158482 0.231309 0.231309 0.158486 0.0743967 0.0239457 0.00535646 0.00100441 0.00048714 0.00067946 0.000977737 0.00124347 0.00139602 0.00139895 0.00127525 0.00108803 0.00089927 0.000740064 0.000609723 0.000494409
 1.00828e-16 2.4346e-07 2.36661e-06 1.57316e-05 7.15717e-05 0.000223195 0.000479042 0.000719045 0.000813819 0.000942024 0.00177713 0.00455709 0.0112645 0.0245238 0.0464686 0.0765531 0.109648 0.136559 0.14792 0.13942 0.114453 0.0820029 0.0515134 0.0286675 0.0144643 0.00694139
 1.28754e-16 2.92584e-06 2.84402e-05 0.000188995 0.000859146 0.00267313 0.00569544 0.00831301 0.00831475 0.00570465 0.00270829 0.000979363 0.000561017 0.00107247 0.00266311 0.00615812 0.012952 0.0247462 0.042929 0.0675816 0.0965003 0.124936 0.146621 0.155963 0.150381 0.131468
 1.07807e-16 7.576e-05 0.000736414 0.00489373 0.0222462 0.0692162 0.147472 0.21524 0.215241 0.147474 0.0692213 0.0222613 0.00493348 0.000829354 0.000271856 0.000385398 0.00069183 0.00120598 0.00203994 0.00334437 0.00525584 0.00780611 0.0108263 0.0139085 0.0164745 0.0179484
 1.00066e-16 8.19695e-05 0.000796773 0.00529483 0.0240696 0.0748893 0.15956 0.232882 0.232882 0.159562 0.0748963 0.0240898 0.00534572 0.000907716 0.000292251 0.000352314 0.000497012 0.000619594 0.000673304 0.000639212 0.000533631 0.000397998 0.0002752 0.000190002 0.000144664 0.000127061
 1.00436e-16 2.29159e-06 2.22751e-05 0.000148031 0.000672983 0.0020944 0.00446577 0.00653743 0.00663046 0.00492024 0.00361974 0.00507587 0.0111892 0.02409 0.0456074 0.0751219 0.107575 0.13393 0.144981 0.136488 0.111791 0.0797265 0.0495994 0.0270266 0.0130195 0.00566427
 1.2815e-16 7.98318e-07 7.75994e-06 5.15677e-05 0.000234422 0.000729393 0.0015542 0.00226924 0.00227336 0.00157506 0.000803696 0.000467742 0.000707649 0.00167237 0.00384081 0.00811119 0.0157706 0.0282972 0.0468438 0.0713696 0.0997261 0.127347 0.148162 0.156709 0.150458 0.131018
 1.9546e-16 1.86452e-06 1.81238e-05 0.000120439 0.000547499 0.00170348 0.00362949 0.00529761 0.0052989 0.00363598 0.00172651 0.000619877 0.000325474 0.000548062 0.00126771 0.00282784 0.00595451 0.0118471 0.0222058 0.0389824 0.0636931 0.096361 0.134508 0.172854 0.20425 0.221776
 1.03526e-16 8.05787e-05 0.000783254 0.005205 0.0236612 0.0736187 0.156852 0.228931 0.228931 0.156853 0.0736195 0.0236638 0.00521185 0.000799337 0.000114765 7.28682e-05 0.000125553 0.00022658 0.000402078 0.000697412 0.00116565 0.00184792 0.00274521 0.00379306 0.00485486 0.00574486
 1.03684e-16 3.44417e-06 3.34787e-05 0.000222482 0.00101143 0.0031474 0.00670921 0.00981118 0.00990132 0.00714953 0.00462525 0.00527721 0.0109199 0.0233519 0.0441894 0.0727873 0.104242 0.129812 0.140605 0.132559 0.108967 0.0784479 0.0500386 0.0291415 0.0166171 0.0104281
 1.01152e-16 7.92645e-05 0.000770479 0.00512011 0.0232753 0.072418 0.154294 0.225197 0.225197 0.154295 0.0724216 0.0232864 0.00515071 0.000845871 0.000247495 0.000348791 0.000645691 0.00112476 0.00181936 0.00272673 0.0037712 0.00479092 0.00556785 0.00590222 0.00569762 0.00500661
 1.00146e-16 7.9357e-05 0.000771378 0.00512608 0.0233024 0.0725025 0.154474 0.22546 0.225464 0.154491 0.0725579 0.0234626 0.00552772 0.00164696 0.00173874 0.00273972 0.00391764 0.00488201 0.00529551 0.00500648 0.00413872 0.0030143 0.00196894 0.00120034 0.000735727 0.000495654
 1.00771e-16 3.98118e-05 0.000386985 0.00257166 0.0116904 0.0363734 0.0774992 0.113122 0.11317 0.0777332 0.0371588 0.0139575 0.00825818 0.0127865 0.0235466 0.0387536 0.0555615 0.0693191 0.0753117 0.0713605 0.0591468 0.043139 0.0280183 0.0165801 0.0092993 0.00521506
 1.01426e-16 7.52233e-05 0.000731197 0.00485906 0.0220886 0.0687259 0.146428 0.213717 0.213721 0.146448 0.0687934 0.0222843 0.00535304 0.00181861 0.00216685 0.00353185 0.00523949 0.00691788 0.00822961 0.00899732 0.00926734 0.00920662 0.00893056 0.00842248 0.00760083 0.00644681
 1.00664e-16 7.33403e-05 0.000712894 0.00473743 0.0215357 0.0670056 0.142763 0.208368 0.208378 0.14281 0.0671635 0.0219918 0.00588175 0.00320871 0.00480677 0.00781344 0.011209 0.0140138 0.015286 0.0145975 0.0122921 0.0092639 0.00643611 0.00433914 0.00303013 0.00228225
 1.00049e-16 8.14587e-05 0.000791808 0.00526184 0.0239196 0.0744226 0.158565 0.231431 0.231432 0.15857 0.0744382 0.0239645 0.00537449 0.00103762 0.000548017 0.000776288 0.00110849 0.0013897 0.00152312 0.00146571 0.00124912 0.000957957 0.000679682 0.000464764 0.000319983 0.00022694
 1.00641e-16 3.06025e-06 2.97468e-05 0.000197682 0.000898692 0.00279665 0.00596195 0.00872084 0.00881242 0.0064093 0.00429811 0.00523275 0.0110667 0.0237235 0.0449035 0.0739714 0.105952 0.13196 0.142944 0.134734 0.110605 0.0792277 0.0497236 0.0275854 0.0137886 0.00645334
 1.00199e-16 8.17973e-05 0.000795098 0.00528371 0.024019 0.0747319 0.159224 0.232393 0.232393 0.159224 0.0747326 0.0240209 0.00528901 0.000808273 0.000111499 6.70162e-05 0.000116736 0.000204906 0.000333957 0.000503152 0.000697975 0.000887573 0.00103066 0.00108975 0.00104717 0.000913556
 1.00711e-16 1.98412e-05 0.000192864 0.00128165 0.00582625 0.018128 0.0386263 0.0563915 0.056464 0.0389804 0.0193165 0.00925676 0.00988428 0.0189446 0.0355508 0.0585264 0.083804 0.104328 0.112929 0.106312 0.0870948 0.0621799 0.0388248 0.0213982 0.0106603 0.00507927
 1.19623e-16 1.11473e-05 0.000108356 0.000720064 0.00327332 0.0101846 0.0217002 0.0316765 0.0316975 0.0218034 0.010534 0.00429453 0.0033292 0.00595507 0.0115558 0.0202307 0.0317931 0.0454691 0.0602391 0.0752485 0.0896968 0.102221 0.110526 0.112003 0.105128 0.0906014
 1.03037e-16 7.89044e-05 0.000766979 0.00509685 0.0231695 0.072089 0.153593 0.224174 0.224174 0.153596 0.0720984 0.0231972 0.00516748 0.000925314 0.000392278 0.000558296 0.000882064 0.00129953 0.00181593 0.00246515 0.00329172 0.00430591 0.00543476 0.00650852 0.00730227 0.00761628
 1.00441e-16 7.62755e-05 0.000741425 0.00492703 0.0223976 0.0696872 0.148476 0.216707 0.216713 0.148509 0.0697989 0.0227201 0.00573596 0.00250493 0.00341846 0.00551234 0.00789066 0.00983385 0.0106677 0.0100875 0.0083435 0.00608641 0.00399522 0.00247101 0.00156968 0.00112864
 1.02726e-16 1.58597e-06 1.54163e-05 0.000102451 0.000465781 0.00144969 0.00309194 0.00453111 0.00461854 0.00351911 0.00288369 0.00460633 0.0104907 0.0226759 0.0429874 0.0709305 0.10186 0.127415 0.139053 0.132805 0.111659 0.0835869 0.0568885 0.0364454 0.0230171 0.0148996
 1.03248e-16 7.44309e-05 0.000723495 0.00480788 0.0218559 0.0680019 0.144885 0.211464 0.211465 0.144887 0.0680077 0.0218744 0.00486087 0.000860945 0.0003992 0.000708112 0.00139874 0.00256146 0.00431556 0.00667393 0.00944897 0.0122184 0.0144053 0.015471 0.0151348 0.0134961
 1.02001e-16 6.62879e-05 0.000644342 0.00428188 0.0194648 0.0605623 0.129035 0.188334 0.188351 0.129118 0.0608406 0.0202681 0.00629673 0.00503768 0.00839539 0.013737 0.0196975 0.0245995 0.0267936 0.0255458 0.0214971 0.0162648 0.0115045 0.00814481 0.00623416 0.00528526
 1.07401e-16 1.02757e-05 9.98832e-05 0.000663762 0.00301741 0.00938864 0.020006 0.0292136 0.0292816 0.0203382 0.0105041 0.00624025 0.00875719 0.0177798 0.0336222 0.0556564 0.080376 0.101485 0.112529 0.11047 0.0974232 0.0790916 0.0612491 0.0470506 0.0367293 0.0290172
 1.03407e-16 7.51048e-05 0.000730045 0.00485141 0.0220538 0.0686175 0.146197 0.213379 0.21338 0.146203 0.068637 0.0221112 0.00500042 0.00107121 0.000769676 0.00127563 0.00211592 0.00325938 0.00471568 0.00647303 0.00844942 0.0104367 0.0120962 0.0130494 0.0130324 0.0120201
 1.00961e-16 7.38883e-05 0.00071822 0.00477283 0.0216966 0.0675062 0.143829 0.209925 0.209934 0.143873 0.0676542 0.0221241 0.00584513 0.00305642 0.00450686 0.00731407 0.0104839 0.0130919 0.0142559 0.0135812 0.0114044 0.00858279 0.00599802 0.00415106 0.00308018 0.00254037
 1.04032e-16 6.83533e-06 6.64419e-05 0.000441534 0.0020072 0.00624556 0.0133098 0.0194426 0.0195218 0.0136969 0.00754519 0.00576022 0.0098593 0.020616 0.0390057 0.0643978 0.0925856 0.116039 0.127064 0.122082 0.103755 0.0791973 0.0557726 0.0377481 0.025714 0.0181197
 1.26257e-16 1.83862e-05 0.00017872 0.00118766 0.00539893 0.0167981 0.0357904 0.0522387 0.0522459 0.0358261 0.0169208 0.00576614 0.00215739 0.00245441 0.00480531 0.00912727 0.0159691 0.0259626 0.0395663 0.0567005 0.0762121 0.0954934 0.110777 0.118317 0.115952 0.104136
 1.02103e-16 8.016e-05 0.000779184 0.00517795 0.0235382 0.0732361 0.156037 0.227741 0.227742 0.15604 0.0732457 0.0235662 0.00524857 0.000935024 0.000381423 0.000518646 0.000777495 0.00106577 0.00135937 0.00167265 0.00205525 0.00255806 0.00318356 0.00385603 0.00443539 0.00476904
 1.03608e-16 4.73829e-06 4.6058e-05 0.000306076 0.00139143 0.00432973 0.00922821 0.0134873 0.0135755 0.0096591 0.00577596 0.00556606 0.0107753 0.0228684 0.0432544 0.0712548 0.10207 0.127155 0.137816 0.130077 0.107147 0.0774303 0.0497316 0.0293041 0.0169765 0.0107691
pSPR Fmed_Fpbrs
0.505786   0.6 0.325
Fs Fmed_Fpbrs
0.341307   0.249647 0.597448
SSBpbr Bo_Bmed_Bpbrs
804382  366627  442410 221205
Ro
26122.8
SPR SPRFo_SPRFmed_SPRFpbrs
188034 95105.2 61111.1
Fref
0.249647
Nvult_r0
 1576.63 25139.4 154.617 44.6493 493.408
CTP_r0
 520.118 8293.26 51.0069 14.7294 162.771
YTP_r0
218613
Np
 28120.5 8059.49 131.08 2090.07 16.5391
Nvult_p0
 20061 5749.6 93.512 1491.05 11.7989
CTP_p0
 4007.66 65.181 1039.31 6.39218 2.26095
 4007.66 1148.62 18.6813 297.872 2.35711
YTP_p0
 56651.3 60123.3
CBA_c0
170024
log_Ro
9.99056
likeval ReclasPelacesDesembMPH_pf_preclas_ppelaces_ptallas_desvR_qrecl_qpela
 33.9324 34.3995 4.20239 0.00145116 448.543 175.921 172.694 0 258.826 6.355e-05 0.000114547 21.3955 9.11317e-16 0 0
q_reclas_q_pelaces
3.08757 4.54298
M
1
N
 508929 4348.17 1460.97 148.107 0.0412999
 416.725 139063 1188.12 399.204 40.481
 1107.95 88.8431 29647.3 253.299 93.7382
 67616.6 209.515 16.8004 5606.35 65.6253
 525634 2354.37 7.29516 0.584978 197.495
 5122.47 178148 797.941 2.47248 67.1331
 521.261 1481.67 51529.3 230.805 20.1334
 167.248 69.9877 198.939 6918.65 33.6925
 68120.4 34.2534 14.3339 40.7439 1423.88
 658.016 14751.9 7.41779 3.1041 317.174
 29325.4 48.0185 1076.51 0.54131 23.3721
 173826 6348.34 10.395 233.043 5.17677
 31080.7 32009.1 1169.01 1.91418 43.8668
 72137 3311.92 3410.84 124.568 4.87836
 41886.6 4709.04 216.199 222.657 8.45015
 295419 2938.37 330.341 15.1665 16.2123
 2106.8 53999.7 537.104 60.3831 5.73572
 952464 247.192 6335.79 63.0185 7.75773
 89328.4 279558 72.5533 1859.62 20.7736
 13156 20247.4 63365.3 16.4451 426.214
 251594 1494.91 2300.7 7200.16 50.2991
 509804 39012.5 231.802 356.749 1124.27
 2050.92 96749 7403.67 43.9908 281.063
 181245 372.127 17554.6 1343.35 58.9791
 193024 42313.3 86.8765 4098.27 327.387
 8034.9 45367.3 9945.1 20.419 1040.18
 132859 1603 9050.98 1984.09 211.595
 258331 27034.9 326.189 1841.75 446.793
 7402.2 73377.9 7679.17 92.6527 650.052
 6782.15 1958.5 19414.6 2031.78 196.507
 153031 941.201 271.793 2694.28 309.233
 2033.99 32431.9 199.469 57.6013 636.537
pred_Ctot
 84780.1 724.34 243.376 24.6725 0.00687995
 115.737 38621.8 329.975 110.871 11.2427
 358.986 28.7861 9606.04 82.0716 30.3721
 45824.9 141.992 11.3859 3799.52 44.4754
 26331.9 117.943 0.365455 0.0293048 9.8936
 705.765 24544.9 109.939 0.340653 9.24949
 226.528 643.901 22393.4 100.302 8.74952
 49.123 20.5563 58.431 2032.1 9.89595
 18484.9 9.29491 3.88961 11.0561 386.38
 376.965 8451.07 4.24951 1.77828 181.703
 7961.91 13.0371 292.276 0.146967 6.34559
 58002.6 2118.32 3.46862 77.7621 1.72739
 15366.8 15825.8 577.978 0.946402 21.6885
 42720.8 1961.37 2019.96 73.7713 2.88905
 24290.2 2730.79 125.374 129.119 4.90026
 99359.3 988.27 111.105 5.10098 5.45272
 991.755 25419.8 252.836 28.4247 2.70003
 123972 32.1743 824.662 8.20244 1.00974
 22539.7 70539.4 18.307 469.228 5.24168
 6299.2 9694.61 30339.8 7.87405 204.075
 98531.3 585.449 901.019 2819.79 19.6986
 164512 12589.2 74.8019 115.122 362.797
 695.204 32795.2 2509.64 14.9117 95.2725
 43429.5 89.1683 4206.38 321.891 14.1324
 45685.3 10014.8 20.5621 969.988 77.4868
 2441.69 13786.4 3022.17 6.20503 316.096
 39358 474.873 2681.26 587.768 62.6829
 38003.7 3977.18 47.9865 270.945 65.7288
 1349.46 13377.1 1399.95 16.891 118.508
 2883.35 832.632 8253.87 863.786 83.5427
 42868.2 263.657 76.1369 754.744 86.6249
 520.118 8293.26 51.0069 14.7294 162.771
F
 0.297384 0.297384 0.297384 0.297384 0.297384
 0.545554 0.545554 0.545554 0.545554 0.545554
 0.665472 0.665472 0.665472 0.665472 0.665472
 2.35758 2.35758 2.35758 2.35758 2.35758
 0.0819915 0.0819915 0.0819915 0.0819915 0.0819915
 0.240463 0.240463 0.240463 0.240463 0.240463
 1.00793 1.00793 1.00793 1.00793 1.00793
 0.585692 0.585692 0.585692 0.585692 0.585692
 0.529905 0.529905 0.529905 0.529905 0.529905
 1.61764 1.61764 1.61764 1.61764 1.61764
 0.53026 0.53026 0.53026 0.53026 0.53026
 0.692036 0.692036 0.692036 0.692036 0.692036
 1.23906 1.23906 1.23906 1.23906 1.23906
 1.72908 1.72908 1.72908 1.72908 1.72908
 1.65711 1.65711 1.65711 1.65711 1.65711
 0.699417 0.699417 0.699417 0.699417 0.699417
 1.14276 1.14276 1.14276 1.14276 1.14276
 0.225842 0.225842 0.225842 0.225842 0.225842
 0.484295 0.484295 0.484295 0.484295 0.484295
 1.17481 1.17481 1.17481 1.17481 1.17481
 0.863933 0.863933 0.863933 0.863933 0.863933
 0.661906 0.661906 0.661906 0.661906 0.661906
 0.706806 0.706806 0.706806 0.706806 0.706806
 0.454748 0.454748 0.454748 0.454748 0.454748
 0.448022 0.448022 0.448022 0.448022 0.448022
 0.611918 0.611918 0.611918 0.611918 0.611918
 0.592156 0.592156 0.592156 0.592156 0.592156
 0.258618 0.258618 0.258618 0.258618 0.258618
 0.329598 0.329598 0.329598 0.329598 0.329598
 0.974893 0.974893 0.974893 0.974893 0.974893
 0.551497 0.551497 0.551497 0.551497 0.551497
 0.492295 0.492295 0.492295 0.492295 0.492295
YTP_r0W_actual
 4473.01 205673 1423.09 549.407 6494.56
YTP_p0W_proyectada
 30217.8 1137.41 25016.2 200.203 79.6983
 30217.8 20043.4 449.658 9329.36 83.0881
CTP_r0_actual
 520.118 8293.26 51.0069 14.7294 162.771
CTP_p0_proyectada
 4007.66 65.181 1039.31 6.39218 2.26095
 4007.66 1148.62 18.6813 297.872 2.35711
Wmedp
 7.54 17.45 24.07 31.32 35.25
Frms_r0
 0.492295 0.492295 0.492295 0.492295 0.492295
Zrms_r0
 1.4923 1.4923 1.4923 1.4923 1.4923
nmprior
 7.27 8.72 9 0
nm_flota  nm_reclas  nm_pelaces    nm_pelaL
0 6.08887 2.73966 4.09992
cv_recla  cv_pelaces  cv_mph
0.515323 0.642491 1.03679
 ------------------------------------------------
Talla a la edad & desviaci?n 
 8 13.2811 15.8009 17.003 17.5766
 0.8 1.32811 1.58009 1.7003 1.75766
