years
 1991 1992 1993 1994 1995 1996 1997 1998 1999 2000 2001 2002 2003 2004 2005 2006 2007 2008 2009 2010 2011 2012 2013 2014 2015 2016 2017 2018 2019 2020 2021 2022
reclasobs
 0 0 0 0 0 0 0 0 0 252601 567819 844713 477998 351125 339783 2.1784e+06 2.13404e+06 4.81314e+06 1.55562e+06 2.62356e+06 3.21686e+06 3.843e+06 1.13348e+06 3.07943e+06 1.97215e+06 2.03268e+06 2.025e+06 2.42433e+06 2.27542e+06 1.05018e+06 2.36338e+06 3.18982e+06
reclaspred
 7.86299e+06 2.39904e+06 1.09131e+06 849406 269375 3.24961e+06 1.82766e+06 823833 635804 251824 422505 808477 739791 554924 426403 1.73651e+06 970550 4.05716e+06 3.01714e+06 2.09743e+06 3.10285e+06 3.11541e+06 1.81786e+06 3.18145e+06 2.43181e+06 1.7592e+06 2.1886e+06 3.11964e+06 2.59331e+06 1.14185e+06 1.8285e+06 1.67551e+06
pelacesobs
 0 0 0 0 0 0 0 0 0 0 0 0 0 0 0 552880 188675 0 991730 2.46772e+06 1.41603e+06 1.21717e+06 2.29649e+06 1.80582e+06 0 1.4828e+06 1.56532e+06 1.57751e+06 1.42118e+06 867257 1.10002e+06 1.06204e+06
pelacespred
 6.58873e+06 1.85887e+06 618562 330792 116247 1.91133e+06 987711 637087 341140 93643.5 236363 349073 353612 245756 189003 765972 428524 2.30602e+06 1.65126e+06 1.00308e+06 1.56819e+06 1.57304e+06 1.00859e+06 2.02299e+06 1.50424e+06 1.09023e+06 1.4898e+06 1.96294e+06 1.65998e+06 740816 906083 989607
mphobs
 0 0 0 0 0 0 0 0 0 0 0 498337 0 5186 125008 0 168611 109162 213762 579715 649985 157893 87575 83554 0 0 0 0 0 0 0 0
mphpred
 1.52128e+06 642471 127794 126571 58251 19856.9 473798 139941 67146.7 44505.8 13469.1 60141.3 73609.8 48503.3 27061.8 30116.1 209801 72722.5 498181 229913 257115 275768 355009 159357 372563 276598 158999 228536 476265 220234 87057.4 276315
desembarqueobs
 494567 514787 250237 358949 120608 361735 552515 73892 212993 205616 52469 317467 293654 387597 252695 516296 358380 742168 942051 627588 828172 859565 418607 520667 417249 300574 415391 372974 316634 284311 391294 218835
desembarquepred
 494507 514497 249978 358642 120538 361577 551956 73874.7 212830 205430 52457.1 317204 293354 386998 252414 515812 358139 741504 940533 626505 827689 858625 418233 520374 416851 300319 415066 372699 316332 283897 390921 218789
Reclutas
 27638.3 18814 153803 58227.9 15557.3 291086 23046.7 6905.24 32511.8 32042.1 39697 104465 77815.4 68373.6 43623.5 250225 21246.4 421703 204371 206910 204111 397891 29667 167717 136474 39989 126677 164674 36350.4 35490.5 124560 17829.5
log_desv_Rt
 -0.899116 -1.28371 0.817352 -0.153954 -1.47379 1.4553 -1.08079 -2.28604 -0.736715 -0.751266 -0.537041 0.43053 0.136021 0.00666904 -0.442723 1.30404 -1.16213 1.82598 1.10162 1.11397 1.10035 1.76786 -0.828284 0.90396 0.697819 -0.529713 0.623323 0.88565 -0.625112 -0.649052 0.606469 -1.33747
SSB
 1.62047e+06 684360 136126 134824 62048.9 21151.6 504689 149065 71524.6 47407.6 14347.2 64062.4 78409.2 51665.7 28826.2 32079.6 223480 77464 530662 244903 273878 293748 378155 169747 396854 294632 169365 243437 507318 234593 92733.5 294331
BT
 2.06488e+06 994740 433152 385209 134506 1.3076e+06 778909 251503 338533 228988 157294 419842 421215 519772 339858 796345 416851 1.83195e+06 1.51695e+06 908081 1.38356e+06 1.40788e+06 669394 1.43076e+06 906335 629524 1.10051e+06 1.18336e+06 758578 514783 723659 485729
Ftot
 0.310667 0.984917 0.986807 1.60994 1.70238 0.48407 1.21189 0.426554 1.36653 2.63432 0.53928 1.52818 1.54058 2.40027 2.1321 1.20758 1.43115 0.778651 1.25135 1.2214 1.10273 1.13183 0.96781 0.710904 0.739482 0.746043 0.815173 0.522482 0.544414 1.0696 0.904582 0.576104
BD_Bspro_t
 0.951508 0.630188 0.251396 0.260724 0.112849 0.0540217 0.4752 0.193045 0.143448 0.11826 0.0533322 0.261286 0.192333 0.116852 0.0657232 0.0750849 0.248792 0.104677 0.360882 0.193155 0.178036 0.188275 0.239171 0.140786 0.304153 0.292738 0.236378 0.337931 0.485515 0.312938 0.184295 0.357125
BD_Bspro
 3.31459 1.39983 0.27844 0.275775 0.126918 0.0432646 1.03232 0.304905 0.1463 0.09697 0.0293466 0.131037 0.160382 0.10568 0.0589628 0.0656173 0.457118 0.158449 1.08544 0.500938 0.560205 0.600848 0.773499 0.34721 0.811746 0.602656 0.346429 0.497938 1.03769 0.47985 0.189682 0.60204
BD_Bo
 3.24777 1.37161 0.272827 0.270216 0.124359 0.0423924 1.01151 0.298758 0.143351 0.0950151 0.028755 0.128395 0.157149 0.103549 0.0577741 0.0642945 0.447903 0.155255 1.06356 0.490839 0.548912 0.588735 0.757905 0.340211 0.795382 0.590507 0.339445 0.4879 1.01677 0.470176 0.185858 0.589903
BD_Brms
 5.90504 2.49383 0.496049 0.491301 0.226108 0.077077 1.8391 0.543196 0.260638 0.172755 0.0522818 0.233446 0.285725 0.188271 0.105044 0.116899 0.814369 0.282281 1.93375 0.892434 0.998021 1.07043 1.37801 0.618565 1.44615 1.07365 0.617172 0.88709 1.84868 0.854866 0.337924 1.07255
Sel_flota
 0.707072 1 1 1 1
 0.707072 1 1 1 1
 0.707072 1 1 1 1
 0.707072 1 1 1 1
 0.707072 1 1 1 1
 0.707072 1 1 1 1
 0.707072 1 1 1 1
 0.707072 1 1 1 1
 0.707072 1 1 1 1
 0.707072 1 1 1 1
 0.707072 1 1 1 1
 0.707072 1 1 1 1
 0.707072 1 1 1 1
 0.707072 1 1 1 1
 0.707072 1 1 1 1
 0.707072 1 1 1 1
 0.707072 1 1 1 1
 0.707072 1 1 1 1
 0.707072 1 1 1 1
 0.707072 1 1 1 1
 0.707072 1 1 1 1
 0.707072 1 1 1 1
 0.707072 1 1 1 1
 0.707072 1 1 1 1
 0.707072 1 1 1 1
 0.707072 1 1 1 1
 0.707072 1 1 1 1
 0.707072 1 1 1 1
 0.707072 1 1 1 1
 0.707072 1 1 1 1
 0.707072 1 1 1 1
 0.707072 1 1 1 1
Sel_reclas
 0.599168 0.882668 0.974266 0.994779 0.998958
 0.599168 0.882668 0.974266 0.994779 0.998958
 0.599168 0.882668 0.974266 0.994779 0.998958
 0.599168 0.882668 0.974266 0.994779 0.998958
 0.599168 0.882668 0.974266 0.994779 0.998958
 0.599168 0.882668 0.974266 0.994779 0.998958
 0.599168 0.882668 0.974266 0.994779 0.998958
 0.599168 0.882668 0.974266 0.994779 0.998958
 0.599168 0.882668 0.974266 0.994779 0.998958
 0.599168 0.882668 0.974266 0.994779 0.998958
 0.599168 0.882668 0.974266 0.994779 0.998958
 0.599168 0.882668 0.974266 0.994779 0.998958
 0.599168 0.882668 0.974266 0.994779 0.998958
 0.599168 0.882668 0.974266 0.994779 0.998958
 0.599168 0.882668 0.974266 0.994779 0.998958
 0.599168 0.882668 0.974266 0.994779 0.998958
 0.599168 0.882668 0.974266 0.994779 0.998958
 0.599168 0.882668 0.974266 0.994779 0.998958
 0.599168 0.882668 0.974266 0.994779 0.998958
 0.599168 0.882668 0.974266 0.994779 0.998958
 0.599168 0.882668 0.974266 0.994779 0.998958
 0.599168 0.882668 0.974266 0.994779 0.998958
 0.599168 0.882668 0.974266 0.994779 0.998958
 0.599168 0.882668 0.974266 0.994779 0.998958
 0.599168 0.882668 0.974266 0.994779 0.998958
 0.599168 0.882668 0.974266 0.994779 0.998958
 0.599168 0.882668 0.974266 0.994779 0.998958
 0.599168 0.882668 0.974266 0.994779 0.998958
 0.599168 0.882668 0.974266 0.994779 0.998958
 0.599168 0.882668 0.974266 0.994779 0.998958
 0.599168 0.882668 0.974266 0.994779 0.998958
 0.599168 0.882668 0.974266 0.994779 0.998958
Sel_pelaces
 0.42731 0.789698 0.949743 0.989595 0.997915
 0.42731 0.789698 0.949743 0.989595 0.997915
 0.42731 0.789698 0.949743 0.989595 0.997915
 0.42731 0.789698 0.949743 0.989595 0.997915
 0.42731 0.789698 0.949743 0.989595 0.997915
 0.42731 0.789698 0.949743 0.989595 0.997915
 0.42731 0.789698 0.949743 0.989595 0.997915
 0.42731 0.789698 0.949743 0.989595 0.997915
 0.42731 0.789698 0.949743 0.989595 0.997915
 0.42731 0.789698 0.949743 0.989595 0.997915
 0.42731 0.789698 0.949743 0.989595 0.997915
 0.42731 0.789698 0.949743 0.989595 0.997915
 0.42731 0.789698 0.949743 0.989595 0.997915
 0.42731 0.789698 0.949743 0.989595 0.997915
 0.42731 0.789698 0.949743 0.989595 0.997915
 0.42731 0.789698 0.949743 0.989595 0.997915
 0.42731 0.789698 0.949743 0.989595 0.997915
 0.42731 0.789698 0.949743 0.989595 0.997915
 0.42731 0.789698 0.949743 0.989595 0.997915
 0.42731 0.789698 0.949743 0.989595 0.997915
 0.42731 0.789698 0.949743 0.989595 0.997915
 0.42731 0.789698 0.949743 0.989595 0.997915
 0.42731 0.789698 0.949743 0.989595 0.997915
 0.42731 0.789698 0.949743 0.989595 0.997915
 0.42731 0.789698 0.949743 0.989595 0.997915
 0.42731 0.789698 0.949743 0.989595 0.997915
 0.42731 0.789698 0.949743 0.989595 0.997915
 0.42731 0.789698 0.949743 0.989595 0.997915
 0.42731 0.789698 0.949743 0.989595 0.997915
 0.42731 0.789698 0.949743 0.989595 0.997915
 0.42731 0.789698 0.949743 0.989595 0.997915
 0.42731 0.789698 0.949743 0.989595 0.997915
pf_obs 
 0.8446 0.082 0.0669 0.0065 0
 0.8095 0.147 0.0364 0.0071 0
 0.9664 0.0169 0.016 0.0007 0
 0.9276 0.0648 0.0075 0.0001 0
 0.7033 0.2144 0.0806 0.0017 0
 0.9318 0.0425 0.0243 0.0014 0
 0.5671 0.3108 0.0964 0.0239 0.0018
 0.0768 0.2599 0.5324 0.112 0.0189
 0.490249 0.384438 0.106611 0.0170017 0.00170017
 0.7925 0.1577 0.0466 0.003 0.0002
 0.840416 0.127587 0.0312969 0.00059994 9.999e-05
 0.8084 0.0986 0.0794 0.0134 0.0002
 0.7335 0.1905 0.0724 0.0035 0.0001
 0.4001 0.4547 0.1325 0.0127 0
 0.49795 0.308269 0.164784 0.0264974 0.00249975
 0.9179 0.0499 0.0305 0.0017 0
 0.2467 0.6533 0.0926 0.0074 0
 0.9418 0.0223 0.034 0.0019 0
 0.707729 0.231977 0.0356964 0.0245975 0
 0.517169 0.277429 0.184464 0.0207286 0.00020938
 0.811772 0.124168 0.05621 0.00726502 0.000585176
 0.764997 0.148141 0.077277 0.00933861 0.000247198
 0.163321 0.427699 0.378323 0.0303852 0.000271297
 0.753843 0.0900009 0.118128 0.0371064 0.000921714
 0.721811 0.176058 0.0630433 0.0369309 0.00215725
 0.143369 0.312575 0.442814 0.0836902 0.0175525
 0.692698 0.0596174 0.167031 0.0765114 0.00414204
 0.394062 0.376323 0.152708 0.0712218 0.00568511
 0.125707 0.32114 0.495352 0.0537591 0.00404204
 0.23352 0.215282 0.420074 0.123614 0.00750983
 0.796117 0.104755 0.0508955 0.0450114 0.00322123
 0.162477 0.292055 0.404252 0.121198 0.0200186
pf_pred 
 0.166919 0.185272 0.570511 0.077297 9.7386e-07
 0.29375 0.162708 0.12088 0.372229 0.0504329
 0.935428 0.0267802 0.00870666 0.00646841 0.022617
 0.620201 0.365016 0.00613128 0.00199337 0.00665905
 0.587882 0.313634 0.0946506 0.00158987 0.00224362
 0.989432 0.0078164 0.00209393 0.000631921 2.55938e-05
 0.193688 0.800769 0.00409996 0.00109834 0.000344888
 0.299611 0.210348 0.486672 0.00249177 0.000877127
 0.846639 0.0605801 0.0278649 0.0644695 0.000446279
 0.847891 0.138528 0.00536474 0.0024676 0.00574869
 0.938258 0.0575904 0.00378106 0.000146428 0.00022426
 0.891445 0.104159 0.00410033 0.000269205 2.63924e-05
 0.82102 0.168278 0.0102686 0.000404235 2.91417e-05
 0.845744 0.138528 0.0147874 0.00090235 3.80829e-05
 0.881675 0.109799 0.00765679 0.000817334 5.198e-05
 0.981463 0.0174715 0.00098832 6.89203e-05 7.82487e-06
 0.303282 0.689424 0.00687441 0.000388868 3.01964e-05
 0.980868 0.00859548 0.0104264 0.000103964 6.33764e-06
 0.643807 0.351991 0.00188792 0.00229006 2.42267e-05
 0.802921 0.150786 0.0457464 0.000245362 0.000300775
 0.815657 0.162119 0.0170033 0.00515855 6.15848e-05
 0.890275 0.0971498 0.0110589 0.00115987 0.000356089
 0.247975 0.702725 0.0436498 0.00496881 0.000681128
 0.893079 0.0383735 0.0640539 0.00397871 0.000514996
 0.722792 0.258044 0.00687801 0.0114809 0.000805445
 0.454398 0.44122 0.097165 0.00258988 0.00462637
 0.866155 0.0769361 0.0460212 0.0101347 0.000752686
 0.811693 0.172144 0.00929062 0.00555742 0.00131474
 0.362128 0.555025 0.0757357 0.00408745 0.00302344
 0.591083 0.192106 0.188652 0.0257424 0.00241698
 0.918693 0.058119 0.0108936 0.0106977 0.00159681
 0.345637 0.621539 0.0234628 0.00439778 0.00496334
pobs_RECLAS
 0 0 0 0 0
 0 0 0 0 0
 0 0 0 0 0
 0 0 0 0 0
 0 0 0 0 0
 0 0 0 0 0
 0 0 0 0 0
 0 0 0 0 0
 0 0 0 0 0
 0 0 0 0 0
 0.991045 0.00858322 0.000360255 1.14367e-05 0
 0.934742 0.0480273 0.0164251 0.00080598 0
 0.827803 0.169806 0.00239088 0 0
 0.941827 0.0461693 0.0120037 0 0
 0.791401 0.0380133 0.147996 0.0225897 0
 0.846168 0.0940531 0.0597789 0 0
 0.134021 0.677848 0.182769 0.00536245 0
 0.80878 0.0450904 0.141981 0.00414843 0
 0.846168 0.0940531 0.0597789 0 0
 0.905697 0.0802665 0.012482 0.00150086 5.37128e-05
 0.989698 0.0102097 9.19794e-05 0 0
 0.975433 0.0193895 0.00387452 0.00125025 5.28907e-05
 0.303575 0.632131 0.0575291 0.00676475 0
 0.966965 0.00978017 0.0227588 0.000495775 0
 0.843318 0.132988 0.00938335 0.0141283 0.000182051
 0.564624 0.303363 0.111486 0.0197234 0.00080311
 0.826376 0.0876187 0.0782897 0.00655872 0.00115652
 0.89761 0.0855135 0.0140674 0.00269457 0.000114338
 0.34875 0.467042 0.161289 0.0227151 0.000203297
 0.318654 0.224769 0.449479 0.00709798 0
 0.937255 0.0296025 0.0250945 0.00804832 0
 0.456809 0.399803 0.12412 0.0192676 0
ppred_RECLAS
 0.152045 0.174151 0.591917 0.0818859 1.03601e-06
 0.27567 0.15252 0.12507 0.393237 0.0535032
 0.931128 0.0266236 0.009554 0.00724736 0.0254471
 0.629596 0.354337 0.00656957 0.00218084 0.0073159
 0.594505 0.301055 0.100283 0.00171995 0.00243737
 0.988867 0.00800664 0.00236748 0.000729517 2.96707e-05
 0.196015 0.797853 0.00450896 0.00123333 0.000388905
 0.279618 0.201685 0.515052 0.00269261 0.000951803
 0.840871 0.0586021 0.0297523 0.0702857 0.000488585
 0.86365 0.122861 0.00525179 0.00246651 0.00577028
 0.936537 0.058776 0.00425935 0.000168424 0.000259031
 0.894702 0.100604 0.00437139 0.000293044 2.88502e-05
 0.82583 0.162737 0.010961 0.000440578 3.18951e-05
 0.858864 0.125401 0.0147752 0.00092059 3.90159e-05
 0.88995 0.101345 0.00780065 0.000850222 5.42987e-05
 0.981631 0.0172091 0.0010745 7.65075e-05 8.72277e-06
 0.309652 0.68237 0.00751016 0.000433775 3.38251e-05
 0.979585 0.00867503 0.0116149 0.000118253 7.23901e-06
 0.647673 0.347693 0.00205839 0.00254941 2.70837e-05
 0.801665 0.148126 0.0496028 0.000271648 0.000334396
 0.814958 0.160619 0.0185941 0.00575996 6.90535e-05
 0.890095 0.0961338 0.0120789 0.00129352 0.000398789
 0.246703 0.699033 0.0479264 0.0055705 0.000766816
 0.885259 0.0385752 0.0710727 0.00450763 0.000585909
 0.718614 0.259798 0.00764338 0.0130271 0.000917759
 0.446419 0.438809 0.106662 0.00290287 0.00520726
 0.859822 0.0770302 0.0508592 0.011436 0.000852894
 0.806644 0.175046 0.0104276 0.00636887 0.00151304
 0.353934 0.554525 0.0835198 0.00460246 0.00341868
 0.579247 0.187069 0.202769 0.0282514 0.00266369
 0.915945 0.0581524 0.012031 0.0120634 0.00180823
 0.339756 0.623649 0.0259855 0.00497317 0.00563631
pobs_PELACES
 0 0 0 0 0
 0 0 0 0 0
 0 0 0 0 0
 0 0 0 0 0
 0 0 0 0 0
 0 0 0 0 0
 0 0 0 0 0
 0 0 0 0 0
 0 0 0 0 0
 0 0 0 0 0
 0 0 0 0 0
 0 0 0 0 0
 0 0 0 0 0
 0 0 0 0 0
 0 0 0 0 0
 0 0 0 0 0
 0.505614 0.472636 0.0217494 0 0
 0 0 0 0 0
 0.443492 0.261883 0.143347 0.151278 0
 0.227955 0.32914 0.350689 0.0885471 0.00366901
 0.970185 0.0296113 0.000203453 0 0
 0.997202 0.00247181 0.000326279 0 0
 0.445219 0.490057 0.0546422 0.010081 0
 0.90214 0.0892962 0.00764917 0.000914606 0
 0 0 0 0 0
 0.581667 0.319106 0.0959925 0.00289975 0.000334073
 0.762889 0.0836404 0.116647 0.0363945 0.000428098
 0.88444 0.0763242 0.0277011 0.0115352 0
 0.521256 0.241999 0.230069 0.00667565 0
 0.616807 0.101726 0.260614 0.0208532 0
 0.833518 0.0704572 0.0857862 0.0102388 0
 0.697417 0.212968 0.0787535 0.0105354 0.000325836
ppred_PELACES
 0.120666 0.168254 0.623112 0.0879663 1.1176e-06
 0.235233 0.148442 0.132631 0.425551 0.0581424
 0.917412 0.0299133 0.0116963 0.00905407 0.031924
 0.611789 0.36969 0.00746832 0.00252995 0.00852258
 0.573803 0.30921 0.112228 0.00196422 0.0027952
 0.986351 0.00956074 0.00308029 0.000968598 3.95595e-05
 0.179211 0.813935 0.00501196 0.00139899 0.000442989
 0.232458 0.201843 0.561639 0.00299627 0.00106358
 0.818419 0.0626989 0.0346842 0.0836143 0.000583672
 0.865705 0.119763 0.00557803 0.00267337 0.00628041
 0.924865 0.0691167 0.00545747 0.000220219 0.000340109
 0.886616 0.107892 0.00510806 0.000349438 3.45464e-05
 0.813455 0.17327 0.012716 0.000521586 3.79178e-05
 0.858282 0.124654 0.0160032 0.00101752 4.33044e-05
 0.88719 0.103136 0.00864982 0.000962079 6.16998e-05
 0.979423 0.019167 0.00130396 9.47472e-05 1.08476e-05
 0.290865 0.700204 0.0083969 0.000494922 3.87549e-05
 0.975132 0.0100479 0.0146583 0.000152294 9.36189e-06
 0.622862 0.371678 0.00239753 0.00303025 3.23268e-05
 0.779983 0.160663 0.0586214 0.000327611 0.000404976
 0.794124 0.176492 0.0222622 0.00703744 8.4722e-05
 0.876843 0.106492 0.0145791 0.00159323 0.000493247
 0.22165 0.717513 0.0536009 0.0063576 0.000878831
 0.861339 0.0439579 0.0882462 0.00571142 0.00074549
 0.684468 0.289014 0.00926474 0.0161138 0.00113997
 0.40407 0.463594 0.122783 0.00341003 0.00614264
 0.835401 0.0867751 0.0624264 0.0143243 0.00107278
 0.77604 0.200858 0.0130373 0.00812581 0.00193852
 0.312424 0.582582 0.0956071 0.00537642 0.00401031
 0.536483 0.196002 0.231486 0.0329128 0.00311619
 0.901879 0.0658174 0.0148368 0.0151814 0.00228512
 0.301372 0.656385 0.0297999 0.00581995 0.00662364
pobs_pel_tallas
 0 0 0 0 0 0 0 0 0 0 0 0 0 0 0 0 0 0 0 0 0 0 0 0 0 0
 0 0 0 0 0 0 0 0 0 0 0 0 0 0 0 0 0 0 0 0 0 0 0 0 0 0
 0 0 0 0 0 0 0 0 0 0 0 0 0 0 0 0 0 0 0 0 0 0 0 0 0 0
 0 0 0 0 0 0 0 0 0 0 0 0 0 0 0 0 0 0 0 0 0 0 0 0 0 0
 0 0 0 0 0 0 0 0 0 0 0 0 0 0 0 0 0 0 0 0 0 0 0 0 0 0
 0 0 0 0 0 0 0 0 0 0 0 0 0 0 0 0 0 0 0 0 0 0 0 0 0 0
 0 0 0 0 0 0 0 0 0 0 0 0 0 0 0 0 0 0 0 0 0 0 0 0 0 0
 0 0 0 0 0 0 0 0 0 0 0 0 0 0 0 0 0 0 0 0 0 0 0 0 0 0
 0 0 0 0 0 0 0 0 0 0 0 0 0 0 0 0 0 0 0 0 0 0 0 0 0 0
 0 0 0 0 0 0 0 0 0 0 0 0 0 0 0 0 0 0 0 0 0 0 0 0 0 0
 0 0 0 0 0 0 0 0 0 0 0 0 0 0 0 0 0 0 0 0 0 0 0 0 0 0
 0 0 0 0 0 0 0 0 0 0 0 0 0 0 0 0 0 0 0 0 0 0 0 0 0 0
 0.00862536 0 0 0.000197151 0.00414017 0.0128641 0.00837892 0.0270097 0.101434 0.158115 0.152841 0.127902 0.109271 0.109419 0.0830992 0.0579132 0.0238553 0.00714673 0.00463305 0.00128148 0.00103504 0.000492878 0.000147863 0.000147863 4.92878e-05 0
 0 0 0 0 0 0 0 0 0 0 0 0 0 0 0 0 0 0 0 0 0 0 0 0 0 0
 0 0 0 0 0 0 0 0.0054083 0.00873648 0.0413646 0.0450493 0.0745869 0.0622846 0.0627006 0.0613931 0.0827291 0.12552 0.122667 0.0946155 0.0697135 0.0546179 0.0294188 0.0215738 0.0213955 0.0102223 0.00600262
 0 0 0 0 0.00359764 0.0251062 0.0480494 0.140153 0.205849 0.193036 0.1447 0.116669 0.0760912 0.0342217 0.00950174 0.001854 0.000860785 0 0 0 0.000165536 0 0.000143464 0 0 0
 0 0 0 0 0 0 0 0.000145254 0.000435761 0.0275982 0.070085 0.0708112 0.156366 0.174668 0.174014 0.160142 0.0824315 0.0480064 0.0283245 0.00493863 0.00203355 0 0 0 0 0
 0 0 0 0 0 0 0 0 0 0 0 0 0 0 0 0 0 0 0 0 0 0 0 0 0 0
 0 0 1.00437e-05 0.000401748 0.00122533 0.00171747 0.00176769 0.0269171 0.070346 0.194647 0.189555 0.159765 0.064822 0.0314167 0.0384472 0.0292271 0.0345202 0.0313363 0.0194345 0.0106764 0.0143323 0.0359363 0.0279516 0.0138201 0.00172751 0
 0 0.0021121 0.0136068 0.0755702 0.200478 0.177729 0.0527432 0.0373336 0.0318909 0.0142505 0.0149659 0.0166563 0.0217959 0.0798694 0.0677717 0.0528807 0.04013 0.0224614 0.0357745 0.0225083 0.00881397 0.00855152 0.00135912 0.000746735 0 0
 0 0 0 0 5.4009e-05 0.00500934 0.000945158 0.0243581 0.138947 0.33067 0.221406 0.137944 0.0707744 0.0437923 0.0131692 0.00525238 0.0047753 0.00276346 9.45158e-05 9.00151e-06 2.25038e-05 9.00151e-06 4.50075e-06 0 0 0
 0.000866109 0.00284123 0.00948549 0.0512746 0.133035 0.25785 0.225252 0.132002 0.0553304 0.0519788 0.0540692 0.017754 0.00435017 0.00159236 0.00146478 0.000404838 0.000125132 0.000115318 0.000107957 0.000100596 0 0 0 0 0 0
 0 0 0 0 0.00144013 0.00171154 0.00461396 0.0210425 0.0478622 0.0707936 0.0888783 0.103762 0.0637923 0.0337046 0.0602308 0.124433 0.169614 0.0934646 0.0462172 0.0250306 0.0313229 0.00938855 0.002487 0.000210481 0 0
 0 0.00764035 0.051015 0.0998891 0.058973 0.0496711 0.0374665 0.0718981 0.12319 0.153886 0.159021 0.0857701 0.0377988 0.023471 0.0147837 0.00900784 0.00315554 0.000888139 0.00291439 0.00214683 0.00393193 0.00274676 0.000635225 9.99891e-05 0 0
 0 0 0 0 0 0 0 0 0 0 0 0 0 0 0 0 0 0 0 0 0 0 0 0 0 0
 0 0 0 0 0 0 0 0 0 0 0 0 0 0 0 0 0 0 0 0 0 0 0 0 0 0
 0 0 0 0 0 0 0 0 0 0 0 0 0 0 0 0 0 0 0 0 0 0 0 0 0 0
 0 0 0 0 0 0 0 0 0 0 0 0 0 0 0 0 0 0 0 0 0 0 0 0 0 0
 0 0 0 0 0 0 0 0 0 0 0 0 0 0 0 0 0 0 0 0 0 0 0 0 0 0
 0 0 0 0 0 0 0 0 0 0 0 0 0 0 0 0 0 0 0 0 0 0 0 0 0 0
 0 0 0 0 0 0 0 0 0 0 0 0 0 0 0 0 0 0 0 0 0 0 0 0 0 0
 0 0 0 0 0 0 0 0 0 0 0 0 0 0 0 0 0 0 0 0 0 0 0 0 0 0
ppred_pel_tallas
 1.26847e-16 9.93911e-06 9.66117e-05 0.00064202 0.00291854 0.00908075 0.0193481 0.0282427 0.0282599 0.0194325 0.00936673 0.00375676 0.0027921 0.00494263 0.00965996 0.0171192 0.0273753 0.040089 0.0547358 0.0708102 0.0875738 0.103439 0.115691 0.121184 0.117793 0.10564
 1.56382e-16 1.93759e-05 0.000188341 0.00125159 0.00568955 0.0177024 0.0377174 0.0550527 0.0550673 0.0377891 0.0179442 0.00639278 0.00303543 0.00414663 0.00773364 0.0132964 0.0204969 0.028795 0.0378601 0.0480841 0.0605112 0.0759694 0.0939255 0.111945 0.126252 0.133134
 1.06656e-16 7.5566e-05 0.000734529 0.0048812 0.0221892 0.069039 0.147095 0.21469 0.214693 0.147109 0.0690867 0.0223274 0.00522929 0.00149848 0.00153907 0.00245995 0.00362483 0.00476051 0.00566513 0.00629999 0.00683541 0.00754581 0.00861801 0.01001 0.0114481 0.0125447
 1.02007e-16 5.03923e-05 0.000489831 0.0032551 0.0147972 0.0460399 0.0980942 0.143179 0.143214 0.0982679 0.046623 0.0164805 0.00747694 0.0096947 0.0174986 0.0287614 0.0412228 0.0514127 0.0558374 0.052902 0.0438933 0.0321752 0.0212575 0.013213 0.00833963 0.00582367
 1.03988e-16 4.72635e-05 0.000459418 0.00305299 0.0138785 0.0431813 0.0920034 0.134288 0.134318 0.0921496 0.0436724 0.0152982 0.00662166 0.00826581 0.0149195 0.0247102 0.0358677 0.0456723 0.0513494 0.0515627 0.0471284 0.0403187 0.0333705 0.0274121 0.0224429 0.0180094
 1.00196e-16 8.12444e-05 0.000789725 0.005248 0.0238566 0.0742269 0.158148 0.230822 0.230823 0.158153 0.074242 0.0239005 0.00535828 0.00103095 0.000540759 0.000769016 0.00110838 0.00141143 0.0015886 0.00160011 0.00147348 0.0012809 0.00109178 0.000938446 0.000815346 0.000701492
 1.00568e-16 1.47615e-05 0.000143488 0.000953529 0.00433465 0.0134871 0.0287386 0.0419613 0.0420396 0.029121 0.0147705 0.008039 0.0102432 0.0203936 0.0383873 0.0632127 0.0905286 0.112726 0.122065 0.114981 0.0942825 0.0673993 0.0421456 0.0232311 0.011492 0.00530895
 1.1674e-16 1.91473e-05 0.000186119 0.00123682 0.00562243 0.0174936 0.0372727 0.0544048 0.0544251 0.0373721 0.0178299 0.00660422 0.00374044 0.00578085 0.0110221 0.0191716 0.0298864 0.0422836 0.055272 0.0680166 0.0799034 0.0899575 0.0964113 0.0971395 0.0908478 0.0780999
 1.09502e-16 6.74121e-05 0.00065527 0.0043545 0.0197949 0.0615894 0.131223 0.191525 0.191531 0.131253 0.06169 0.0200865 0.00509011 0.00227401 0.00318096 0.00525937 0.00783377 0.0104378 0.012678 0.0144599 0.0160577 0.0178777 0.0200821 0.0223713 0.0240861 0.0245417
 1.01523e-16 7.1307e-05 0.000693129 0.00460609 0.0209386 0.0651479 0.138805 0.202592 0.202604 0.138861 0.0653369 0.0214844 0.00597527 0.00367945 0.0057353 0.00934929 0.0134165 0.0167807 0.0183209 0.0175322 0.0148359 0.0113124 0.0080732 0.00575009 0.00439462 0.00370396
 1.00255e-16 7.618e-05 0.000740496 0.00492086 0.0223695 0.0695999 0.14829 0.216435 0.216442 0.148323 0.069709 0.0226846 0.00571152 0.00246529 0.00334821 0.005405 0.00775574 0.00970396 0.0105959 0.01013 0.00853375 0.00641337 0.00439893 0.00285944 0.00184995 0.00123844
 1.00216e-16 7.30294e-05 0.000709872 0.00471735 0.0214444 0.0667215 0.142158 0.207485 0.207496 0.142208 0.0668918 0.0219359 0.00595034 0.00339871 0.00517141 0.00841215 0.0120599 0.0150574 0.0163811 0.0155591 0.0129534 0.00952626 0.00628396 0.00382392 0.0022442 0.00133704
 1.00471e-16 6.70032e-05 0.000651295 0.00432809 0.0196749 0.0612159 0.130428 0.190366 0.190383 0.130509 0.0614895 0.0204648 0.00630982 0.00497406 0.00826671 0.013534 0.019427 0.0242962 0.0265071 0.0253024 0.0212525 0.0158805 0.0107724 0.00686151 0.00429398 0.00274455
 1.00604e-16 7.06955e-05 0.000687186 0.00456659 0.0207591 0.0645892 0.137615 0.200855 0.200867 0.137673 0.0647863 0.0213281 0.0059948 0.00380427 0.00598845 0.0097823 0.0140703 0.017661 0.0193885 0.0187097 0.0160201 0.0123809 0.00888618 0.00616393 0.00429615 0.00305614
 1.00383e-16 7.30767e-05 0.000710331 0.0047204 0.0214583 0.0667647 0.14225 0.20762 0.207629 0.142298 0.0669276 0.0219286 0.00590045 0.00328469 0.00495724 0.0080664 0.0115814 0.0144967 0.0158402 0.0151628 0.0128024 0.00966037 0.00667194 0.00438269 0.00287152 0.00194162
 1.00054e-16 8.06738e-05 0.000784178 0.00521114 0.0236891 0.0737055 0.157038 0.229201 0.229203 0.157047 0.0737358 0.0237765 0.00543033 0.00126227 0.000987482 0.00150172 0.00214809 0.00268545 0.0029285 0.00279332 0.00234333 0.00174753 0.00118194 0.000750202 0.000468414 0.000300087
 1.00478e-16 2.39583e-05 0.000232883 0.00154759 0.00703518 0.0218894 0.0466402 0.0680869 0.0681542 0.0469692 0.0229936 0.0102224 0.00954056 0.0176574 0.0330448 0.0544043 0.0779287 0.0970695 0.10517 0.0991648 0.0814562 0.0584148 0.0367382 0.0204588 0.0102929 0.00486303
 1.00443e-16 8.03204e-05 0.000780742 0.00518831 0.0235853 0.0733826 0.156349 0.228197 0.228198 0.156354 0.0733989 0.0236327 0.0053082 0.00104567 0.000592798 0.000877114 0.00131178 0.00176536 0.00215913 0.00245024 0.00263925 0.00274447 0.00276568 0.00267495 0.00244313 0.00207505
 1.00474e-16 5.13044e-05 0.000498697 0.00331402 0.0150651 0.0468732 0.0998696 0.14577 0.145806 0.100044 0.0474592 0.0167567 0.00755632 0.00974653 0.017576 0.0288742 0.0413519 0.0515024 0.0557922 0.052599 0.0432081 0.0310115 0.0195708 0.0110233 0.00573361 0.00294643
 1.01835e-16 6.42462e-05 0.000624496 0.00414999 0.0188653 0.058697 0.125061 0.182533 0.182549 0.125137 0.0589521 0.019603 0.00600423 0.00468058 0.00779149 0.0128411 0.0186341 0.0237241 0.0266644 0.0267567 0.0244206 0.0208333 0.0171569 0.0139827 0.0113217 0.00895317
 1.01408e-16 6.54109e-05 0.000635818 0.00422523 0.0192073 0.0597611 0.127328 0.185843 0.18586 0.127411 0.0600401 0.0200131 0.00624775 0.00505034 0.00844748 0.0138569 0.0199432 0.025054 0.0275506 0.0266759 0.0230001 0.018028 0.0132972 0.00966796 0.00721523 0.00557581
 1.00692e-16 7.22244e-05 0.000702047 0.00466535 0.021208 0.065986 0.140591 0.205198 0.205209 0.140641 0.0661544 0.0216943 0.00588588 0.00336616 0.00513093 0.00836551 0.0120372 0.0151217 0.0166258 0.0160881 0.0138466 0.0108043 0.00788804 0.00562347 0.00406991 0.00302592
 1.02517e-16 1.82571e-05 0.000177466 0.00117933 0.00536109 0.0166807 0.0355426 0.0518899 0.051959 0.03588 0.0178136 0.0086323 0.00938649 0.0180804 0.0339796 0.0560419 0.0804819 0.100684 0.109907 0.105025 0.0884066 0.0663562 0.0454243 0.0294455 0.0189855 0.012662
 1.03257e-16 7.09474e-05 0.000689634 0.00458286 0.020833 0.0648192 0.138104 0.201568 0.201573 0.138126 0.0648914 0.0210431 0.00511646 0.00187481 0.00238122 0.00397891 0.00608392 0.00839634 0.0106347 0.0126264 0.0143273 0.0156978 0.0165648 0.0166351 0.0156752 0.0137055
 1.02151e-16 5.63788e-05 0.000548022 0.0036418 0.0165551 0.0515092 0.109747 0.160185 0.160212 0.109883 0.0519653 0.0178717 0.00694455 0.00775071 0.0137145 0.0225291 0.032323 0.0403888 0.0440163 0.0419761 0.0352756 0.0265182 0.0183892 0.0124281 0.00878808 0.00678344
 1.05044e-16 3.32828e-05 0.000323521 0.00214991 0.00977322 0.0304083 0.0647898 0.0945721 0.0946168 0.0650086 0.0311432 0.0118968 0.00748431 0.0119816 0.0222118 0.0367654 0.0531821 0.0673347 0.0750032 0.074186 0.0662195 0.054743 0.0434088 0.0341659 0.0271171 0.0214811
 1.03442e-16 6.88109e-05 0.000668867 0.00444485 0.0202057 0.0628674 0.133946 0.1955 0.195508 0.133987 0.0630063 0.020608 0.00545866 0.00289515 0.00433552 0.00715956 0.0105431 0.0137527 0.0160781 0.017176 0.017226 0.0167119 0.0160218 0.0152149 0.0141038 0.012512
 1.01571e-16 6.39214e-05 0.000621339 0.00412902 0.0187699 0.0584003 0.124429 0.181611 0.181631 0.124523 0.0587174 0.0196856 0.00642649 0.00563311 0.00957163 0.0156953 0.0225401 0.0282137 0.0308371 0.0295524 0.0250419 0.0190837 0.0135083 0.00936039 0.00674482 0.00520932
 1.04126e-16 2.57341e-05 0.000250144 0.0016623 0.00755661 0.0235117 0.0500963 0.0731288 0.0731849 0.0503707 0.0244333 0.0102186 0.00834483 0.0148402 0.0277403 0.0458327 0.0660482 0.0831047 0.0916096 0.0890374 0.0771978 0.0609526 0.0452764 0.032967 0.0243236 0.0182854
 1.10559e-16 4.41894e-05 0.000429537 0.00285442 0.0129758 0.0403727 0.0860189 0.125551 0.12557 0.086113 0.0406894 0.0138947 0.00517667 0.00555077 0.00992204 0.016729 0.0250167 0.0333825 0.0403637 0.0451947 0.0480712 0.0496318 0.0501549 0.0492397 0.0462163 0.0408359
 1.02355e-16 7.42866e-05 0.000722092 0.00479856 0.0218136 0.0678701 0.144605 0.211056 0.211062 0.144636 0.0679745 0.0221152 0.00555641 0.00237898 0.00322854 0.00524034 0.00759185 0.0096577 0.0108605 0.01095 0.0101497 0.00899274 0.00797733 0.00730991 0.00689196 0.00648707
 1.02733e-16 2.48237e-05 0.000241295 0.0016035 0.0072893 0.0226801 0.0483246 0.0705444 0.0706075 0.0486332 0.0237159 0.0102797 0.00910492 0.0166003 0.0310447 0.0511558 0.0733891 0.0916577 0.099775 0.094894 0.0792417 0.0586916 0.0393636 0.0248598 0.0157108 0.0105666
pSPR Fmed_Fpbrs
0.558968   0.6 0.325
Fs Fmed_Fpbrs
0.341307   0.295599 0.730825
SSBpbr Bo_Bmed_Bpbrs
498948  253949  274421 137211
Ro
67919.2
SPR SPRFo_SPRFmed_SPRFpbrs
488889 273274 158889
Fref
0.295599
Nvult_r0
 13465 19173.5 723.789 135.664 153.111
CTP_r0
 3897.35 7008.38 264.562 49.5886 55.9658
YTP_r0
218789
Np
 66226.3 19768.1 1194.71 1368.18 65.7857
Nvult_p0
 46458.2 14356.9 867.68 993.661 47.7779
CTP_p0
 8031.55 723.208 828.212 31.2645 7.07186
 8031.55 3275.61 197.966 226.71 10.9008
YTP_p0
 94341.4 129967
CBA_c0
213373
log_Ro
10.9461
likeval ReclasPelacesDesembMPH_pf_preclas_ppelaces_ptallas_desvR_qrecl_qpela
 14.6659 15.8448 0.138542 0.000857114 273.484 128.109 125.889 0 48.9108 0.000145821 0.000270816 0.00475977 6.91887e-16 0 0
q_reclas_q_pelaces
5.51654 10.2502
M
1
N
 27638.3 22489.4 69252.1 9382.79 0.118213
 18814 8162.4 6064.06 18673.2 2530.01
 153803 3449.39 1121.45 833.153 2913.15
 58227.9 28160.7 473.023 153.787 513.74
 15557.3 6862.17 2070.91 34.7858 49.0894
 291086 1717.42 460.078 138.845 5.62346
 23046.7 76046.6 389.361 104.306 32.753
 6905.24 3598.91 8326.6 42.6325 15.007
 32511.8 1878.88 864.224 1999.51 13.8413
 32042.1 4551.08 176.249 81.0687 188.863
 39697 1830.15 120.157 4.65331 7.12672
 104465 9973.85 392.632 25.778 2.52723
 77815.4 13043.9 795.958 31.3338 2.25889
 68373.6 9631.47 1028.12 62.7378 2.64779
 43623.5 4608.14 321.348 34.3027 2.18155
 250225 3553.9 201.035 14.0191 1.59166
 21246.4 39193.6 390.809 22.107 1.71666
 421703 2841.29 3446.51 34.3659 2.09495
 204371 89455.2 479.797 581.997 6.157
 206910 31035.7 9415.79 50.5019 61.9074
 204111 32094 3366.06 1021.21 12.1916
 397891 34430.9 3919.39 411.071 126.202
 29667 65752 4084.19 464.917 63.7312
 167717 5505.36 9189.67 570.816 73.8853
 136474 37323.3 994.832 1660.59 116.499
 39989 29763.1 6554.4 174.704 312.078
 126677 8680.67 5192.56 1143.5 84.9253
 164674 26186.8 1413.3 845.4 199.999
 36350.4 41868.6 5713.16 308.339 228.074
 35490.5 9099.92 8936.3 1219.4 114.49
 124560 6128.69 1148.74 1128.08 168.385
 17829.5 24171.7 912.468 171.03 193.024
pred_Ctot
 3507.65 3893.3 11988.7 1624.32 0.0204647
 6307.49 3493.72 2595.58 7992.61 1082.91
 51636.7 1478.3 480.618 357.064 1248.48
 27344.4 16093.4 270.326 87.8872 293.595
 7559.62 4033.04 1217.12 20.4443 28.8509
 54834 433.182 116.045 35.0208 1.4184
 8974.53 37103.7 189.972 50.8914 15.9804
 1164.7 817.697 1891.86 9.6864 3.4097
 13740.3 983.17 452.226 1046.29 7.24277
 19658.1 3211.73 124.38 57.2108 133.282
 8205.08 503.629 33.0654 1.28052 1.96116
 47479.7 5547.65 218.39 14.3382 1.4057
 35549.2 7286.22 444.617 17.5029 1.2618
 40123.8 6572.07 701.543 42.8093 1.80673
 24090 3000.03 209.206 22.332 1.42025
 97197.3 1730.26 97.8763 6.82538 0.77492
 9257.1 21043.3 209.828 11.8694 0.921686
 117972 1033.81 1254.01 12.5041 0.762248
 81370 44487.7 238.612 289.438 3.06199
 81011.3 15213.7 4615.61 24.756 30.3469
 74338.9 14775.5 1549.68 470.149 5.61283
 147647 16111.7 1834.05 192.357 59.0551
 9816.51 27818.5 1727.95 196.698 26.9636
 43618.5 1874.19 3128.43 194.323 25.1527
 36638.7 13080.4 348.65 581.974 40.8284
 10812 10498.4 2311.95 61.6237 110.08
 36743 3263.69 1952.26 429.924 31.9296
 33129.3 7026.09 379.197 226.826 53.6612
 7574.2 11608.8 1584.07 85.4924 63.2377
 12643.7 4109.29 4035.41 550.649 51.7009
 39161.2 2477.44 464.363 456.014 68.0675
 3897.35 7008.38 264.562 49.5886 55.9658
F
 0.219664 0.310667 0.310667 0.310667 0.310667
 0.696408 0.984917 0.984917 0.984917 0.984917
 0.697744 0.986807 0.986807 0.986807 0.986807
 1.13834 1.60994 1.60994 1.60994 1.60994
 1.20371 1.70238 1.70238 1.70238 1.70238
 0.342273 0.48407 0.48407 0.48407 0.48407
 0.856895 1.21189 1.21189 1.21189 1.21189
 0.301604 0.426554 0.426554 0.426554 0.426554
 0.966239 1.36653 1.36653 1.36653 1.36653
 1.86265 2.63432 2.63432 2.63432 2.63432
 0.38131 0.53928 0.53928 0.53928 0.53928
 1.08053 1.52818 1.52818 1.52818 1.52818
 1.0893 1.54058 1.54058 1.54058 1.54058
 1.69716 2.40027 2.40027 2.40027 2.40027
 1.50755 2.1321 2.1321 2.1321 2.1321
 0.853848 1.20758 1.20758 1.20758 1.20758
 1.01193 1.43115 1.43115 1.43115 1.43115
 0.550563 0.778651 0.778651 0.778651 0.778651
 0.884796 1.25135 1.25135 1.25135 1.25135
 0.863616 1.2214 1.2214 1.2214 1.2214
 0.779711 1.10273 1.10273 1.10273 1.10273
 0.800287 1.13183 1.13183 1.13183 1.13183
 0.684312 0.96781 0.96781 0.96781 0.96781
 0.50266 0.710904 0.710904 0.710904 0.710904
 0.522867 0.739482 0.739482 0.739482 0.739482
 0.527507 0.746043 0.746043 0.746043 0.746043
 0.576387 0.815173 0.815173 0.815173 0.815173
 0.369433 0.522482 0.522482 0.522482 0.522482
 0.38494 0.544414 0.544414 0.544414 0.544414
 0.756286 1.0696 1.0696 1.0696 1.0696
 0.639605 0.904582 0.904582 0.904582 0.904582
 0.407348 0.576104 0.576104 0.576104 0.576104
YTP_r0W_actual
 33517.2 173808 7381.29 1849.66 2233.04
YTP_p0W_proyectada
 60557.9 12620 19935.1 979.206 249.283
 60557.9 57159.4 4765.05 7100.55 384.254
CTP_r0_actual
 3897.35 7008.38 264.562 49.5886 55.9658
CTP_p0_proyectada
 8031.55 723.208 828.212 31.2645 7.07186
 8031.55 3275.61 197.966 226.71 10.9008
Wmedp
 7.54 17.45 24.07 31.32 35.25
Frms_r0
 0.407348 0.576104 0.576104 0.576104 0.576104
Zrms_r0
 1.40735 1.5761 1.5761 1.5761 1.5761
nmprior
 7.27 8.72 9 0
nm_flota  nm_reclas  nm_pelaces    nm_pelaL
inf 17.0341 7.4669 16.6877
cv_recla  cv_pelaces  cv_mph
0.338787 0.436048 0.903493
 ------------------------------------------------
Talla a la edad & desviaci?n 
 8 13.2811 15.8009 17.003 17.5766
 0.8 1.32811 1.58009 1.7003 1.75766
