years
 1991 1992 1993 1994 1995 1996 1997 1998 1999 2000 2001 2002 2003 2004 2005 2006 2007 2008 2009 2010 2011 2012 2013 2014 2015 2016 2017 2018 2019 2020 2021 2022
reclasobs
 0 0 0 0 0 0 0 0 0 252601 567819 844713 477998 351125 339783 2.1784e+06 2.13404e+06 4.81314e+06 1.55562e+06 2.62356e+06 3.21686e+06 3.843e+06 1.13348e+06 3.07943e+06 1.97215e+06 2.03268e+06 2.025e+06 2.42433e+06 2.27542e+06 1.05018e+06 2.36338e+06 3.18982e+06
reclaspred
 3.43324e+06 1.96075e+06 995614 977611 969889 1.4348e+06 981572 898361 663268 496744 512214 628056 623408 515999 534653 1.26549e+06 1.30419e+06 2.69465e+06 2.2501e+06 1.69956e+06 3.01037e+06 2.46046e+06 2.02847e+06 3.04885e+06 2.30573e+06 2.05719e+06 2.38514e+06 2.53652e+06 2.16659e+06 1.54884e+06 2.04845e+06 2.28533e+06
pelacesobs
 0 0 0 0 0 0 0 0 0 0 0 0 0 0 0 552880 188675 0 991730 2.46772e+06 1.41603e+06 1.21717e+06 2.29649e+06 1.80582e+06 0 1.4828e+06 1.56532e+06 1.57751e+06 1.42118e+06 867257 1.10002e+06 1.06204e+06
pelacespred
 1.90392e+06 1.22531e+06 633858 505021 507557 773561 514224 548135 404375 291162 303270 314727 340195 305035 319672 621022 636421 1.48906e+06 1.31217e+06 928612 1.54232e+06 1.40413e+06 1.1345e+06 1.84404e+06 1.36148e+06 1.20354e+06 1.58003e+06 1.52487e+06 1.16732e+06 965396 1.10011e+06 1.22651e+06
mphobs
 0 0 0 0 0 0 0 0 0 0 0 498337 0 5186 125008 0 168611 109162 213762 579715 649985 157893 87575 83554 0 0 0 0 0 0 0 0
mphpred
 508718 340726 174194 94324.6 103672 113641 145159 100526 88239.6 63887.2 43279.5 58692.9 63271.1 55191.3 41306.7 51829.8 146376 147725 264400 207033 222046 271998 261165 221540 299159 247134 205892 214824 299060 215613 151716 252600
desembarqueobs
 494567 514787 250237 358949 120608 361735 552515 73892 212993 205616 52469 317467 293654 387597 252695 516296 358380 742168 942051 627588 828172 859565 418607 520667 417249 300574 415391 372974 316634 284311 391294 218835
desembarquepred
 494572 513275 251015 358967 120611 361747 552561 73894.7 213028 205649 52470.8 317526 293706 387657 252701 516283 358398 742104 941929 627509 828229 859603 418619 520687 417253 300577 415394 372967 316633 284314 391281 218837
Reclutas
 252101 146482 148587 266645 214945 342595 148535 73765.3 66007.5 84087.6 154127 188954 157687 113738 120662 620417 148857 935251 543200 410815 634863 857185 190374 551603 462535 215580 465840 537380 176641 165423 451753 203689
log_desv_Rt
 0.026314 -0.516614 -0.502345 0.0824019 -0.133135 0.333033 -0.502697 -1.20263 -1.31375 -1.07166 -0.46574 -0.262014 -0.442902 -0.769621 -0.71052 0.926876 -0.500527 1.3373 0.793961 0.514626 0.949893 1.25014 -0.254525 0.809312 0.633205 -0.130185 0.640326 0.783189 -0.329396 -0.395014 0.609619 -0.186922
SSB
 5.23622e+06 3.50708e+06 1.79297e+06 970879 1.06709e+06 1.1697e+06 1.49412e+06 1.03471e+06 908247 657588 445475 604123 651247 568082 425168 533482 1.50664e+06 1.52052e+06 2.72146e+06 2.13098e+06 2.28551e+06 2.79967e+06 2.68816e+06 2.28031e+06 3.07923e+06 2.54375e+06 2.11924e+06 2.21117e+06 3.07821e+06 2.2193e+06 1.56161e+06 2.6e+06
BT
 6.83125e+06 4.63904e+06 2.3907e+06 2.00646e+06 1.80442e+06 2.91397e+06 2.23143e+06 1.90971e+06 1.57367e+06 1.18038e+06 1.06753e+06 1.32945e+06 1.41396e+06 1.4319e+06 1.33095e+06 2.51356e+06 2.4241e+06 5.66836e+06 5.33169e+06 3.69845e+06 5.86472e+06 5.53988e+06 4.18632e+06 6.69281e+06 4.97074e+06 4.31979e+06 5.74399e+06 5.48093e+06 4.19084e+06 3.526e+06 4.03594e+06 4.30071e+06
Ftot
 0.0822988 0.148033 0.143578 0.218436 0.0735462 0.152426 0.319199 0.0484846 0.188148 0.240721 0.063208 0.29906 0.277781 0.440642 0.288571 0.256813 0.159602 0.170949 0.245955 0.217414 0.16516 0.208537 0.11936 0.104934 0.106553 0.0856621 0.106477 0.090823 0.0835429 0.106826 0.118092 0.0559778
BD_Bspro_t
 0.986919 0.901518 0.791468 0.723385 0.715329 0.768803 0.755031 0.634184 0.684577 0.656939 0.632031 0.770866 0.67268 0.596458 0.510569 0.566898 0.698649 0.689147 0.751253 0.674997 0.650455 0.692553 0.708546 0.708352 0.788264 0.794981 0.802293 0.825531 0.857648 0.817616 0.786693 0.8376
BD_Bspro
 2.96246 1.98418 1.0144 0.549288 0.60372 0.661776 0.845319 0.585399 0.513853 0.37204 0.252033 0.341791 0.368452 0.3214 0.240545 0.301825 0.852402 0.860257 1.5397 1.20563 1.29306 1.58395 1.52087 1.29012 1.74212 1.43916 1.19899 1.251 1.74154 1.2556 0.883502 1.47099
BD_Bo
 1.38876 0.930154 0.475535 0.257498 0.283015 0.310231 0.396273 0.274426 0.240887 0.174407 0.11815 0.160227 0.172725 0.150668 0.112764 0.141491 0.399594 0.403276 0.721791 0.565183 0.606168 0.742533 0.71296 0.604787 0.816678 0.674657 0.56207 0.586452 0.816408 0.588606 0.414173 0.689577
BD_Brms
 2.52502 1.69119 0.864608 0.468179 0.514573 0.564056 0.720497 0.498957 0.437976 0.317103 0.214817 0.291321 0.314045 0.273941 0.205025 0.257256 0.726534 0.733229 1.31235 1.02761 1.10212 1.35006 1.29629 1.09961 1.48487 1.22665 1.02194 1.06628 1.48438 1.07019 0.753042 1.25378
Sel_flota
 0.840254 1 1 1 1
 0.840254 1 1 1 1
 0.840254 1 1 1 1
 0.840254 1 1 1 1
 0.840254 1 1 1 1
 0.840254 1 1 1 1
 0.840254 1 1 1 1
 0.840254 1 1 1 1
 0.840254 1 1 1 1
 0.840254 1 1 1 1
 0.840254 1 1 1 1
 0.840254 1 1 1 1
 0.840254 1 1 1 1
 0.840254 1 1 1 1
 0.840254 1 1 1 1
 0.840254 1 1 1 1
 0.840254 1 1 1 1
 0.840254 1 1 1 1
 0.840254 1 1 1 1
 0.840254 1 1 1 1
 0.840254 1 1 1 1
 0.840254 1 1 1 1
 0.840254 1 1 1 1
 0.840254 1 1 1 1
 0.840254 1 1 1 1
 0.840254 1 1 1 1
 0.840254 1 1 1 1
 0.840254 1 1 1 1
 0.840254 1 1 1 1
 0.840254 1 1 1 1
 0.840254 1 1 1 1
 0.840254 1 1 1 1
Sel_reclas
 1 1 1 1 1
 1 1 1 1 1
 1 1 1 1 1
 1 1 1 1 1
 1 1 1 1 1
 1 1 1 1 1
 1 1 1 1 1
 1 1 1 1 1
 1 1 1 1 1
 1 1 1 1 1
 1 1 1 1 1
 1 1 1 1 1
 1 1 1 1 1
 1 1 1 1 1
 1 1 1 1 1
 1 1 1 1 1
 1 1 1 1 1
 1 1 1 1 1
 1 1 1 1 1
 1 1 1 1 1
 1 1 1 1 1
 1 1 1 1 1
 1 1 1 1 1
 1 1 1 1 1
 1 1 1 1 1
 1 1 1 1 1
 1 1 1 1 1
 1 1 1 1 1
 1 1 1 1 1
 1 1 1 1 1
 1 1 1 1 1
 1 1 1 1 1
Sel_pelaces
 1 1 1 1 1
 1 1 1 1 1
 1 1 1 1 1
 1 1 1 1 1
 1 1 1 1 1
 1 1 1 1 1
 1 1 1 1 1
 1 1 1 1 1
 1 1 1 1 1
 1 1 1 1 1
 1 1 1 1 1
 1 1 1 1 1
 1 1 1 1 1
 1 1 1 1 1
 1 1 1 1 1
 1 1 1 1 1
 1 1 1 1 1
 1 1 1 1 1
 1 1 1 1 1
 1 1 1 1 1
 1 1 1 1 1
 1 1 1 1 1
 1 1 1 1 1
 1 1 1 1 1
 1 1 1 1 1
 1 1 1 1 1
 1 1 1 1 1
 1 1 1 1 1
 1 1 1 1 1
 1 1 1 1 1
 1 1 1 1 1
 1 1 1 1 1
pf_obs 
 0.8446 0.082 0.0669 0.0065 0
 0.8095 0.147 0.0364 0.0071 0
 0.9664 0.0169 0.016 0.0007 0
 0.9276 0.0648 0.0075 0.0001 0
 0.7033 0.2144 0.0806 0.0017 0
 0.9318 0.0425 0.0243 0.0014 0
 0.5671 0.3108 0.0964 0.0239 0.0018
 0.0768 0.2599 0.5324 0.112 0.0189
 0.490249 0.384438 0.106611 0.0170017 0.00170017
 0.7925 0.1577 0.0466 0.003 0.0002
 0.840416 0.127587 0.0312969 0.00059994 9.999e-05
 0.8084 0.0986 0.0794 0.0134 0.0002
 0.7335 0.1905 0.0724 0.0035 0.0001
 0.4001 0.4547 0.1325 0.0127 0
 0.49795 0.308269 0.164784 0.0264974 0.00249975
 0.9179 0.0499 0.0305 0.0017 0
 0.2467 0.6533 0.0926 0.0074 0
 0.9418 0.0223 0.034 0.0019 0
 0.707729 0.231977 0.0356964 0.0245975 0
 0.517169 0.277429 0.184464 0.0207286 0.00020938
 0.811772 0.124168 0.05621 0.00726502 0.000585176
 0.764997 0.148141 0.077277 0.00933861 0.000247198
 0.163321 0.427699 0.378323 0.0303852 0.000271297
 0.753843 0.0900009 0.118128 0.0371064 0.000921714
 0.721811 0.176058 0.0630433 0.0369309 0.00215725
 0.143369 0.312575 0.442814 0.0836902 0.0175525
 0.692698 0.0596174 0.167031 0.0765114 0.00414204
 0.394062 0.376323 0.152708 0.0712218 0.00568511
 0.125707 0.32114 0.495352 0.0537591 0.00404204
 0.23352 0.215282 0.420074 0.123614 0.00750983
 0.796117 0.104755 0.0508955 0.0450114 0.00322123
 0.162477 0.292055 0.404252 0.121198 0.0200186
pf_pred 
 0.401402 0.10953 0.464586 0.0244826 7.54171e-07
 0.390268 0.27179 0.0618357 0.262285 0.0138222
 0.535799 0.202311 0.116738 0.0265595 0.118593
 0.731869 0.156058 0.0488442 0.0281843 0.0350443
 0.630718 0.283739 0.0497879 0.015583 0.0201721
 0.724321 0.185195 0.069523 0.0121992 0.00876087
 0.466162 0.405893 0.0859509 0.0322663 0.00972778
 0.43496 0.29231 0.207365 0.043911 0.0214541
 0.508046 0.235768 0.132532 0.0940181 0.0296362
 0.657955 0.190109 0.072815 0.0409315 0.0381896
 0.782931 0.15213 0.0360931 0.0138243 0.0150215
 0.709597 0.235796 0.0382708 0.00907978 0.00725661
 0.651525 0.261205 0.0708592 0.0115008 0.00490926
 0.597941 0.279679 0.091732 0.0248849 0.005763
 0.698698 0.195509 0.0735913 0.0241372 0.00806429
 0.918363 0.0603636 0.0138037 0.00519583 0.00227355
 0.390397 0.568196 0.0306175 0.00700148 0.00378861
 0.878615 0.0529521 0.0637843 0.00343705 0.00121127
 0.582691 0.374532 0.018661 0.0224784 0.00163813
 0.575647 0.267266 0.140984 0.00702454 0.00907816
 0.727195 0.169793 0.0648788 0.034224 0.00390893
 0.732653 0.204032 0.039407 0.0150576 0.00885021
 0.318974 0.523635 0.120116 0.0231994 0.0140748
 0.726454 0.0986144 0.134503 0.0308536 0.00957443
 0.615967 0.292422 0.0330263 0.0450456 0.0135395
 0.435343 0.371819 0.146837 0.0165838 0.029418
 0.719608 0.134732 0.0959151 0.0378783 0.0118667
 0.686432 0.23681 0.0368833 0.026257 0.0136178
 0.371142 0.455506 0.130918 0.0203905 0.0220444
 0.489209 0.211719 0.216629 0.0622617 0.0201811
 0.786325 0.114354 0.0411678 0.0421225 0.0160307
 0.482193 0.422423 0.0510471 0.0183771 0.0259592
pobs_RECLAS
 0 0 0 0 0
 0 0 0 0 0
 0 0 0 0 0
 0 0 0 0 0
 0 0 0 0 0
 0 0 0 0 0
 0 0 0 0 0
 0 0 0 0 0
 0 0 0 0 0
 0 0 0 0 0
 0.991045 0.00858322 0.000360255 1.14367e-05 0
 0.934742 0.0480273 0.0164251 0.00080598 0
 0.827803 0.169806 0.00239088 0 0
 0.941827 0.0461693 0.0120037 0 0
 0.791401 0.0380133 0.147996 0.0225897 0
 0.846168 0.0940531 0.0597789 0 0
 0.134021 0.677848 0.182769 0.00536245 0
 0.80878 0.0450904 0.141981 0.00414843 0
 0.846168 0.0940531 0.0597789 0 0
 0.905697 0.0802665 0.012482 0.00150086 5.37128e-05
 0.989698 0.0102097 9.19794e-05 0 0
 0.975433 0.0193895 0.00387452 0.00125025 5.28907e-05
 0.303575 0.632131 0.0575291 0.00676475 0
 0.966965 0.00978017 0.0227588 0.000495775 0
 0.843318 0.132988 0.00938335 0.0141283 0.000182051
 0.564624 0.303363 0.111486 0.0197234 0.00080311
 0.826376 0.0876187 0.0782897 0.00655872 0.00115652
 0.89761 0.0855135 0.0140674 0.00269457 0.000114338
 0.34875 0.467042 0.161289 0.0227151 0.000203297
 0.318654 0.224769 0.449479 0.00709798 0
 0.937255 0.0296025 0.0250945 0.00804832 0
 0.456809 0.399803 0.12412 0.0192676 0
ppred_RECLAS
 0.444129 0.101711 0.431424 0.022735 7.00339e-07
 0.432921 0.252777 0.05751 0.243937 0.0128553
 0.579229 0.183383 0.105816 0.0240746 0.107497
 0.765233 0.136639 0.0427664 0.0246773 0.0306837
 0.670484 0.253185 0.0444265 0.013905 0.0179999
 0.758105 0.162501 0.0610033 0.0107043 0.00768727
 0.510958 0.371833 0.0787384 0.0295587 0.00891149
 0.478281 0.269899 0.191466 0.0405444 0.0198092
 0.552088 0.214661 0.120667 0.0856012 0.026983
 0.696791 0.168524 0.0645475 0.036284 0.0338535
 0.811189 0.132326 0.0313945 0.0120246 0.013066
 0.745057 0.207004 0.0335976 0.00797107 0.00637052
 0.690899 0.231692 0.0628529 0.0102013 0.00435456
 0.640821 0.249851 0.0819487 0.0222309 0.00514837
 0.734952 0.171984 0.0647365 0.0212329 0.00709397
 0.930764 0.0511941 0.0117069 0.00440657 0.00192819
 0.433101 0.528392 0.0284727 0.00651101 0.00352321
 0.896229 0.0452684 0.0545288 0.00293831 0.00103551
 0.625228 0.336355 0.0167589 0.0201872 0.00147115
 0.618308 0.240397 0.126811 0.00631835 0.00816552
 0.760781 0.148889 0.0568913 0.0300106 0.00342769
 0.765919 0.178645 0.0345036 0.013184 0.00774898
 0.358309 0.493391 0.113179 0.0218595 0.0132619
 0.759923 0.0865486 0.118046 0.0270786 0.00840297
 0.656569 0.261505 0.0295346 0.0402831 0.012108
 0.478806 0.343199 0.135534 0.0153073 0.0271536
 0.753635 0.118382 0.0842752 0.0332815 0.0104266
 0.722887 0.209279 0.0325953 0.0232044 0.0120346
 0.412874 0.425277 0.12223 0.0190374 0.0205814
 0.533055 0.193545 0.198034 0.0569172 0.0184488
 0.814372 0.0993442 0.0357641 0.0365935 0.0139265
 0.525868 0.386794 0.0467416 0.0168271 0.0237697
pobs_PELACES
 0 0 0 0 0
 0 0 0 0 0
 0 0 0 0 0
 0 0 0 0 0
 0 0 0 0 0
 0 0 0 0 0
 0 0 0 0 0
 0 0 0 0 0
 0 0 0 0 0
 0 0 0 0 0
 0 0 0 0 0
 0 0 0 0 0
 0 0 0 0 0
 0 0 0 0 0
 0 0 0 0 0
 0 0 0 0 0
 0.505614 0.472636 0.0217494 0 0
 0 0 0 0 0
 0.443492 0.261883 0.143347 0.151278 0
 0.227955 0.32914 0.350689 0.0885471 0.00366901
 0.970185 0.0296113 0.000203453 0 0
 0.997202 0.00247181 0.000326279 0 0
 0.445219 0.490057 0.0546422 0.010081 0
 0.90214 0.0892962 0.00764917 0.000914606 0
 0 0 0 0 0
 0.581667 0.319106 0.0959925 0.00289975 0.000334073
 0.762889 0.0836404 0.116647 0.0363945 0.000428098
 0.88444 0.0763242 0.0277011 0.0115352 0
 0.521256 0.241999 0.230069 0.00667565 0
 0.616807 0.101726 0.260614 0.0208532 0
 0.833518 0.0704572 0.0857862 0.0102388 0
 0.697417 0.212968 0.0787535 0.0105354 0.000325836
ppred_PELACES
 0.4452 0.101515 0.430592 0.0226912 6.9899e-07
 0.434838 0.251922 0.0573156 0.243112 0.0128119
 0.581073 0.182579 0.105353 0.0239691 0.107026
 0.767296 0.135439 0.0423907 0.0244605 0.0304141
 0.67134 0.252527 0.0443111 0.0138688 0.0179531
 0.759575 0.161513 0.0606324 0.0106392 0.00764054
 0.515162 0.368637 0.0780616 0.0293046 0.00883488
 0.478919 0.269569 0.191232 0.0404948 0.019785
 0.554539 0.213486 0.120007 0.0851327 0.0268354
 0.699466 0.167037 0.0639781 0.035964 0.0335549
 0.811699 0.131969 0.0313097 0.0119922 0.0130307
 0.74804 0.204582 0.0332045 0.0078778 0.00629598
 0.694018 0.229354 0.0622188 0.0100984 0.00431063
 0.646149 0.246145 0.0807329 0.0219011 0.00507199
 0.737905 0.170068 0.0640154 0.0209964 0.00701494
 0.931632 0.0505528 0.0115602 0.00435137 0.00190403
 0.435168 0.526466 0.0283689 0.00648727 0.00351036
 0.897064 0.0449041 0.05409 0.00291467 0.00102717
 0.628261 0.333633 0.0166232 0.0200238 0.00145925
 0.621009 0.238696 0.125914 0.00627363 0.00810773
 0.762362 0.147905 0.0565153 0.0298122 0.00340504
 0.767884 0.177145 0.034214 0.0130733 0.00768393
 0.359757 0.492277 0.112923 0.0218101 0.013232
 0.760931 0.0861853 0.117551 0.0269649 0.0083677
 0.657835 0.260541 0.0294257 0.0401347 0.0120634
 0.479933 0.342457 0.135241 0.0152742 0.0270949
 0.754676 0.117882 0.0839192 0.0331409 0.0103826
 0.723845 0.208555 0.0324827 0.0231242 0.011993
 0.413942 0.424504 0.122007 0.0190027 0.020544
 0.534456 0.192964 0.197439 0.0567464 0.0183934
 0.815311 0.0988416 0.0355832 0.0364084 0.013856
 0.526603 0.386194 0.046669 0.016801 0.0237328
pobs_pel_tallas
 0 0 0 0 0 0 0 0 0 0 0 0 0 0 0 0 0 0 0 0 0 0 0 0 0 0
 0 0 0 0 0 0 0 0 0 0 0 0 0 0 0 0 0 0 0 0 0 0 0 0 0 0
 0 0 0 0 0 0 0 0 0 0 0 0 0 0 0 0 0 0 0 0 0 0 0 0 0 0
 0 0 0 0 0 0 0 0 0 0 0 0 0 0 0 0 0 0 0 0 0 0 0 0 0 0
 0 0 0 0 0 0 0 0 0 0 0 0 0 0 0 0 0 0 0 0 0 0 0 0 0 0
 0 0 0 0 0 0 0 0 0 0 0 0 0 0 0 0 0 0 0 0 0 0 0 0 0 0
 0 0 0 0 0 0 0 0 0 0 0 0 0 0 0 0 0 0 0 0 0 0 0 0 0 0
 0 0 0 0 0 0 0 0 0 0 0 0 0 0 0 0 0 0 0 0 0 0 0 0 0 0
 0 0 0 0 0 0 0 0 0 0 0 0 0 0 0 0 0 0 0 0 0 0 0 0 0 0
 0 0 0 0 0 0 0 0 0 0 0 0 0 0 0 0 0 0 0 0 0 0 0 0 0 0
 0 0 0 0 0 0 0 0 0 0 0 0 0 0 0 0 0 0 0 0 0 0 0 0 0 0
 0 0 0 0 0 0 0 0 0 0 0 0 0 0 0 0 0 0 0 0 0 0 0 0 0 0
 0.00862536 0 0 0.000197151 0.00414017 0.0128641 0.00837892 0.0270097 0.101434 0.158115 0.152841 0.127902 0.109271 0.109419 0.0830992 0.0579132 0.0238553 0.00714673 0.00463305 0.00128148 0.00103504 0.000492878 0.000147863 0.000147863 4.92878e-05 0
 0 0 0 0 0 0 0 0 0 0 0 0 0 0 0 0 0 0 0 0 0 0 0 0 0 0
 0 0 0 0 0 0 0 0.0054083 0.00873648 0.0413646 0.0450493 0.0745869 0.0622846 0.0627006 0.0613931 0.0827291 0.12552 0.122667 0.0946155 0.0697135 0.0546179 0.0294188 0.0215738 0.0213955 0.0102223 0.00600262
 0 0 0 0 0.00359764 0.0251062 0.0480494 0.140153 0.205849 0.193036 0.1447 0.116669 0.0760912 0.0342217 0.00950174 0.001854 0.000860785 0 0 0 0.000165536 0 0.000143464 0 0 0
 0 0 0 0 0 0 0 0.000145254 0.000435761 0.0275982 0.070085 0.0708112 0.156366 0.174668 0.174014 0.160142 0.0824315 0.0480064 0.0283245 0.00493863 0.00203355 0 0 0 0 0
 0 0 0 0 0 0 0 0 0 0 0 0 0 0 0 0 0 0 0 0 0 0 0 0 0 0
 0 0 1.00437e-05 0.000401748 0.00122533 0.00171747 0.00176769 0.0269171 0.070346 0.194647 0.189555 0.159765 0.064822 0.0314167 0.0384472 0.0292271 0.0345202 0.0313363 0.0194345 0.0106764 0.0143323 0.0359363 0.0279516 0.0138201 0.00172751 0
 0 0.0021121 0.0136068 0.0755702 0.200478 0.177729 0.0527432 0.0373336 0.0318909 0.0142505 0.0149659 0.0166563 0.0217959 0.0798694 0.0677717 0.0528807 0.04013 0.0224614 0.0357745 0.0225083 0.00881397 0.00855152 0.00135912 0.000746735 0 0
 0 0 0 0 5.4009e-05 0.00500934 0.000945158 0.0243581 0.138947 0.33067 0.221406 0.137944 0.0707744 0.0437923 0.0131692 0.00525238 0.0047753 0.00276346 9.45158e-05 9.00151e-06 2.25038e-05 9.00151e-06 4.50075e-06 0 0 0
 0.000866109 0.00284123 0.00948549 0.0512746 0.133035 0.25785 0.225252 0.132002 0.0553304 0.0519788 0.0540692 0.017754 0.00435017 0.00159236 0.00146478 0.000404838 0.000125132 0.000115318 0.000107957 0.000100596 0 0 0 0 0 0
 0 0 0 0 0.00144013 0.00171154 0.00461396 0.0210425 0.0478622 0.0707936 0.0888783 0.103762 0.0637923 0.0337046 0.0602308 0.124433 0.169614 0.0934646 0.0462172 0.0250306 0.0313229 0.00938855 0.002487 0.000210481 0 0
 0 0.00764035 0.051015 0.0998891 0.058973 0.0496711 0.0374665 0.0718981 0.12319 0.153886 0.159021 0.0857701 0.0377988 0.023471 0.0147837 0.00900784 0.00315554 0.000888139 0.00291439 0.00214683 0.00393193 0.00274676 0.000635225 9.99891e-05 0 0
 0 0 0 0 0 0 0 0 0 0 0 0 0 0 0 0 0 0 0 0 0 0 0 0 0 0
 0 0 0 0 0 0 0 0 0 0 0 0 0 0 0 0 0 0 0 0 0 0 0 0 0 0
 0 0 0 0 0 0 0 0 0 0 0 0 0 0 0 0 0 0 0 0 0 0 0 0 0 0
 0 0 0 0 0 0 0 0 0 0 0 0 0 0 0 0 0 0 0 0 0 0 0 0 0 0
 0 0 0 0 0 0 0 0 0 0 0 0 0 0 0 0 0 0 0 0 0 0 0 0 0 0
 0 0 0 0 0 0 0 0 0 0 0 0 0 0 0 0 0 0 0 0 0 0 0 0 0 0
 0 0 0 0 0 0 0 0 0 0 0 0 0 0 0 0 0 0 0 0 0 0 0 0 0 0
 0 0 0 0 0 0 0 0 0 0 0 0 0 0 0 0 0 0 0 0 0 0 0 0 0 0
ppred_pel_tallas
 1.14728e-16 3.66706e-05 0.000356451 0.00236874 0.010768 0.0335032 0.0713825 0.104187 0.104197 0.0714338 0.0336773 0.011279 0.00368262 0.00332742 0.00597951 0.0106088 0.0170934 0.0252627 0.0348221 0.0454062 0.0563913 0.0665424 0.0739387 0.0765306 0.0731207 0.0641034
 1.28268e-16 3.5817e-05 0.000348154 0.00231361 0.0105174 0.0327235 0.0697218 0.101766 0.101791 0.0698411 0.0331244 0.0116772 0.00523199 0.00674383 0.0122598 0.0204281 0.0299727 0.038948 0.0455111 0.0491054 0.0508983 0.0529486 0.0566865 0.0618665 0.0666894 0.0688503
 1.23603e-16 4.78622e-05 0.000465238 0.00309167 0.0140543 0.0437282 0.0931683 0.135986 0.136003 0.0932551 0.0440201 0.0148994 0.00522064 0.00513895 0.00900267 0.0150188 0.0221421 0.0289625 0.0341174 0.0371082 0.0386248 0.0400077 0.0422567 0.0453598 0.0483605 0.0499603
 1.08858e-16 6.32012e-05 0.000614338 0.00408249 0.0185584 0.0577422 0.123026 0.179563 0.179576 0.12309 0.0579574 0.0191807 0.005647 0.00403842 0.0065926 0.0108706 0.0158282 0.0202901 0.0231212 0.023852 0.0229672 0.0215515 0.0205676 0.0203295 0.0204882 0.0204007
 1.05773e-16 5.52974e-05 0.000537511 0.00357195 0.0162376 0.0505212 0.107642 0.157111 0.157136 0.107761 0.050921 0.0173923 0.00647155 0.00687069 0.0120932 0.0199324 0.028775 0.0363336 0.040321 0.0397039 0.0353192 0.0292905 0.0237251 0.0197053 0.0171615 0.0154105
 1.04152e-16 6.25652e-05 0.000608156 0.00404141 0.0183717 0.0571612 0.121789 0.177757 0.177773 0.121865 0.0574179 0.0191139 0.00590742 0.00469158 0.00784692 0.01295 0.0188281 0.024053 0.0272046 0.0276191 0.0257493 0.0227841 0.0198537 0.0174637 0.015496 0.0135918
 1.06781e-16 4.24333e-05 0.000412467 0.00274099 0.0124602 0.0387684 0.0826014 0.120567 0.120602 0.0827753 0.0393523 0.0141474 0.00697846 0.00967086 0.0176494 0.0291737 0.042171 0.0533506 0.0593833 0.0587414 0.0525869 0.043921 0.0357093 0.0294571 0.0250716 0.0216658
 1.12997e-16 3.9448e-05 0.000383448 0.00254815 0.0115835 0.0360408 0.0767898 0.112082 0.112109 0.0769181 0.0364723 0.0128332 0.00569713 0.00729837 0.0132918 0.0222255 0.032749 0.0427308 0.0499906 0.0534916 0.0538327 0.0525597 0.0509062 0.049043 0.046319 0.0420649
 1.16597e-16 4.56767e-05 0.000443994 0.0029505 0.0134125 0.0417315 0.0889141 0.129777 0.129798 0.0890156 0.0420727 0.0144003 0.00543868 0.00590516 0.0105054 0.0175301 0.0258116 0.0336754 0.0394653 0.0424955 0.043429 0.0436721 0.0442736 0.0452253 0.0456223 0.0443886
 1.11175e-16 5.76141e-05 0.000560029 0.00372159 0.0169178 0.0526377 0.112151 0.163691 0.163707 0.11223 0.0529036 0.0176867 0.00565559 0.00479587 0.00814402 0.0134848 0.0196913 0.0253545 0.0290974 0.0303448 0.0296669 0.0283356 0.0274465 0.0272986 0.0274124 0.027008
 1.04346e-16 6.68586e-05 0.000649889 0.00431874 0.0196324 0.0610837 0.130146 0.189954 0.189967 0.130208 0.0612929 0.020237 0.0058376 0.00396985 0.00638494 0.0104844 0.0151802 0.0192716 0.0215879 0.0216078 0.0197665 0.0171398 0.0147628 0.013116 0.0120823 0.0112519
 1.02867e-16 6.16151e-05 0.000598921 0.00398004 0.0180927 0.0562932 0.119939 0.175059 0.175079 0.120036 0.0566169 0.0190277 0.00632739 0.00572456 0.00980014 0.0161148 0.0232336 0.0292719 0.0323518 0.03161 0.0277048 0.0223548 0.0172939 0.0134585 0.0108779 0.0090917
 1.03597e-16 5.71654e-05 0.000555668 0.00369261 0.0167861 0.0522278 0.111278 0.162418 0.16244 0.111386 0.0525915 0.0178371 0.00633308 0.00632738 0.0110408 0.0182199 0.0263752 0.0334475 0.0373664 0.0371625 0.0335103 0.0282057 0.0230245 0.018872 0.0157235 0.0131218
 1.05448e-16 5.32225e-05 0.000517342 0.00343792 0.0156283 0.0486256 0.103603 0.151216 0.15124 0.103719 0.0490164 0.0167581 0.00627771 0.00672905 0.0118869 0.0196633 0.0285458 0.0363713 0.0409603 0.0412976 0.0380938 0.0332075 0.0284241 0.0245712 0.0214992 0.0186568
 1.05184e-16 6.07803e-05 0.000590806 0.00392611 0.0178476 0.0555305 0.118314 0.172686 0.172703 0.118395 0.0558008 0.0186293 0.00589188 0.00489332 0.00826525 0.0136554 0.0198718 0.0254268 0.028842 0.029437 0.0277016 0.0248855 0.0221528 0.019984 0.0181872 0.0163217
 1.01106e-16 7.67373e-05 0.000745914 0.00495686 0.0225332 0.0701091 0.149375 0.218018 0.218023 0.149399 0.0701892 0.0227647 0.00553834 0.00201664 0.00249413 0.0040126 0.00579847 0.00734649 0.00819888 0.00814825 0.00735419 0.0062253 0.0051617 0.00436087 0.00380085 0.00335295
 1.02198e-16 3.58443e-05 0.00034842 0.00231537 0.0105254 0.0327486 0.0697763 0.101851 0.101902 0.0700239 0.0335796 0.0129244 0.00833369 0.0134743 0.0249283 0.0410608 0.0589254 0.0736358 0.080236 0.0764424 0.0640294 0.0476821 0.0322751 0.0206669 0.0132693 0.00900979
 1.02039e-16 7.389e-05 0.000718237 0.00477294 0.0216971 0.0675077 0.143832 0.209929 0.209933 0.143854 0.0675803 0.0219076 0.00530493 0.00189133 0.00233618 0.0038346 0.00572415 0.00762867 0.0092026 0.0102614 0.0108407 0.0110815 0.0110527 0.0106806 0.00984197 0.00851294
 1.02821e-16 5.17491e-05 0.00050302 0.00334274 0.0151956 0.0472795 0.100735 0.147033 0.147065 0.100892 0.0478061 0.0167163 0.00715764 0.00882417 0.0158354 0.0260463 0.037399 0.0467914 0.0511073 0.0489313 0.0414152 0.0315347 0.0223471 0.0155865 0.0114024 0.00900214
 1.05696e-16 5.11518e-05 0.000497213 0.00330416 0.0150202 0.0467337 0.0995719 0.145333 0.145356 0.099685 0.0471141 0.0161209 0.00607376 0.00656585 0.0116426 0.0193381 0.0282503 0.0363515 0.0415755 0.042917 0.0409364 0.0372015 0.0331674 0.0294309 0.0258139 0.0219481
 1.05235e-16 6.27948e-05 0.000610388 0.00405624 0.0184391 0.0573709 0.122235 0.178409 0.178423 0.122305 0.0576062 0.0191194 0.00576706 0.00435589 0.00720818 0.011902 0.0173406 0.0222364 0.0253212 0.0260215 0.0247737 0.0226561 0.0206461 0.0191015 0.0177832 0.0162483
 1.03645e-16 6.32496e-05 0.000614809 0.00408562 0.0185727 0.0577865 0.123121 0.179702 0.179719 0.123204 0.058067 0.0193831 0.00612082 0.00506077 0.00851627 0.014004 0.0202274 0.0255672 0.02842 0.028057 0.0250512 0.0208678 0.016956 0.0140534 0.0121094 0.0106691
 1.07812e-16 2.96328e-05 0.000288042 0.00191414 0.00870143 0.0270736 0.057685 0.0842029 0.0842504 0.0579172 0.0278536 0.010955 0.00757442 0.0126559 0.0235519 0.038977 0.0563507 0.0712944 0.079347 0.0784356 0.0700665 0.0582058 0.0468002 0.0379004 0.031481 0.0264881
 1.07535e-16 6.26769e-05 0.000609242 0.00404863 0.0184045 0.0572632 0.122006 0.178073 0.178081 0.122047 0.0574031 0.0188108 0.00507691 0.00288197 0.00446126 0.00749184 0.0112918 0.0152623 0.0188154 0.021658 0.0238771 0.0256877 0.0270761 0.0276835 0.0270344 0.0248933
 1.06983e-16 5.4185e-05 0.000526698 0.00350009 0.0159109 0.0495049 0.105476 0.153951 0.153976 0.105599 0.049917 0.0171011 0.00648796 0.00705047 0.0124484 0.0205079 0.0295768 0.0372954 0.0413172 0.040615 0.0361167 0.0300852 0.0247365 0.02116 0.0191737 0.0179106
 1.10108e-16 3.95315e-05 0.00038426 0.00255355 0.0116081 0.0361172 0.0769527 0.112322 0.112355 0.0771147 0.0366617 0.0131825 0.00651234 0.00904898 0.016562 0.0274923 0.0400089 0.0511723 0.0579912 0.0590685 0.0553638 0.0493836 0.0434985 0.0387482 0.0348491 0.0310096
 1.07533e-16 6.21617e-05 0.000604233 0.00401534 0.0182532 0.0567925 0.121003 0.17661 0.176621 0.121059 0.0569813 0.0188001 0.00539402 0.00363308 0.00587129 0.00975798 0.0144052 0.0188678 0.0222215 0.0240495 0.0246427 0.0246796 0.0246584 0.0245615 0.023976 0.0224805
 1.0534e-16 5.96222e-05 0.000579549 0.00385131 0.0175075 0.0544724 0.11606 0.169397 0.169417 0.116158 0.0548025 0.018461 0.00624547 0.00580858 0.00999843 0.0164572 0.0237575 0.030004 0.0333178 0.0328634 0.0293539 0.0245592 0.0202171 0.0171901 0.0153616 0.0140992
 1.09012e-16 3.4096e-05 0.000331425 0.00220244 0.010012 0.0311512 0.0663725 0.0968812 0.0969222 0.0665729 0.0318246 0.0119582 0.00709273 0.0110233 0.0203878 0.0337771 0.0489489 0.0621751 0.0696601 0.0696393 0.0633768 0.0541856 0.0453057 0.0383322 0.0331177 0.028715
 1.14551e-16 4.40225e-05 0.000427914 0.00284364 0.0129268 0.0402202 0.085694 0.125077 0.125096 0.0857864 0.0405312 0.013829 0.00512214 0.00544821 0.00971499 0.0163499 0.0243922 0.0324538 0.0391207 0.0437235 0.0466047 0.0485758 0.0500491 0.0506268 0.0494469 0.0458954
 1.07049e-16 6.71561e-05 0.000652781 0.00433796 0.0197197 0.0613555 0.130725 0.190799 0.190808 0.130772 0.0615128 0.0201748 0.00548264 0.00316023 0.00485525 0.0079908 0.0116761 0.0150605 0.0173419 0.0181982 0.0179818 0.0174468 0.0172183 0.0174213 0.0177031 0.0175394
 1.07147e-16 4.33757e-05 0.000421627 0.00280186 0.0127369 0.0396294 0.084436 0.123245 0.123282 0.0846178 0.0402399 0.0145003 0.00722814 0.0100836 0.0183919 0.0303348 0.0436933 0.0549543 0.0605771 0.0589621 0.0514223 0.0413044 0.0319817 0.0252685 0.0211712 0.018673
pSPR Fmed_Fpbrs
0.534129   0.6 0.325
Fs Fmed_Fpbrs
0.341307   0.272627 0.662659
SSBpbr Bo_Bmed_Bpbrs
3.77043e+06  1.82537e+06  2.07374e+06 1.03687e+06
Ro
245554
SPR SPRFo_SPRFmed_SPRFpbrs
1.76752e+06 944084 574445
Fref
0.272627
Nvult_r0
 132199 98142.9 11859.9 4269.6 6031.19
CTP_r0
 5938.72 5202.59 628.7 226.333 319.715
YTP_r0
218837
Np
 305356 89335.7 20024 14662.7 2268.18
Nvult_p0
 216020 64313.2 14415.4 10555.7 1632.88
CTP_p0
 40262 11025.3 8073.29 975.606 473.393
 40262 13777.4 3088.12 2261.29 349.801
YTP_p0
 737533 701476
CBA_c0
406371
log_Ro
12.2313
likeval ReclasPelacesDesembMPH_pf_preclas_ppelaces_ptallas_desvR_qrecl_qpela
 16.9956 17.592 0.0924816 0.000810246 230.781 130.204 111.703 0 22.0808 1.42814e-05 7.22981e-06 0.468374 7.2088e-16 0 0
q_reclas_q_pelaces
0.585996 0.683685
M
1
N
 252101 58115.3 246504 12990.2 0.400156
 146482 86546.2 19690.4 83519.6 4401.42
 148587 47584.9 27457.7 6246.97 27893.8
 266645 48449.8 15164.2 8750.12 10879.9
 214945 81644.7 14326.2 4483.94 5804.44
 342595 74335.2 27905.7 4896.63 3516.51
 148535 110883 23480.2 8814.55 2657.45
 73765.3 41788.1 29644.4 6277.42 3067.03
 66007.5 26053.4 14645.4 10389.4 3274.93
 84087.6 20732 7940.69 4463.7 4164.69
 154127 25269.4 5995.18 2296.26 2495.12
 188954 53767.3 8726.67 2070.41 1654.68
 157687 54066.6 14667.1 2380.53 1016.16
 113738 45934.1 15065.9 4087.05 946.506
 120662 28894.3 10876.1 3567.24 1191.82
 620417 34831.5 7965.13 2998.15 1311.91
 148857 183939 9911.65 2266.55 1226.47
 935251 47888.9 57685.3 3108.4 1095.45
 543200 298024 14849 17886.6 1303.5
 410815 162522 85731.4 4271.56 5520.35
 634863 125896 48105.6 25376 2898.35
 857185 203290 39263.6 15002.8 8818.01
 190374 264656 60709.3 11725.5 7113.71
 551603 63351.5 86407.1 19820.9 6150.77
 462535 185797 20984.1 28620.9 8602.67
 215580 155585 61442.6 6939.37 12309.7
 465840 73799.6 52537.5 20747.8 6499.99
 537380 156707 24407.2 17375.3 9011.46
 176641 183166 52644 8199.34 8864.37
 165423 60577.5 61982.2 17814.4 5774.26
 451753 55631.1 20027.3 20491.8 7798.58
 203689 150492 18186 6546.99 9248.19
pred_Ctot
 10708 2921.86 12393.5 653.108 0.0201186
 10940.5 7619.18 1733.46 7352.73 387.484
 10780.2 4070.48 2348.76 534.374 2386.07
 28689.6 6117.54 1914.72 1104.84 1373.75
 8183.6 3681.53 646.001 202.19 261.735
 26307.6 6726.35 2525.1 443.08 318.198
 22575.5 19656.8 4162.46 1562.6 471.101
 1867.66 1255.15 890.398 188.548 92.1213
 6180.6 2868.22 1612.31 1143.77 360.538
 9895.44 2859.18 1095.12 615.597 574.36
 5061.36 983.466 233.328 89.3687 97.1085
 27088.4 9001.38 1460.96 346.615 277.017
 21147.9 8478.47 2300.02 373.304 159.35
 22925.3 10723 3517.04 954.097 220.956
 16750.2 4687.02 1764.24 578.652 193.329
 77469.8 5092.05 1164.43 438.301 191.788
 11939.3 17376.9 936.363 214.124 115.866
 80035.5 4823.56 5810.3 313.091 110.338
 65198.5 41907.1 2088.02 2515.16 183.294
 44009.9 20433.2 10778.7 537.046 694.052
 52593.6 12280.1 4692.29 2475.22 282.709
 88345.1 24602.7 4751.79 1815.68 1067.18
 11578.2 19007.1 4360.03 842.1 510.893
 29640.1 4023.57 5487.87 1258.86 390.647
 25223.4 11974.5 1352.4 1844.59 554.433
 9519.83 8130.73 3210.95 362.646 643.296
 25386.3 4753.08 3383.69 1336.27 418.633
 25115 8664.35 1349.48 960.686 498.246
 7612.95 9343.44 2685.42 418.255 452.179
 9043.22 3913.71 4004.47 1150.93 373.056
 27194.9 3954.93 1423.78 1456.8 554.417
 5938.72 5202.59 628.7 226.333 319.715
F
 0.069152 0.0822988 0.0822988 0.0822988 0.0822988
 0.124386 0.148033 0.148033 0.148033 0.148033
 0.120642 0.143578 0.143578 0.143578 0.143578
 0.183542 0.218436 0.218436 0.218436 0.218436
 0.0617975 0.0735462 0.0735462 0.0735462 0.0735462
 0.128077 0.152426 0.152426 0.152426 0.152426
 0.268209 0.319199 0.319199 0.319199 0.319199
 0.0407394 0.0484846 0.0484846 0.0484846 0.0484846
 0.158092 0.188148 0.188148 0.188148 0.188148
 0.202266 0.240721 0.240721 0.240721 0.240721
 0.0531108 0.063208 0.063208 0.063208 0.063208
 0.251287 0.29906 0.29906 0.29906 0.29906
 0.233407 0.277781 0.277781 0.277781 0.277781
 0.370251 0.440642 0.440642 0.440642 0.440642
 0.242473 0.288571 0.288571 0.288571 0.288571
 0.215788 0.256813 0.256813 0.256813 0.256813
 0.134106 0.159602 0.159602 0.159602 0.159602
 0.143641 0.170949 0.170949 0.170949 0.170949
 0.206665 0.245955 0.245955 0.245955 0.245955
 0.182683 0.217414 0.217414 0.217414 0.217414
 0.138777 0.16516 0.16516 0.16516 0.16516
 0.175224 0.208537 0.208537 0.208537 0.208537
 0.100293 0.11936 0.11936 0.11936 0.11936
 0.0881711 0.104934 0.104934 0.104934 0.104934
 0.0895316 0.106553 0.106553 0.106553 0.106553
 0.0719779 0.0856621 0.0856621 0.0856621 0.0856621
 0.089468 0.106477 0.106477 0.106477 0.106477
 0.0763144 0.090823 0.090823 0.090823 0.090823
 0.0701973 0.0835429 0.0835429 0.0835429 0.0835429
 0.0897606 0.106826 0.106826 0.106826 0.106826
 0.0992273 0.118092 0.118092 0.118092 0.118092
 0.0470355 0.0559778 0.0559778 0.0559778 0.0559778
YTP_r0W_actual
 51073 129024 17540.7 8442.23 12756.6
YTP_p0W_proyectada
 303575 192391 194324 30556 16687.1
 303575 240416 74331.1 70823.5 12330.5
CTP_r0_actual
 5938.72 5202.59 628.7 226.333 319.715
CTP_p0_proyectada
 40262 11025.3 8073.29 975.606 473.393
 40262 13777.4 3088.12 2261.29 349.801
Wmedp
 7.54 17.45 24.07 31.32 35.25
Frms_r0
 0.0470355 0.0559778 0.0559778 0.0559778 0.0559778
Zrms_r0
 1.04704 1.05598 1.05598 1.05598 1.05598
nmprior
 7.27 8.72 9 0
nm_flota  nm_reclas  nm_pelaces    nm_pelaL
inf 11.5729 18.0581 57.4568
cv_recla  cv_pelaces  cv_mph
0.364704 0.459461 0.878444
 ------------------------------------------------
Talla a la edad & desviaci?n 
 8 13.2811 15.8009 17.003 17.5766
 0.8 1.32811 1.58009 1.7003 1.75766
