years
 1991 1992 1993 1994 1995 1996 1997 1998 1999 2000 2001 2002 2003 2004 2005 2006 2007 2008 2009 2010 2011 2012 2013 2014 2015 2016 2017 2018 2019 2020 2021 2022
reclasobs
 0 0 0 0 0 0 0 0 0 252601 567819 844713 477998 351125 339783 2.1784e+06 2.13404e+06 4.81314e+06 1.55562e+06 2.62356e+06 3.21686e+06 3.843e+06 1.13348e+06 3.07943e+06 1.97215e+06 2.03268e+06 2.025e+06 2.42433e+06 2.27542e+06 1.05018e+06 2.36338e+06 3.18982e+06
reclaspred
 3.36437e+06 1.89108e+06 960576 958117 956538 1.45231e+06 933988 846899 621251 456334 508453 640596 627485 498522 513849 1.29269e+06 1.28412e+06 2.84004e+06 2.33278e+06 1.73214e+06 3.04506e+06 2.48477e+06 2.00705e+06 3.05704e+06 2.29944e+06 2.05383e+06 2.40411e+06 2.58202e+06 2.17223e+06 1.53254e+06 2.05203e+06 2.28129e+06
pelacesobs
 0 0 0 0 0 0 0 0 0 0 0 0 0 0 0 552880 188675 0 991730 2.46772e+06 1.41603e+06 1.21717e+06 2.29649e+06 1.80582e+06 0 1.4828e+06 1.56532e+06 1.57751e+06 1.42118e+06 867257 1.10002e+06 1.06204e+06
pelacespred
 1.8545e+06 1.16364e+06 593653 482410 498169 779600 471096 520219 371936 259790 297282 313352 336115 283776 299575 623478 619365 1.57065e+06 1.33968e+06 925181 1.56137e+06 1.38854e+06 1.11571e+06 1.85534e+06 1.34995e+06 1.20052e+06 1.59715e+06 1.55063e+06 1.17204e+06 953653 1.09532e+06 1.23045e+06
mphobs
 0 0 0 0 0 0 0 0 0 0 0 498337 0 5186 125008 0 168611 109162 213762 579715 649985 157893 87575 83554 0 0 0 0 0 0 0 0
mphpred
 506994 337841 169208 92660.6 101931 114358 145558 93440 83761.8 58894.6 39157.2 59394.7 63325 53511.8 37458 47952.2 148561 145456 280367 211936 225115 275559 264024 221041 303371 250498 208400 219000 309459 218948 151262 257289
desembarqueobs
 494567 514787 250237 358949 120608 361735 552515 73892 212993 205616 52469 317467 293654 387597 252695 516296 358380 742168 942051 627588 828172 859565 418607 520667 417249 300574 415391 372974 316634 284311 391294 218835
desembarquepred
 494573 513481 250901 358975 120613 361751 552570 73895.8 213040 205660 52471.4 317536 293711 387650 252696 516269 358403 742078 941877 627470 828245 859602 418620 520693 417253 300577 415394 372963 316631 284313 391274 218838
Reclutas
 208308 118593 122641 206151 166619 269568 115576 55611.2 50634.7 65476.8 121943 156310 129671 92756.6 95062 499053 113396 773091 439927 337124 501553 681892 147213 422926 358046 165581 357949 414144 135598 126374 345505 154337
log_desv_Rt
 0.0747316 -0.488589 -0.455026 0.0643217 -0.14858 0.332535 -0.51436 -1.2459 -1.33965 -1.08259 -0.460737 -0.212444 -0.399287 -0.734308 -0.709758 0.948426 -0.533405 1.38611 0.822321 0.556163 0.953422 1.26059 -0.272409 0.78291 0.616375 -0.154829 0.616105 0.761928 -0.35459 -0.425041 0.580722 -0.22515
SSB
 3.69311e+06 2.46094e+06 1.23257e+06 674971 742498 833024 1.06029e+06 680648 610148 429008 285234 432651 461280 389798 272857 349300 1.08217e+06 1.05955e+06 2.04228e+06 1.54381e+06 1.63981e+06 2.00726e+06 1.92324e+06 1.61013e+06 2.20986e+06 1.82471e+06 1.51805e+06 1.59527e+06 2.2542e+06 1.59489e+06 1.10185e+06 1.87418e+06
BT
 4.91545e+06 3.33144e+06 1.69123e+06 1.47225e+06 1.30267e+06 2.1979e+06 1.64035e+06 1.32527e+06 1.1137e+06 828594 766513 1.02717e+06 1.08194e+06 1.09143e+06 980076 1.93188e+06 1.78158e+06 4.46095e+06 4.15572e+06 2.81142e+06 4.45484e+06 4.17337e+06 3.06925e+06 4.98069e+06 3.65889e+06 3.17645e+06 4.29503e+06 4.10587e+06 3.10135e+06 2.58718e+06 2.98716e+06 3.15315e+06
Ftot
 0.116859 0.212576 0.207058 0.317659 0.106222 0.216792 0.467092 0.0730331 0.284163 0.370327 0.0931364 0.420013 0.394222 0.649363 0.436839 0.371413 0.229019 0.237649 0.337673 0.303755 0.234164 0.295968 0.169724 0.151398 0.151747 0.121346 0.152452 0.129637 0.116509 0.15162 0.171158 0.0793154
BD_Bspro_t
 0.981518 0.865038 0.721865 0.640739 0.633088 0.700699 0.68415 0.533441 0.592927 0.555061 0.52366 0.704875 0.591516 0.502371 0.401053 0.461907 0.624079 0.606253 0.692503 0.600373 0.571062 0.617071 0.634787 0.631113 0.727261 0.73556 0.743943 0.773495 0.815378 0.763348 0.722766 0.788522
BD_Bspro
 2.65414 1.76861 0.885815 0.485083 0.533613 0.598671 0.762002 0.489163 0.438497 0.308316 0.20499 0.310934 0.33151 0.280137 0.196095 0.251032 0.777724 0.761468 1.46773 1.1095 1.17849 1.44256 1.38218 1.15716 1.58816 1.31137 1.09098 1.14648 1.62003 1.1462 0.791867 1.34692
BD_Bo
 1.42398 0.948883 0.475251 0.260253 0.28629 0.321195 0.408823 0.262442 0.235259 0.165415 0.10998 0.16682 0.177859 0.150297 0.105207 0.134682 0.417259 0.408537 0.787458 0.595259 0.632273 0.773953 0.741556 0.62083 0.85207 0.703565 0.585326 0.615099 0.869168 0.614951 0.424846 0.722641
BD_Brms
 2.58905 1.72524 0.864092 0.473188 0.520527 0.58399 0.743315 0.477167 0.427744 0.300755 0.199963 0.303309 0.32338 0.273267 0.191286 0.244876 0.758652 0.742794 1.43174 1.08229 1.14959 1.40719 1.34828 1.12878 1.54922 1.27921 1.06423 1.11836 1.58031 1.11809 0.772447 1.31389
Sel_flota
 0.76356 0.983964 0.999143 0.999955 0.999998
 0.76356 0.983964 0.999143 0.999955 0.999998
 0.76356 0.983964 0.999143 0.999955 0.999998
 0.76356 0.983964 0.999143 0.999955 0.999998
 0.76356 0.983964 0.999143 0.999955 0.999998
 0.76356 0.983964 0.999143 0.999955 0.999998
 0.76356 0.983964 0.999143 0.999955 0.999998
 0.76356 0.983964 0.999143 0.999955 0.999998
 0.76356 0.983964 0.999143 0.999955 0.999998
 0.76356 0.983964 0.999143 0.999955 0.999998
 0.76356 0.983964 0.999143 0.999955 0.999998
 0.76356 0.983964 0.999143 0.999955 0.999998
 0.76356 0.983964 0.999143 0.999955 0.999998
 0.76356 0.983964 0.999143 0.999955 0.999998
 0.76356 0.983964 0.999143 0.999955 0.999998
 0.76356 0.983964 0.999143 0.999955 0.999998
 0.76356 0.983964 0.999143 0.999955 0.999998
 0.76356 0.983964 0.999143 0.999955 0.999998
 0.76356 0.983964 0.999143 0.999955 0.999998
 0.76356 0.983964 0.999143 0.999955 0.999998
 0.76356 0.983964 0.999143 0.999955 0.999998
 0.76356 0.983964 0.999143 0.999955 0.999998
 0.76356 0.983964 0.999143 0.999955 0.999998
 0.76356 0.983964 0.999143 0.999955 0.999998
 0.76356 0.983964 0.999143 0.999955 0.999998
 0.76356 0.983964 0.999143 0.999955 0.999998
 0.76356 0.983964 0.999143 0.999955 0.999998
 0.76356 0.983964 0.999143 0.999955 0.999998
 0.76356 0.983964 0.999143 0.999955 0.999998
 0.76356 0.983964 0.999143 0.999955 0.999998
 0.76356 0.983964 0.999143 0.999955 0.999998
 0.76356 0.983964 0.999143 0.999955 0.999998
Sel_reclas
 1 1 1 1 1
 1 1 1 1 1
 1 1 1 1 1
 1 1 1 1 1
 1 1 1 1 1
 1 1 1 1 1
 1 1 1 1 1
 1 1 1 1 1
 1 1 1 1 1
 1 1 1 1 1
 1 1 1 1 1
 1 1 1 1 1
 1 1 1 1 1
 1 1 1 1 1
 1 1 1 1 1
 1 1 1 1 1
 1 1 1 1 1
 1 1 1 1 1
 1 1 1 1 1
 1 1 1 1 1
 1 1 1 1 1
 1 1 1 1 1
 1 1 1 1 1
 1 1 1 1 1
 1 1 1 1 1
 1 1 1 1 1
 1 1 1 1 1
 1 1 1 1 1
 1 1 1 1 1
 1 1 1 1 1
 1 1 1 1 1
 1 1 1 1 1
Sel_pelaces
 1 1 1 1 1
 1 1 1 1 1
 1 1 1 1 1
 1 1 1 1 1
 1 1 1 1 1
 1 1 1 1 1
 1 1 1 1 1
 1 1 1 1 1
 1 1 1 1 1
 1 1 1 1 1
 1 1 1 1 1
 1 1 1 1 1
 1 1 1 1 1
 1 1 1 1 1
 1 1 1 1 1
 1 1 1 1 1
 1 1 1 1 1
 1 1 1 1 1
 1 1 1 1 1
 1 1 1 1 1
 1 1 1 1 1
 1 1 1 1 1
 1 1 1 1 1
 1 1 1 1 1
 1 1 1 1 1
 1 1 1 1 1
 1 1 1 1 1
 1 1 1 1 1
 1 1 1 1 1
 1 1 1 1 1
 1 1 1 1 1
 1 1 1 1 1
pf_obs 
 0.8446 0.082 0.0669 0.0065 0
 0.8095 0.147 0.0364 0.0071 0
 0.9664 0.0169 0.016 0.0007 0
 0.9276 0.0648 0.0075 0.0001 0
 0.7033 0.2144 0.0806 0.0017 0
 0.9318 0.0425 0.0243 0.0014 0
 0.5671 0.3108 0.0964 0.0239 0.0018
 0.0768 0.2599 0.5324 0.112 0.0189
 0.490249 0.384438 0.106611 0.0170017 0.00170017
 0.7925 0.1577 0.0466 0.003 0.0002
 0.840416 0.127587 0.0312969 0.00059994 9.999e-05
 0.8084 0.0986 0.0794 0.0134 0.0002
 0.7335 0.1905 0.0724 0.0035 0.0001
 0.4001 0.4547 0.1325 0.0127 0
 0.49795 0.308269 0.164784 0.0264974 0.00249975
 0.9179 0.0499 0.0305 0.0017 0
 0.2467 0.6533 0.0926 0.0074 0
 0.9418 0.0223 0.034 0.0019 0
 0.707729 0.231977 0.0356964 0.0245975 0
 0.517169 0.277429 0.184464 0.0207286 0.00020938
 0.811772 0.124168 0.05621 0.00726502 0.000585176
 0.764997 0.148141 0.077277 0.00933861 0.000247198
 0.163321 0.427699 0.378323 0.0303852 0.000271297
 0.753843 0.0900009 0.118128 0.0371064 0.000921714
 0.721811 0.176058 0.0630433 0.0369309 0.00215725
 0.143369 0.312575 0.442814 0.0836902 0.0175525
 0.692698 0.0596174 0.167031 0.0765114 0.00414204
 0.394062 0.376323 0.152708 0.0712218 0.00568511
 0.125707 0.32114 0.495352 0.0537591 0.00404204
 0.23352 0.215282 0.420074 0.123614 0.00750983
 0.796117 0.104755 0.0508955 0.0450114 0.00322123
 0.162477 0.292055 0.404252 0.121198 0.0200186
pf_pred 
 0.414582 0.118229 0.442267 0.0249212 8.10211e-07
 0.391362 0.292487 0.0646504 0.238095 0.0134057
 0.545265 0.20863 0.119325 0.0259436 0.100836
 0.72342 0.169422 0.0496148 0.0279131 0.02963
 0.630335 0.287317 0.0507936 0.0146174 0.016937
 0.721889 0.191327 0.0676882 0.0117821 0.00731315
 0.462093 0.416109 0.0842294 0.029308 0.00826049
 0.440089 0.301514 0.200754 0.039876 0.0177676
 0.512016 0.245911 0.131284 0.0860896 0.0246991
 0.671032 0.191775 0.0697412 0.036597 0.030855
 0.793902 0.151031 0.0323483 0.0115545 0.0111643
 0.71482 0.237499 0.0350882 0.00739999 0.00519275
 0.65822 0.263825 0.065124 0.00944474 0.00338619
 0.608319 0.282793 0.0844059 0.0204563 0.00402637
 0.716204 0.194376 0.0649383 0.0189823 0.00549983
 0.925124 0.0579535 0.0116592 0.00382304 0.00143986
 0.379865 0.584841 0.0274306 0.00542003 0.00244419
 0.886255 0.050662 0.0595491 0.00274687 0.000786806
 0.57468 0.387744 0.0168927 0.0195258 0.00115763
 0.58001 0.269986 0.13697 0.00586259 0.00717139
 0.723534 0.179075 0.0629958 0.0314092 0.00298602
 0.731827 0.207936 0.0392504 0.0135787 0.00740722
 0.312313 0.538835 0.115871 0.0214976 0.0114833
 0.722237 0.103279 0.137196 0.029032 0.0082563
 0.610989 0.30066 0.033184 0.0433857 0.0117817
 0.426407 0.385049 0.146264 0.0158886 0.0263917
 0.713451 0.140672 0.0984343 0.036811 0.0106317
 0.679665 0.245006 0.0372852 0.0256782 0.0123656
 0.361081 0.468578 0.130776 0.0195916 0.0199733
 0.479312 0.220042 0.221416 0.0608394 0.0183907
 0.782216 0.11897 0.0421485 0.0417419 0.0149238
 0.471401 0.435841 0.0510515 0.0177981 0.0239077
pobs_RECLAS
 0 0 0 0 0
 0 0 0 0 0
 0 0 0 0 0
 0 0 0 0 0
 0 0 0 0 0
 0 0 0 0 0
 0 0 0 0 0
 0 0 0 0 0
 0 0 0 0 0
 0 0 0 0 0
 0.991045 0.00858322 0.000360255 1.14367e-05 0
 0.934742 0.0480273 0.0164251 0.00080598 0
 0.827803 0.169806 0.00239088 0 0
 0.941827 0.0461693 0.0120037 0 0
 0.791401 0.0380133 0.147996 0.0225897 0
 0.846168 0.0940531 0.0597789 0 0
 0.134021 0.677848 0.182769 0.00536245 0
 0.80878 0.0450904 0.141981 0.00414843 0
 0.846168 0.0940531 0.0597789 0 0
 0.905697 0.0802665 0.012482 0.00150086 5.37128e-05
 0.989698 0.0102097 9.19794e-05 0 0
 0.975433 0.0193895 0.00387452 0.00125025 5.28907e-05
 0.303575 0.632131 0.0575291 0.00676475 0
 0.966965 0.00978017 0.0227588 0.000495775 0
 0.843318 0.132988 0.00938335 0.0141283 0.000182051
 0.564624 0.303363 0.111486 0.0197234 0.00080311
 0.826376 0.0876187 0.0782897 0.00655872 0.00115652
 0.89761 0.0855135 0.0140674 0.00269457 0.000114338
 0.34875 0.467042 0.161289 0.0227151 0.000203297
 0.318654 0.224769 0.449479 0.00709798 0
 0.937255 0.0296025 0.0250945 0.00804832 0
 0.456809 0.399803 0.12412 0.0192676 0
ppred_RECLAS
 0.480815 0.106157 0.391012 0.022015 7.15697e-07
 0.456351 0.263467 0.0573329 0.210971 0.011878
 0.610213 0.180388 0.101573 0.0220658 0.0857603
 0.773578 0.139571 0.0402313 0.022615 0.024005
 0.68844 0.243003 0.0423007 0.0121633 0.0140929
 0.771533 0.157948 0.0550125 0.00956775 0.00593845
 0.529234 0.365518 0.0728038 0.0253107 0.00713353
 0.50534 0.268291 0.175903 0.0349112 0.0155548
 0.578349 0.214186 0.112559 0.073749 0.0211576
 0.727504 0.159936 0.0572435 0.0300134 0.0253033
 0.833163 0.122774 0.0258933 0.00924122 0.00892877
 0.765924 0.195467 0.0284189 0.00598834 0.00420198
 0.715466 0.22044 0.0535521 0.00775992 0.00278201
 0.671827 0.238042 0.0698794 0.0169208 0.00333033
 0.767664 0.159946 0.0525836 0.0153578 0.00444947
 0.941592 0.0453724 0.00898384 0.0029433 0.00110848
 0.44258 0.526166 0.0242952 0.00479652 0.00216293
 0.910559 0.0401846 0.0464994 0.00214313 0.000613846
 0.637335 0.331098 0.0141978 0.016397 0.00097209
 0.643119 0.230714 0.115213 0.00492718 0.00602689
 0.773172 0.147747 0.0511673 0.0254904 0.00242323
 0.78036 0.170917 0.0317574 0.0109773 0.00598789
 0.370788 0.494689 0.104737 0.0194157 0.0103708
 0.772433 0.0854513 0.111765 0.0236311 0.00672005
 0.670795 0.25536 0.0277501 0.0362514 0.00984389
 0.491153 0.343339 0.128417 0.0139384 0.0231514
 0.764394 0.116593 0.0803287 0.0300154 0.00866866
 0.73344 0.204636 0.030663 0.0211002 0.0101606
 0.422965 0.424954 0.11678 0.0174806 0.0178204
 0.54561 0.193772 0.191979 0.0527073 0.0159318
 0.823901 0.0968977 0.0337989 0.0334452 0.011957
 0.535779 0.383816 0.0442699 0.0154212 0.020714
pobs_PELACES
 0 0 0 0 0
 0 0 0 0 0
 0 0 0 0 0
 0 0 0 0 0
 0 0 0 0 0
 0 0 0 0 0
 0 0 0 0 0
 0 0 0 0 0
 0 0 0 0 0
 0 0 0 0 0
 0 0 0 0 0
 0 0 0 0 0
 0 0 0 0 0
 0 0 0 0 0
 0 0 0 0 0
 0 0 0 0 0
 0.505614 0.472636 0.0217494 0 0
 0 0 0 0 0
 0.443492 0.261883 0.143347 0.151278 0
 0.227955 0.32914 0.350689 0.0885471 0.00366901
 0.970185 0.0296113 0.000203453 0 0
 0.997202 0.00247181 0.000326279 0 0
 0.445219 0.490057 0.0546422 0.010081 0
 0.90214 0.0892962 0.00764917 0.000914606 0
 0 0 0 0 0
 0.581667 0.319106 0.0959925 0.00289975 0.000334073
 0.762889 0.0836404 0.116647 0.0363945 0.000428098
 0.88444 0.0763242 0.0277011 0.0115352 0
 0.521256 0.241999 0.230069 0.00667565 0
 0.616807 0.101726 0.260614 0.0208532 0
 0.833518 0.0704572 0.0857862 0.0102388 0
 0.697417 0.212968 0.0787535 0.0105354 0.000325836
ppred_PELACES
 0.483054 0.105749 0.38928 0.0219168 7.12503e-07
 0.460332 0.261688 0.0568851 0.209311 0.0117845
 0.613924 0.178773 0.100559 0.0218443 0.0848993
 0.777708 0.137111 0.0394595 0.0221793 0.0235423
 0.690121 0.241721 0.0420553 0.0120924 0.0140107
 0.77436 0.156047 0.0542913 0.00944177 0.00586024
 0.537821 0.359042 0.0713467 0.024801 0.00698984
 0.50671 0.267593 0.175381 0.034807 0.0155083
 0.583555 0.211693 0.111091 0.0727815 0.02088
 0.732964 0.156854 0.0560365 0.0293776 0.0247671
 0.83412 0.122085 0.025736 0.00918486 0.0088743
 0.771419 0.190946 0.0277032 0.00583688 0.00409568
 0.721357 0.215973 0.0523634 0.00758686 0.00271995
 0.68235 0.230618 0.0674799 0.0163369 0.00321539
 0.773403 0.156102 0.0512078 0.0149542 0.00433252
 0.943083 0.0442331 0.00874196 0.00286377 0.00107852
 0.446709 0.522302 0.0240892 0.00475555 0.00214444
 0.91201 0.0395589 0.0457209 0.00210712 0.000603528
 0.643028 0.32595 0.0139535 0.0161134 0.000955269
 0.648297 0.22749 0.11343 0.00485054 0.00593311
 0.776217 0.145824 0.0504422 0.0251275 0.00238873
 0.784084 0.168075 0.0311832 0.0107779 0.00587912
 0.373715 0.492478 0.10418 0.0193116 0.0103151
 0.774446 0.0847358 0.110745 0.0234145 0.00665845
 0.673266 0.253487 0.0275257 0.0359567 0.00976386
 0.493409 0.341886 0.127796 0.0138705 0.0230386
 0.766455 0.115619 0.0795964 0.0297406 0.00858926
 0.73531 0.203232 0.0304329 0.0209411 0.010084
 0.425072 0.423468 0.116304 0.0174087 0.0177471
 0.548452 0.192645 0.190718 0.0523589 0.0158264
 0.825757 0.0959145 0.0334273 0.033076 0.011825
 0.537231 0.382642 0.044117 0.0153676 0.020642
pobs_pel_tallas
 0 0 0 0 0 0 0 0 0 0 0 0 0 0 0 0 0 0 0 0 0 0 0 0 0 0
 0 0 0 0 0 0 0 0 0 0 0 0 0 0 0 0 0 0 0 0 0 0 0 0 0 0
 0 0 0 0 0 0 0 0 0 0 0 0 0 0 0 0 0 0 0 0 0 0 0 0 0 0
 0 0 0 0 0 0 0 0 0 0 0 0 0 0 0 0 0 0 0 0 0 0 0 0 0 0
 0 0 0 0 0 0 0 0 0 0 0 0 0 0 0 0 0 0 0 0 0 0 0 0 0 0
 0 0 0 0 0 0 0 0 0 0 0 0 0 0 0 0 0 0 0 0 0 0 0 0 0 0
 0 0 0 0 0 0 0 0 0 0 0 0 0 0 0 0 0 0 0 0 0 0 0 0 0 0
 0 0 0 0 0 0 0 0 0 0 0 0 0 0 0 0 0 0 0 0 0 0 0 0 0 0
 0 0 0 0 0 0 0 0 0 0 0 0 0 0 0 0 0 0 0 0 0 0 0 0 0 0
 0 0 0 0 0 0 0 0 0 0 0 0 0 0 0 0 0 0 0 0 0 0 0 0 0 0
 0 0 0 0 0 0 0 0 0 0 0 0 0 0 0 0 0 0 0 0 0 0 0 0 0 0
 0 0 0 0 0 0 0 0 0 0 0 0 0 0 0 0 0 0 0 0 0 0 0 0 0 0
 0.00862536 0 0 0.000197151 0.00414017 0.0128641 0.00837892 0.0270097 0.101434 0.158115 0.152841 0.127902 0.109271 0.109419 0.0830992 0.0579132 0.0238553 0.00714673 0.00463305 0.00128148 0.00103504 0.000492878 0.000147863 0.000147863 4.92878e-05 0
 0 0 0 0 0 0 0 0 0 0 0 0 0 0 0 0 0 0 0 0 0 0 0 0 0 0
 0 0 0 0 0 0 0 0.0054083 0.00873648 0.0413646 0.0450493 0.0745869 0.0622846 0.0627006 0.0613931 0.0827291 0.12552 0.122667 0.0946155 0.0697135 0.0546179 0.0294188 0.0215738 0.0213955 0.0102223 0.00600262
 0 0 0 0 0.00359764 0.0251062 0.0480494 0.140153 0.205849 0.193036 0.1447 0.116669 0.0760912 0.0342217 0.00950174 0.001854 0.000860785 0 0 0 0.000165536 0 0.000143464 0 0 0
 0 0 0 0 0 0 0 0.000145254 0.000435761 0.0275982 0.070085 0.0708112 0.156366 0.174668 0.174014 0.160142 0.0824315 0.0480064 0.0283245 0.00493863 0.00203355 0 0 0 0 0
 0 0 0 0 0 0 0 0 0 0 0 0 0 0 0 0 0 0 0 0 0 0 0 0 0 0
 0 0 1.00437e-05 0.000401748 0.00122533 0.00171747 0.00176769 0.0269171 0.070346 0.194647 0.189555 0.159765 0.064822 0.0314167 0.0384472 0.0292271 0.0345202 0.0313363 0.0194345 0.0106764 0.0143323 0.0359363 0.0279516 0.0138201 0.00172751 0
 0 0.0021121 0.0136068 0.0755702 0.200478 0.177729 0.0527432 0.0373336 0.0318909 0.0142505 0.0149659 0.0166563 0.0217959 0.0798694 0.0677717 0.0528807 0.04013 0.0224614 0.0357745 0.0225083 0.00881397 0.00855152 0.00135912 0.000746735 0 0
 0 0 0 0 5.4009e-05 0.00500934 0.000945158 0.0243581 0.138947 0.33067 0.221406 0.137944 0.0707744 0.0437923 0.0131692 0.00525238 0.0047753 0.00276346 9.45158e-05 9.00151e-06 2.25038e-05 9.00151e-06 4.50075e-06 0 0 0
 0.000866109 0.00284123 0.00948549 0.0512746 0.133035 0.25785 0.225252 0.132002 0.0553304 0.0519788 0.0540692 0.017754 0.00435017 0.00159236 0.00146478 0.000404838 0.000125132 0.000115318 0.000107957 0.000100596 0 0 0 0 0 0
 0 0 0 0 0.00144013 0.00171154 0.00461396 0.0210425 0.0478622 0.0707936 0.0888783 0.103762 0.0637923 0.0337046 0.0602308 0.124433 0.169614 0.0934646 0.0462172 0.0250306 0.0313229 0.00938855 0.002487 0.000210481 0 0
 0 0.00764035 0.051015 0.0998891 0.058973 0.0496711 0.0374665 0.0718981 0.12319 0.153886 0.159021 0.0857701 0.0377988 0.023471 0.0147837 0.00900784 0.00315554 0.000888139 0.00291439 0.00214683 0.00393193 0.00274676 0.000635225 9.99891e-05 0 0
 0 0 0 0 0 0 0 0 0 0 0 0 0 0 0 0 0 0 0 0 0 0 0 0 0 0
 0 0 0 0 0 0 0 0 0 0 0 0 0 0 0 0 0 0 0 0 0 0 0 0 0 0
 0 0 0 0 0 0 0 0 0 0 0 0 0 0 0 0 0 0 0 0 0 0 0 0 0 0
 0 0 0 0 0 0 0 0 0 0 0 0 0 0 0 0 0 0 0 0 0 0 0 0 0 0
 0 0 0 0 0 0 0 0 0 0 0 0 0 0 0 0 0 0 0 0 0 0 0 0 0 0
 0 0 0 0 0 0 0 0 0 0 0 0 0 0 0 0 0 0 0 0 0 0 0 0 0 0
 0 0 0 0 0 0 0 0 0 0 0 0 0 0 0 0 0 0 0 0 0 0 0 0 0 0
 0 0 0 0 0 0 0 0 0 0 0 0 0 0 0 0 0 0 0 0 0 0 0 0 0 0
ppred_pel_tallas
 1.13459e-16 3.97885e-05 0.000386758 0.00257015 0.0116835 0.0363518 0.0774518 0.113045 0.113056 0.0775047 0.0365312 0.0122091 0.00391754 0.00342062 0.00607207 0.0106789 0.0170131 0.0247863 0.0336015 0.0430699 0.0526783 0.0614384 0.0677447 0.0698181 0.0665803 0.0583498
 1.24694e-16 3.7917e-05 0.000368566 0.00244925 0.011134 0.034642 0.0738095 0.107732 0.107758 0.0739333 0.0350581 0.0123372 0.00547571 0.00699691 0.0126935 0.021113 0.0308854 0.039926 0.0462332 0.0491339 0.0497723 0.0502946 0.0523144 0.0558354 0.059331 0.0607348
 1.19506e-16 5.05682e-05 0.000491541 0.00326646 0.0148489 0.0462004 0.0984356 0.143673 0.143691 0.0985205 0.0464861 0.0156757 0.00534889 0.00506133 0.00880078 0.0146606 0.0215749 0.0281323 0.0329579 0.0355148 0.0364324 0.0369996 0.0382175 0.0401597 0.0420374 0.0427624
 1.07383e-16 6.40588e-05 0.000622674 0.00413789 0.0188103 0.0585258 0.124696 0.182 0.182013 0.124761 0.0587435 0.0194396 0.00571984 0.00408354 0.00665933 0.0109686 0.0159423 0.0203732 0.0230903 0.0235959 0.0223666 0.0205043 0.0190135 0.0182686 0.0179917 0.0176091
 1.0486e-16 5.68444e-05 0.000552548 0.00367187 0.0166918 0.0519346 0.110653 0.161506 0.161529 0.110767 0.0523171 0.017797 0.00644698 0.00661347 0.0115762 0.0190709 0.027523 0.0347344 0.0385073 0.0378428 0.0335332 0.027607 0.0220868 0.018027 0.0153915 0.0135623
 1.03546e-16 6.3783e-05 0.000619994 0.00412008 0.0187293 0.0582738 0.124159 0.181217 0.181232 0.124233 0.0585217 0.0194458 0.00592124 0.00456035 0.00757193 0.0124816 0.0181252 0.0231099 0.0260528 0.0263072 0.0243154 0.0212448 0.0182178 0.0157574 0.013777 0.0119418
 1.05821e-16 4.42997e-05 0.000430608 0.00286155 0.0130082 0.0404735 0.0862344 0.125869 0.125903 0.0864037 0.041042 0.0146508 0.00698662 0.0094419 0.0171768 0.0283756 0.0409881 0.0517916 0.0575271 0.0566944 0.0504262 0.0416661 0.0333429 0.0269756 0.022525 0.0191606
 1.11245e-16 4.17371e-05 0.000405699 0.00269602 0.0122557 0.0381322 0.0812457 0.118586 0.118612 0.0813729 0.0385601 0.0134943 0.00581604 0.00725295 0.0131524 0.0219564 0.0322784 0.0419627 0.0488069 0.0517597 0.0514305 0.0494185 0.0470577 0.0446443 0.0416375 0.0374237
 1.14093e-16 4.80667e-05 0.000467225 0.00310488 0.0141143 0.043915 0.0935664 0.136567 0.136588 0.0936669 0.044253 0.0150925 0.00556795 0.00587016 0.0103869 0.0173025 0.0254156 0.0330276 0.0384533 0.0409745 0.0412337 0.0406541 0.0403575 0.0404641 0.040222 0.0386868
 1.08795e-16 6.03733e-05 0.00058685 0.00389983 0.0177281 0.0551587 0.117522 0.17153 0.171545 0.117596 0.0554081 0.0184493 0.00571371 0.00455795 0.00763632 0.0126203 0.0183947 0.0236112 0.0269509 0.0278488 0.0268258 0.0250838 0.02369 0.0229936 0.0226318 0.0219571
 1.03197e-16 6.87054e-05 0.000667841 0.00443804 0.0201747 0.062771 0.133741 0.195201 0.195213 0.133798 0.0629644 0.0207335 0.00584164 0.00373478 0.00590197 0.00967151 0.0139812 0.017703 0.0197399 0.0195981 0.0176766 0.0149811 0.0124953 0.0107031 0.00953957 0.00866195
 1.02127e-16 6.35408e-05 0.000617639 0.00410443 0.0186581 0.0580525 0.123688 0.18053 0.180548 0.123778 0.0583545 0.0195304 0.00629391 0.00539754 0.00914217 0.0150152 0.0216284 0.0272083 0.0299908 0.0291629 0.0253397 0.0201385 0.0152032 0.0114409 0.00891057 0.00720347
 1.02788e-16 5.94172e-05 0.000577557 0.00383807 0.0174473 0.0542852 0.115661 0.168815 0.168836 0.115763 0.0546274 0.0184362 0.00632201 0.0060054 0.0103836 0.0171129 0.0247404 0.0313075 0.0348492 0.0344451 0.0307384 0.0254491 0.0202954 0.0161808 0.0131216 0.0107024
 1.04189e-16 5.62043e-05 0.000546326 0.00363053 0.0165039 0.0513498 0.109407 0.159687 0.15971 0.109516 0.0517157 0.0175614 0.00628781 0.00635641 0.0111177 0.018362 0.026612 0.0338139 0.0379031 0.0379156 0.0345254 0.0295121 0.0246128 0.0206785 0.017632 0.0149867
 1.03751e-16 6.37043e-05 0.000619228 0.00411499 0.0187061 0.0582019 0.124006 0.180993 0.181008 0.12408 0.0584497 0.0194227 0.00591611 0.00455912 0.00756993 0.012476 0.0181123 0.0230857 0.0260158 0.0262638 0.0242846 0.0212592 0.0183169 0.0159732 0.0141181 0.012384
 1.00734e-16 7.76805e-05 0.000755082 0.00501778 0.0228101 0.0709708 0.151211 0.220698 0.220702 0.151232 0.0710408 0.0230125 0.00552596 0.00186519 0.0021882 0.00350048 0.00504901 0.00637895 0.00708434 0.00698025 0.00620655 0.00512651 0.00410173 0.00332005 0.00277676 0.002369
 1.01669e-16 3.67949e-05 0.00035766 0.00237678 0.0108045 0.0336171 0.0716267 0.104552 0.104602 0.0718723 0.0344414 0.0131841 0.00834583 0.0133749 0.0247197 0.0407057 0.0583933 0.0729227 0.0793659 0.0754503 0.0629397 0.0465001 0.0309985 0.0193081 0.0118692 0.007635
 1.01644e-16 7.5121e-05 0.000730203 0.00485246 0.0220586 0.0686324 0.146229 0.213426 0.21343 0.146248 0.0686963 0.0222438 0.00532037 0.00176151 0.00206249 0.0033655 0.00501406 0.00666435 0.00800715 0.00887806 0.00931143 0.00944078 0.0093405 0.00896065 0.00820299 0.00704922
 1.02264e-16 5.29654e-05 0.000514843 0.00342131 0.0155528 0.0483907 0.103103 0.150488 0.150519 0.103256 0.0489051 0.017038 0.0071472 0.00864099 0.0154641 0.0254248 0.0364894 0.0456161 0.0497497 0.0474991 0.0399878 0.0301336 0.0209473 0.0141568 0.00994335 0.007558
 1.04823e-16 5.33994e-05 0.000519061 0.00344934 0.0156802 0.0487871 0.103947 0.151718 0.15174 0.104055 0.0491495 0.0167284 0.00608638 0.00629546 0.0110814 0.018385 0.0268259 0.0344525 0.0392807 0.0403455 0.0381901 0.0343383 0.0302232 0.0264638 0.0229277 0.0192766
 1.04418e-16 6.3936e-05 0.000621481 0.00412996 0.0187742 0.0584136 0.124457 0.181651 0.181666 0.124526 0.0586453 0.0194442 0.00581437 0.00430752 0.00709093 0.0116918 0.017003 0.0217372 0.0246266 0.0250942 0.0235732 0.0211514 0.018838 0.0170431 0.0155834 0.0140529
 1.03019e-16 6.4584e-05 0.00062778 0.00417182 0.0189645 0.0590057 0.125718 0.183493 0.183509 0.125798 0.0592717 0.0197332 0.00610213 0.00484411 0.00807945 0.0132742 0.0191625 0.0241983 0.0268529 0.026428 0.023464 0.0193548 0.0154882 0.0125847 0.0106211 0.009188
 1.06815e-16 3.07825e-05 0.000299217 0.00198841 0.00903903 0.028124 0.059923 0.0874693 0.0875169 0.0601552 0.028904 0.0112924 0.00764747 0.0126619 0.023536 0.0389293 0.0562359 0.071052 0.0788922 0.0776701 0.068902 0.0565942 0.0447596 0.035524 0.0289228 0.0239304
 1.06693e-16 6.37901e-05 0.000620063 0.00412054 0.0187314 0.0582803 0.124173 0.181235 0.181244 0.124213 0.0584176 0.0191302 0.00512944 0.00284849 0.00437237 0.00732755 0.011018 0.0148386 0.018196 0.0207913 0.0227124 0.024192 0.0252564 0.025603 0.0248104 0.0226754
 1.06118e-16 5.54561e-05 0.000539053 0.0035822 0.0162842 0.0506662 0.107951 0.157562 0.157587 0.10807 0.051067 0.0174419 0.00648839 0.00688386 0.0121078 0.0199371 0.0287402 0.0362109 0.0400554 0.0392632 0.0347296 0.0286581 0.0232199 0.0195043 0.0173736 0.0160221
 1.09066e-16 4.06415e-05 0.00039505 0.00262525 0.011934 0.0371313 0.0791135 0.115475 0.115508 0.0792752 0.0376746 0.0135049 0.00657452 0.00903688 0.0165134 0.0273935 0.0398272 0.0508595 0.0574843 0.0582943 0.0542521 0.047889 0.0416229 0.0365538 0.0324541 0.0285664
 1.06763e-16 6.31319e-05 0.000613665 0.00407802 0.0185381 0.0576789 0.122891 0.179366 0.179377 0.122946 0.057864 0.0190741 0.00542891 0.00358055 0.00575058 0.0095462 0.0140744 0.0183959 0.0215927 0.0232461 0.0236391 0.023448 0.0231863 0.0228728 0.0221407 0.0206066
 1.04737e-16 6.05666e-05 0.000588728 0.00391231 0.0177848 0.0553352 0.117898 0.17208 0.1721 0.117994 0.0556568 0.0187138 0.0062447 0.00568232 0.0097404 0.0160244 0.0231221 0.0291787 0.0323558 0.0318319 0.0282981 0.0234824 0.0190905 0.0159834 0.0140734 0.0127678
 1.08214e-16 3.50127e-05 0.000340336 0.00226166 0.0102812 0.0319888 0.068157 0.0994857 0.0995266 0.0683569 0.0326603 0.012222 0.0071378 0.0109997 0.0203222 0.0336543 0.0487416 0.0618495 0.0691761 0.0689512 0.0624393 0.0529671 0.0438066 0.0365975 0.0312366 0.0268049
 1.13483e-16 4.51753e-05 0.00043912 0.00291811 0.0132653 0.0412734 0.087938 0.128352 0.128371 0.0880301 0.0415837 0.0141651 0.00519003 0.00544294 0.00967855 0.0162711 0.0242383 0.0321737 0.0386439 0.0429652 0.0454812 0.0470292 0.0480743 0.0482882 0.0468758 0.043267
 1.06308e-16 6.80166e-05 0.000661145 0.00439354 0.0199724 0.0621416 0.1324 0.193243 0.193252 0.132445 0.0622942 0.0204137 0.00550364 0.0030923 0.0047088 0.00774078 0.0112997 0.0145511 0.016708 0.0174492 0.0171116 0.0164294 0.0160222 0.0160353 0.0161566 0.0159066
 1.06406e-16 4.42511e-05 0.000430136 0.00285841 0.0129939 0.0404292 0.0861399 0.125731 0.125768 0.0863201 0.041034 0.0147408 0.00724295 0.0100003 0.018216 0.0300364 0.0432481 0.0543608 0.0598558 0.058139 0.050507 0.040281 0.0308207 0.0239521 0.0197153 0.0171339
pSPR Fmed_Fpbrs
0.549919   0.6 0.325
Fs Fmed_Fpbrs
0.341307   0.286934 0.703704
SSBpbr Bo_Bmed_Bpbrs
2.59352e+06  1.29655e+06  1.42643e+06 713217
Ro
193308
SPR SPRFo_SPRFmed_SPRFpbrs
1.39145e+06 765187 452222
Fref
0.286934
Nvult_r0
 100896 73582.6 8497.5 2960.26 3976.27
CTP_r0
 5761.53 5326.91 623.958 217.531 292.203
YTP_r0
218838
Np
 234367 69255.1 14823.9 10481.2 1541.44
Nvult_p0
 165112 50044.5 10729.8 7587.17 1115.82
CTP_p0
 29673.4 8502.34 6120.4 706.018 329.517
 29673.4 11018.4 2390.72 1691.57 248.782
YTP_p0
 553149 535302
CBA_c0
351056
log_Ro
11.992
likeval ReclasPelacesDesembMPH_pf_preclas_ppelaces_ptallas_desvR_qrecl_qpela
 15.5877 17.4567 0.0689744 0.000810366 230.374 128.836 111.858 0 22.4526 2.41068e-06 1.26662e-07 0.349243 6.54573e-16 0 0
q_reclas_q_pelaces
0.802859 0.950914
M
1
N
 208308 46587.6 171750 9670.41 0.314382
 118593 70090.7 15277 56220.5 3165.31
 122641 37091.3 20918.3 4544.67 17663.3
 206151 38519.3 11130 6257.26 6641.88
 166619 59504.8 10366.7 2981 3453.92
 269568 56520.3 19718.1 3429.67 2128.72
 115576 84039.6 16798.4 5841.18 1646.29
 55611.2 29763.2 19524.8 3875.18 1726.6
 50634.7 19348.6 10190.1 6677.31 1915.65
 65476.8 14994.2 5381.75 2822.13 2379.26
 121943 18154.7 3831.57 1367.53 1321.29
 156310 41780.7 6093.89 1284.31 901.196
 129671 41726.5 10167.1 1473.49 528.266
 92756.6 35303.7 10414.9 2522.56 496.494
 95062 20783.3 6855.41 2002.57 580.193
 499053 25052.6 4974.46 1629.99 613.875
 113396 138257 6395.02 1262.66 569.383
 773091 35023.3 40600.1 1871.42 536.023
 439927 237208 10197.8 11779.1 698.321
 337124 125058 62594.6 2677.25 3274.81
 501553 98348.2 34120.2 16999.5 1616.06
 681892 154302 28734.7 9933.64 5418.64
 147213 200113 42422.9 7864.76 4200.92
 422926 47573.8 62294.9 13172.2 3745.84
 358046 138600 15079.1 19699.9 5349.42
 165581 117307 43916.1 4766.9 7917.72
 357949 55523.3 38297.8 14311.2 4133.18
 414144 117212 17580.6 12098.4 5825.89
 135598 137997 37956 5681.81 5792.27
 126374 45637.8 45267.5 12428.8 3756.86
 345505 41408 14462.3 14312 5116.71
 154337 111533 12872.1 4484.09 6023.09
pred_Ctot
 11322.7 3228.96 12078.8 680.624 0.0221277
 11381.5 8506.05 1880.15 6924.22 389.86
 11484.1 4394.05 2513.15 546.41 2123.76
 28626 6704.08 1963.27 1104.53 1172.47
 8259.77 3764.93 665.588 191.543 221.939
 26349.5 6983.59 2470.67 430.055 266.936
 22559.4 20314.5 4112.09 1430.82 403.278
 1915.38 1312.26 873.732 173.55 77.3292
 6354.38 3051.89 1629.31 1068.42 306.528
 10431.4 2981.21 1084.15 568.913 479.653
 5322.23 1012.5 216.86 77.4599 74.8441
 27824.2 9244.61 1365.8 288.043 202.127
 21833.5 8751.2 2160.2 313.287 112.322
 23857.2 11090.6 3310.26 802.262 157.908
 17511 4752.43 1587.73 464.112 134.469
 79713.9 4993.59 1004.62 329.414 124.066
 11665.1 17959.6 842.352 166.441 75.0575
 82305.7 4704.93 5530.27 255.099 73.0699
 64542.6 43547.7 1897.23 2192.95 130.014
 44954 20925.5 10616 454.384 555.823
 52670.4 13036 4585.85 2286.46 217.371
 88807.5 25233.2 4763.05 1647.78 898.869
 11431.2 19722.3 4241.1 786.849 420.309
 29462.5 4213.11 5596.68 1184.32 336.803
 24997.6 12301 1357.67 1775.06 482.029
 9332.64 8427.46 3201.25 347.749 577.628
 25101.3 4949.24 3463.2 1295.12 374.056
 24872.6 8966.05 1364.46 939.702 452.524
 7349.27 9537.22 2661.76 398.759 406.527
 8815.98 4047.23 4072.51 1119.02 338.259
 27043.4 4113.12 1457.19 1443.14 515.959
 5761.53 5326.91 623.958 217.531 292.203
F
 0.0892288 0.114985 0.116759 0.116854 0.116859
 0.162314 0.209167 0.212394 0.212566 0.212575
 0.158101 0.203737 0.20688 0.207048 0.207057
 0.242552 0.312565 0.317387 0.317645 0.317658
 0.0811067 0.104518 0.106131 0.106217 0.106221
 0.165534 0.213316 0.216606 0.216782 0.216792
 0.356652 0.459601 0.466691 0.467071 0.467091
 0.0557651 0.0718619 0.0729705 0.0730298 0.0730329
 0.216976 0.279606 0.28392 0.28415 0.284162
 0.282766 0.364388 0.370009 0.37031 0.370326
 0.0711152 0.0916428 0.0930566 0.0931322 0.0931362
 0.320705 0.413278 0.419653 0.419994 0.420012
 0.301012 0.3879 0.393884 0.394204 0.394221
 0.495827 0.638949 0.648806 0.649333 0.649361
 0.333553 0.429834 0.436465 0.436819 0.436838
 0.283596 0.365457 0.371095 0.371397 0.371413
 0.17487 0.225346 0.228822 0.229008 0.229018
 0.181459 0.233838 0.237445 0.237638 0.237648
 0.257834 0.332258 0.337384 0.337658 0.337672
 0.231935 0.298884 0.303495 0.303742 0.303755
 0.178798 0.230409 0.233963 0.234153 0.234163
 0.225989 0.291222 0.295715 0.295955 0.295968
 0.129595 0.167003 0.169579 0.169717 0.169724
 0.115601 0.14897 0.151268 0.151391 0.151398
 0.115868 0.149314 0.151617 0.151741 0.151747
 0.0926551 0.1194 0.121242 0.121341 0.121346
 0.116406 0.150007 0.152321 0.152445 0.152451
 0.0989854 0.127558 0.129526 0.129631 0.129636
 0.0889619 0.114641 0.11641 0.116504 0.116509
 0.115771 0.149189 0.15149 0.151614 0.15162
 0.130689 0.168413 0.171011 0.17115 0.171157
 0.060562 0.0780434 0.0792474 0.0793118 0.0793152
YTP_r0W_actual
 49549.2 132107 17408.4 8113.91 11658.9
YTP_p0W_proyectada
 223738 148366 147318 22112.5 11615.5
 223738 192270 57544.5 52980 8769.58
CTP_r0_actual
 5761.53 5326.91 623.958 217.531 292.203
CTP_p0_proyectada
 29673.4 8502.34 6120.4 706.018 329.517
 29673.4 11018.4 2390.72 1691.57 248.782
Wmedp
 7.54 17.45 24.07 31.32 35.25
Frms_r0
 0.060562 0.0780434 0.0792474 0.0793118 0.0793152
Zrms_r0
 1.06056 1.07804 1.07925 1.07931 1.07932
nmprior
 7.27 8.72 9 0
nm_flota  nm_reclas  nm_pelaces    nm_pelaL
inf 11.8904 19.489 63.9299
cv_recla  cv_pelaces  cv_mph
0.349271 0.45769 0.878509
 ------------------------------------------------
Talla a la edad & desviaci?n 
 8 13.2811 15.8009 17.003 17.5766
 0.8 1.32811 1.58009 1.7003 1.75766
