years
 1991 1992 1993 1994 1995 1996 1997 1998 1999 2000 2001 2002 2003 2004 2005 2006 2007 2008 2009 2010 2011 2012 2013 2014 2015 2016 2017 2018 2019 2020 2021 2022
reclasobs
 0 0 0 0 0 0 0 0 0 252601 567819 844713 477998 351125 339783 2.1784e+06 2.13404e+06 4.81314e+06 1.55562e+06 2.62356e+06 3.21686e+06 3.843e+06 1.13348e+06 3.07943e+06 1.97215e+06 2.03268e+06 2.025e+06 2.42433e+06 2.27542e+06 1.05018e+06 2.36338e+06 3.18982e+06
reclaspred
 9.86478e+06 2.86309e+06 1.39765e+06 1.05241e+06 139451 1.09651e+07 9.69797e+06 5.99526e+06 2.69739e+06 225186 333660 911410 693213 577682 394819 2.07067e+06 867032 5.18514e+06 2.57286e+06 2.30575e+06 2.80165e+06 3.53227e+06 1.76527e+06 3.15384e+06 2.65688e+06 1.64408e+06 2.07452e+06 3.87823e+06 3.15656e+06 968440 1.91201e+06 1.42641e+06
pelacesobs
 0 0 0 0 0 0 0 0 0 0 0 0 0 0 0 552880 188675 0 991730 2.46772e+06 1.41603e+06 1.21717e+06 2.29649e+06 1.80582e+06 0 1.4828e+06 1.56532e+06 1.57751e+06 1.42118e+06 867257 1.10002e+06 1.06204e+06
pelacespred
 6.93319e+06 1.85371e+06 797506 426999 40374.2 8.38313e+06 6.87345e+06 4.52534e+06 1.95902e+06 81647.3 203721 452761 344777 290347 188249 1.09692e+06 346669 3.57211e+06 1.32456e+06 1.11911e+06 1.45376e+06 1.94274e+06 884551 2.205e+06 1.6253e+06 916717 1.52291e+06 2.67381e+06 1.93763e+06 546579 1.0337e+06 758142
mphobs
 0 0 0 0 0 0 0 0 0 0 0 498337 0 5186 125008 0 168611 109162 213762 579715 649985 157893 87575 83554 0 0 0 0 0 0 0 0
mphpred
 2.26145e+06 923547 165433 196322 65912.9 5476.53 2.26285e+06 1.28656e+06 700475 150341 5232.86 48141.9 90980 43076 27596 26762 265828 57841.6 686567 169109 316253 242848 457742 154071 392305 350894 142582 231878 684530 280204 65635.6 309607
desembarqueobs
 494567 514787 250237 358949 120608 361735 552515 73892 212993 205616 52469 317467 293654 387597 252695 516296 358380 742168 942051 627588 828172 859565 418607 520667 417249 300574 415391 372974 316634 284311 391294 218835
desembarquepred
 494493 514308 250159 358187 120440 361628 552149 73879.4 212788 205146 52439.9 317017 293128 386701 252242 515559 357837 741288 939667 626237 827136 858136 417966 520127 416605 300116 414822 372567 316132 283469 390727 218708
Reclutas
 3495.46 2223.46 181304 44572 2656.2 783890 3261.43 1041.87 1947.18 3225.21 32249.4 116526 66281.1 70284.3 40748.8 260337 6891.49 473698 106984 247326 161671 444872 8937.02 156365 158040 20139.1 118823 192254 22244.3 19769.8 125846 5793.11
log_desv_Rt
 -2.34781 -2.80021 1.60089 0.197827 -2.62238 3.06499 -2.41711 -3.55826 -2.9329 -2.42828 -0.125779 1.15883 0.594626 0.65327 0.108148 1.9627 -1.66899 2.56129 1.0734 1.91143 1.48628 2.49851 -1.40908 1.45292 1.46357 -0.596615 1.17836 1.65954 -0.497195 -0.615121 1.23578 -1.84261
SSB
 1.93944e+06 792040 141876 168367 56527.3 4696.7 1.94064e+06 1.10336e+06 600732 128933 4487.73 41286.8 78025 36942.2 23666.5 22951.3 227976 49605.3 588804 145029 271221 208268 392562 132133 336443 300929 122279 198860 587057 240305 56289.5 265521
BT
 2.38427e+06 1.08073e+06 482331 388402 110593 3.45478e+06 2.39112e+06 1.31857e+06 768490 258403 118853 423700 380961 508976 314874 813678 377830 2.00754e+06 1.28196e+06 877007 1.18715e+06 1.40666e+06 592257 1.30289e+06 888863 526455 987893 1.27141e+06 812008 454568 681686 384747
Ftot
 0.268561 0.904958 0.898871 1.47644 2.80754 0.174429 0.282448 0.0675733 0.42417 2.9839 0.793809 1.58845 1.81744 2.64433 2.56368 1.20627 1.67173 0.726006 1.55471 1.29055 1.34908 1.16499 1.06978 0.829219 0.766724 0.865901 0.985901 0.491639 0.491448 1.34636 1.00875 0.726302
BD_Bspro_t
 0.95794 0.661887 0.270095 0.317205 0.104294 0.0134325 0.78755 0.635714 0.571631 0.253874 0.0223632 0.250422 0.204755 0.0901953 0.0552461 0.0558542 0.249358 0.071048 0.374187 0.129036 0.179026 0.146047 0.244939 0.111263 0.268908 0.291379 0.181156 0.295054 0.518835 0.312993 0.125786 0.336954
BD_Bspro
 7.36734 3.00872 0.538945 0.639576 0.21473 0.0178414 7.3719 4.19134 2.282 0.489778 0.0170475 0.156836 0.296394 0.140332 0.0899018 0.087185 0.866012 0.188436 2.23669 0.550921 1.03029 0.791148 1.49123 0.501932 1.27805 1.14314 0.464502 0.755409 2.23005 0.912846 0.213827 1.00863
BD_Bo
 2.84159 1.16046 0.207871 0.246685 0.0828216 0.00688142 2.84334 1.6166 0.880168 0.188907 0.00657524 0.0604918 0.114319 0.0541263 0.0346752 0.0336273 0.334021 0.0726797 0.862692 0.212491 0.397382 0.305146 0.575166 0.193595 0.492943 0.440909 0.179159 0.291361 0.860133 0.352085 0.082473 0.38903
BD_Brms
 5.16652 2.10994 0.377948 0.448518 0.150585 0.0125117 5.16972 2.93927 1.60031 0.343468 0.011955 0.109985 0.207853 0.0984114 0.0630457 0.0611406 0.607311 0.132145 1.56853 0.386347 0.722513 0.554811 1.04576 0.351991 0.896259 0.801653 0.325743 0.529748 1.56388 0.640154 0.149951 0.707327
Sel_flota
 0.685299 1 1 1 1
 0.685299 1 1 1 1
 0.685299 1 1 1 1
 0.685299 1 1 1 1
 0.685299 1 1 1 1
 0.685299 1 1 1 1
 0.685299 1 1 1 1
 0.685299 1 1 1 1
 0.685299 1 1 1 1
 0.685299 1 1 1 1
 0.685299 1 1 1 1
 0.685299 1 1 1 1
 0.685299 1 1 1 1
 0.685299 1 1 1 1
 0.685299 1 1 1 1
 0.685299 1 1 1 1
 0.685299 1 1 1 1
 0.685299 1 1 1 1
 0.685299 1 1 1 1
 0.685299 1 1 1 1
 0.685299 1 1 1 1
 0.685299 1 1 1 1
 0.685299 1 1 1 1
 0.685299 1 1 1 1
 0.685299 1 1 1 1
 0.685299 1 1 1 1
 0.685299 1 1 1 1
 0.685299 1 1 1 1
 0.685299 1 1 1 1
 0.685299 1 1 1 1
 0.685299 1 1 1 1
 0.685299 1 1 1 1
Sel_reclas
 0.649636 0.903208 0.97915 0.995787 0.99916
 0.649636 0.903208 0.97915 0.995787 0.99916
 0.649636 0.903208 0.97915 0.995787 0.99916
 0.649636 0.903208 0.97915 0.995787 0.99916
 0.649636 0.903208 0.97915 0.995787 0.99916
 0.649636 0.903208 0.97915 0.995787 0.99916
 0.649636 0.903208 0.97915 0.995787 0.99916
 0.649636 0.903208 0.97915 0.995787 0.99916
 0.649636 0.903208 0.97915 0.995787 0.99916
 0.649636 0.903208 0.97915 0.995787 0.99916
 0.649636 0.903208 0.97915 0.995787 0.99916
 0.649636 0.903208 0.97915 0.995787 0.99916
 0.649636 0.903208 0.97915 0.995787 0.99916
 0.649636 0.903208 0.97915 0.995787 0.99916
 0.649636 0.903208 0.97915 0.995787 0.99916
 0.649636 0.903208 0.97915 0.995787 0.99916
 0.649636 0.903208 0.97915 0.995787 0.99916
 0.649636 0.903208 0.97915 0.995787 0.99916
 0.649636 0.903208 0.97915 0.995787 0.99916
 0.649636 0.903208 0.97915 0.995787 0.99916
 0.649636 0.903208 0.97915 0.995787 0.99916
 0.649636 0.903208 0.97915 0.995787 0.99916
 0.649636 0.903208 0.97915 0.995787 0.99916
 0.649636 0.903208 0.97915 0.995787 0.99916
 0.649636 0.903208 0.97915 0.995787 0.99916
 0.649636 0.903208 0.97915 0.995787 0.99916
 0.649636 0.903208 0.97915 0.995787 0.99916
 0.649636 0.903208 0.97915 0.995787 0.99916
 0.649636 0.903208 0.97915 0.995787 0.99916
 0.649636 0.903208 0.97915 0.995787 0.99916
 0.649636 0.903208 0.97915 0.995787 0.99916
 0.649636 0.903208 0.97915 0.995787 0.99916
Sel_pelaces
 0.736473 1 1 1 1
 0.736473 1 1 1 1
 0.736473 1 1 1 1
 0.736473 1 1 1 1
 0.736473 1 1 1 1
 0.736473 1 1 1 1
 0.736473 1 1 1 1
 0.736473 1 1 1 1
 0.736473 1 1 1 1
 0.736473 1 1 1 1
 0.736473 1 1 1 1
 0.736473 1 1 1 1
 0.736473 1 1 1 1
 0.736473 1 1 1 1
 0.736473 1 1 1 1
 0.736473 1 1 1 1
 0.736473 1 1 1 1
 0.736473 1 1 1 1
 0.736473 1 1 1 1
 0.736473 1 1 1 1
 0.736473 1 1 1 1
 0.736473 1 1 1 1
 0.736473 1 1 1 1
 0.736473 1 1 1 1
 0.736473 1 1 1 1
 0.736473 1 1 1 1
 0.736473 1 1 1 1
 0.736473 1 1 1 1
 0.736473 1 1 1 1
 0.736473 1 1 1 1
 0.736473 1 1 1 1
 0.736473 1 1 1 1
pf_obs 
 0.8446 0.082 0.0669 0.0065 0
 0.8095 0.147 0.0364 0.0071 0
 0.9664 0.0169 0.016 0.0007 0
 0.9276 0.0648 0.0075 0.0001 0
 0.7033 0.2144 0.0806 0.0017 0
 0.9318 0.0425 0.0243 0.0014 0
 0.5671 0.3108 0.0964 0.0239 0.0018
 0.0768 0.2599 0.5324 0.112 0.0189
 0.490249 0.384438 0.106611 0.0170017 0.00170017
 0.7925 0.1577 0.0466 0.003 0.0002
 0.840416 0.127587 0.0312969 0.00059994 9.999e-05
 0.8084 0.0986 0.0794 0.0134 0.0002
 0.7335 0.1905 0.0724 0.0035 0.0001
 0.4001 0.4547 0.1325 0.0127 0
 0.49795 0.308269 0.164784 0.0264974 0.00249975
 0.9179 0.0499 0.0305 0.0017 0
 0.2467 0.6533 0.0926 0.0074 0
 0.9418 0.0223 0.034 0.0019 0
 0.707729 0.231977 0.0356964 0.0245975 0
 0.517169 0.277429 0.184464 0.0207286 0.00020938
 0.811772 0.124168 0.05621 0.00726502 0.000585176
 0.764997 0.148141 0.077277 0.00933861 0.000247198
 0.163321 0.427699 0.378323 0.0303852 0.000271297
 0.753843 0.0900009 0.118128 0.0371064 0.000921714
 0.721811 0.176058 0.0630433 0.0369309 0.00215725
 0.143369 0.312575 0.442814 0.0836902 0.0175525
 0.692698 0.0596174 0.167031 0.0765114 0.00414204
 0.394062 0.376323 0.152708 0.0712218 0.00568511
 0.125707 0.32114 0.495352 0.0537591 0.00404204
 0.23352 0.215282 0.420074 0.123614 0.00750983
 0.796117 0.104755 0.0508955 0.0450114 0.00322123
 0.162477 0.292055 0.404252 0.121198 0.0200186
pf_pred 
 0.0209618 0.165081 0.713421 0.100536 6.06022e-07
 0.0478213 0.0302995 0.155443 0.67177 0.0946668
 0.961945 0.00307584 0.00111309 0.00571038 0.0281559
 0.491164 0.497578 0.000909923 0.000329284 0.0100187
 0.202084 0.525172 0.266709 0.000487732 0.00554665
 0.999375 0.000259589 0.000240801 0.000122291 2.76688e-06
 0.00896535 0.990623 0.000170685 0.000158332 8.22284e-05
 0.00990644 0.0135974 0.976091 0.000168181 0.000237031
 0.0529974 0.0137961 0.0128161 0.920008 0.000381931
 0.298924 0.0570527 0.00938222 0.00871579 0.625925
 0.988732 0.00626687 0.000406954 6.69229e-05 0.00452686
 0.931152 0.0683921 0.00025362 1.64694e-05 0.00018591
 0.783743 0.208725 0.00748215 2.77462e-05 2.21405e-05
 0.883924 0.102964 0.0126553 0.000453656 3.02472e-06
 0.88707 0.107657 0.00467693 0.000574841 2.07437e-05
 0.986825 0.0125657 0.000581085 2.5244e-05 3.2147e-06
 0.116754 0.876994 0.00596226 0.000275718 1.35033e-05
 0.989572 0.00225793 0.00811233 5.51518e-05 2.67534e-06
 0.446073 0.550483 0.000745577 0.00267873 1.90948e-05
 0.898969 0.0627136 0.0380793 5.15748e-05 0.00018662
 0.762438 0.224358 0.00819596 0.00497654 3.11294e-05
 0.926629 0.0631989 0.00960671 0.00035094 0.000214421
 0.0823418 0.880099 0.0323516 0.00491769 0.000289409
 0.912705 0.0122312 0.0719916 0.00264634 0.000425937
 0.774854 0.2133 0.00165969 0.00976875 0.000416887
 0.274544 0.619524 0.100358 0.000780887 0.00479236
 0.89804 0.0404264 0.0525483 0.00851242 0.000472725
 0.85531 0.136025 0.00343564 0.00446582 0.000763604
 0.22474 0.701325 0.0695074 0.00175558 0.00267218
 0.45892 0.171782 0.334079 0.0331101 0.00210918
 0.954006 0.0285777 0.0055293 0.0107533 0.00113364
 0.153591 0.824227 0.0137829 0.00266676 0.00573304
pobs_RECLAS
 0 0 0 0 0
 0 0 0 0 0
 0 0 0 0 0
 0 0 0 0 0
 0 0 0 0 0
 0 0 0 0 0
 0 0 0 0 0
 0 0 0 0 0
 0 0 0 0 0
 0 0 0 0 0
 0.991045 0.00858322 0.000360255 1.14367e-05 0
 0.934742 0.0480273 0.0164251 0.00080598 0
 0.827803 0.169806 0.00239088 0 0
 0.941827 0.0461693 0.0120037 0 0
 0.791401 0.0380133 0.147996 0.0225897 0
 0.846168 0.0940531 0.0597789 0 0
 0.134021 0.677848 0.182769 0.00536245 0
 0.80878 0.0450904 0.141981 0.00414843 0
 0.846168 0.0940531 0.0597789 0 0
 0.905697 0.0802665 0.012482 0.00150086 5.37128e-05
 0.989698 0.0102097 9.19794e-05 0 0
 0.975433 0.0193895 0.00387452 0.00125025 5.28907e-05
 0.303575 0.632131 0.0575291 0.00676475 0
 0.966965 0.00978017 0.0227588 0.000495775 0
 0.843318 0.132988 0.00938335 0.0141283 0.000182051
 0.564624 0.303363 0.111486 0.0197234 0.00080311
 0.826376 0.0876187 0.0782897 0.00655872 0.00115652
 0.89761 0.0855135 0.0140674 0.00269457 0.000114338
 0.34875 0.467042 0.161289 0.0227151 0.000203297
 0.318654 0.224769 0.449479 0.00709798 0
 0.937255 0.0296025 0.0250945 0.00804832 0
 0.456809 0.399803 0.12412 0.0192676 0
ppred_RECLAS
 0.0207059 0.154063 0.721788 0.103443 6.25659e-07
 0.047637 0.0276357 0.153698 0.675513 0.0955168
 0.961788 0.00281686 0.00110508 0.00576561 0.0285246
 0.522741 0.465625 0.000923082 0.000339722 0.0103713
 0.241779 0.485026 0.267032 0.000496619 0.00566685
 0.999376 0.000246067 0.00024745 0.000127803 2.90138e-06
 0.00948872 0.990061 0.000184932 0.000174462 9.09123e-05
 0.00962147 0.0125597 0.977405 0.000171269 0.000242201
 0.0513662 0.0125548 0.0126437 0.923051 0.000384492
 0.339355 0.0489976 0.00873507 0.00825248 0.59466
 0.98913 0.00577822 0.000406771 6.80295e-05 0.0046173
 0.939445 0.0601161 0.000241674 1.59603e-05 0.000180774
 0.808828 0.183974 0.00714944 2.69629e-05 2.15883e-05
 0.90562 0.0829251 0.0110493 0.000402814 2.69483e-06
 0.907967 0.0873845 0.00411542 0.00051442 1.86263e-05
 0.988114 0.011292 0.000566091 2.50105e-05 3.19575e-06
 0.132477 0.860865 0.00634469 0.000298388 1.46631e-05
 0.989714 0.00208924 0.0081374 5.62622e-05 2.73845e-06
 0.479483 0.516965 0.000759051 0.00277347 1.98371e-05
 0.906252 0.0563917 0.0371197 5.11294e-05 0.000185635
 0.782411 0.20446 0.00809708 0.00500004 3.13823e-05
 0.932739 0.0572601 0.00943581 0.000350553 0.000214911
 0.0898261 0.869836 0.0346627 0.00535852 0.000316421
 0.913751 0.0112628 0.0718655 0.00268659 0.00043388
 0.787634 0.200139 0.00168822 0.0101055 0.000432719
 0.289409 0.599371 0.105257 0.000832923 0.00512902
 0.901837 0.0369835 0.052115 0.00858568 0.000478408
 0.862615 0.128423 0.00351636 0.00464841 0.000797516
 0.234988 0.686468 0.0737554 0.00189452 0.00289344
 0.474244 0.157677 0.332431 0.0335066 0.00214167
 0.956513 0.0260638 0.00546691 0.0108126 0.00114375
 0.163651 0.812471 0.0147287 0.00289817 0.00625164
pobs_PELACES
 0 0 0 0 0
 0 0 0 0 0
 0 0 0 0 0
 0 0 0 0 0
 0 0 0 0 0
 0 0 0 0 0
 0 0 0 0 0
 0 0 0 0 0
 0 0 0 0 0
 0 0 0 0 0
 0 0 0 0 0
 0 0 0 0 0
 0 0 0 0 0
 0 0 0 0 0
 0 0 0 0 0
 0 0 0 0 0
 0.505614 0.472636 0.0217494 0 0
 0 0 0 0 0
 0.443492 0.261883 0.143347 0.151278 0
 0.227955 0.32914 0.350689 0.0885471 0.00366901
 0.970185 0.0296113 0.000203453 0 0
 0.997202 0.00247181 0.000326279 0 0
 0.445219 0.490057 0.0546422 0.010081 0
 0.90214 0.0892962 0.00764917 0.000914606 0
 0 0 0 0 0
 0.581667 0.319106 0.0959925 0.00289975 0.000334073
 0.762889 0.0836404 0.116647 0.0363945 0.000428098
 0.88444 0.0763242 0.0277011 0.0115352 0
 0.521256 0.241999 0.230069 0.00667565 0
 0.616807 0.101726 0.260614 0.0208532 0
 0.833518 0.0704572 0.0857862 0.0102388 0
 0.697417 0.212968 0.0787535 0.0105354 0.000325836
ppred_PELACES
 0.0233044 0.164686 0.711714 0.100295 6.04572e-07
 0.0581138 0.029972 0.153763 0.664508 0.0936435
 0.968772 0.00252402 0.000913396 0.00468591 0.0231047
 0.567172 0.423252 0.000774002 0.000280097 0.00852211
 0.310189 0.454019 0.230574 0.000421652 0.00479516
 0.999431 0.000236013 0.000218932 0.000111185 2.51559e-06
 0.0100003 0.989589 0.000170507 0.000158167 8.21426e-05
 0.0107319 0.013586 0.975277 0.000168041 0.000236834
 0.0599549 0.0136947 0.012722 0.913249 0.000379125
 0.440329 0.0455454 0.00748986 0.00695785 0.499678
 0.990642 0.00520453 0.000337968 5.55783e-05 0.00375948
 0.949357 0.0503075 0.000186556 1.21145e-05 0.000136751
 0.839934 0.154491 0.00553803 2.05368e-05 1.63876e-05
 0.928846 0.0631168 0.00775767 0.000278089 1.85414e-06
 0.929758 0.0669627 0.00290905 0.000357551 1.29026e-05
 0.989781 0.00974594 0.00045069 1.95792e-05 2.49332e-06
 0.156915 0.837117 0.00569115 0.000263181 1.28893e-05
 0.991247 0.00189514 0.00680891 4.62905e-05 2.24549e-06
 0.52588 0.471173 0.000638159 0.00229279 1.63437e-05
 0.921132 0.0489562 0.0297259 4.0261e-05 0.000145682
 0.80978 0.179647 0.00656264 0.0039848 2.49258e-05
 0.94191 0.0500362 0.00760588 0.000277848 0.000169763
 0.101793 0.861445 0.0316659 0.00481345 0.000283275
 0.926934 0.0102375 0.0602568 0.00221498 0.000356509
 0.805222 0.18453 0.00143583 0.00845114 0.000360657
 0.315981 0.584139 0.094626 0.000736285 0.00451863
 0.916438 0.0331316 0.0430661 0.00697639 0.000387424
 0.87187 0.120456 0.00304242 0.00395469 0.000676206
 0.250198 0.678295 0.0672249 0.00169793 0.00258443
 0.529294 0.149439 0.290628 0.0288038 0.00183486
 0.962862 0.0230749 0.00446461 0.00868272 0.00091535
 0.17802 0.800438 0.0133851 0.00258979 0.00556757
pobs_pel_tallas
 0 0 0 0 0 0 0 0 0 0 0 0 0 0 0 0 0 0 0 0 0 0 0 0 0 0
 0 0 0 0 0 0 0 0 0 0 0 0 0 0 0 0 0 0 0 0 0 0 0 0 0 0
 0 0 0 0 0 0 0 0 0 0 0 0 0 0 0 0 0 0 0 0 0 0 0 0 0 0
 0 0 0 0 0 0 0 0 0 0 0 0 0 0 0 0 0 0 0 0 0 0 0 0 0 0
 0 0 0 0 0 0 0 0 0 0 0 0 0 0 0 0 0 0 0 0 0 0 0 0 0 0
 0 0 0 0 0 0 0 0 0 0 0 0 0 0 0 0 0 0 0 0 0 0 0 0 0 0
 0 0 0 0 0 0 0 0 0 0 0 0 0 0 0 0 0 0 0 0 0 0 0 0 0 0
 0 0 0 0 0 0 0 0 0 0 0 0 0 0 0 0 0 0 0 0 0 0 0 0 0 0
 0 0 0 0 0 0 0 0 0 0 0 0 0 0 0 0 0 0 0 0 0 0 0 0 0 0
 0 0 0 0 0 0 0 0 0 0 0 0 0 0 0 0 0 0 0 0 0 0 0 0 0 0
 0 0 0 0 0 0 0 0 0 0 0 0 0 0 0 0 0 0 0 0 0 0 0 0 0 0
 0 0 0 0 0 0 0 0 0 0 0 0 0 0 0 0 0 0 0 0 0 0 0 0 0 0
 0.00862536 0 0 0.000197151 0.00414017 0.0128641 0.00837892 0.0270097 0.101434 0.158115 0.152841 0.127902 0.109271 0.109419 0.0830992 0.0579132 0.0238553 0.00714673 0.00463305 0.00128148 0.00103504 0.000492878 0.000147863 0.000147863 4.92878e-05 0
 0 0 0 0 0 0 0 0 0 0 0 0 0 0 0 0 0 0 0 0 0 0 0 0 0 0
 0 0 0 0 0 0 0 0.0054083 0.00873648 0.0413646 0.0450493 0.0745869 0.0622846 0.0627006 0.0613931 0.0827291 0.12552 0.122667 0.0946155 0.0697135 0.0546179 0.0294188 0.0215738 0.0213955 0.0102223 0.00600262
 0 0 0 0 0.00359764 0.0251062 0.0480494 0.140153 0.205849 0.193036 0.1447 0.116669 0.0760912 0.0342217 0.00950174 0.001854 0.000860785 0 0 0 0.000165536 0 0.000143464 0 0 0
 0 0 0 0 0 0 0 0.000145254 0.000435761 0.0275982 0.070085 0.0708112 0.156366 0.174668 0.174014 0.160142 0.0824315 0.0480064 0.0283245 0.00493863 0.00203355 0 0 0 0 0
 0 0 0 0 0 0 0 0 0 0 0 0 0 0 0 0 0 0 0 0 0 0 0 0 0 0
 0 0 1.00437e-05 0.000401748 0.00122533 0.00171747 0.00176769 0.0269171 0.070346 0.194647 0.189555 0.159765 0.064822 0.0314167 0.0384472 0.0292271 0.0345202 0.0313363 0.0194345 0.0106764 0.0143323 0.0359363 0.0279516 0.0138201 0.00172751 0
 0 0.0021121 0.0136068 0.0755702 0.200478 0.177729 0.0527432 0.0373336 0.0318909 0.0142505 0.0149659 0.0166563 0.0217959 0.0798694 0.0677717 0.0528807 0.04013 0.0224614 0.0357745 0.0225083 0.00881397 0.00855152 0.00135912 0.000746735 0 0
 0 0 0 0 5.4009e-05 0.00500934 0.000945158 0.0243581 0.138947 0.33067 0.221406 0.137944 0.0707744 0.0437923 0.0131692 0.00525238 0.0047753 0.00276346 9.45158e-05 9.00151e-06 2.25038e-05 9.00151e-06 4.50075e-06 0 0 0
 0.000866109 0.00284123 0.00948549 0.0512746 0.133035 0.25785 0.225252 0.132002 0.0553304 0.0519788 0.0540692 0.017754 0.00435017 0.00159236 0.00146478 0.000404838 0.000125132 0.000115318 0.000107957 0.000100596 0 0 0 0 0 0
 0 0 0 0 0.00144013 0.00171154 0.00461396 0.0210425 0.0478622 0.0707936 0.0888783 0.103762 0.0637923 0.0337046 0.0602308 0.124433 0.169614 0.0934646 0.0462172 0.0250306 0.0313229 0.00938855 0.002487 0.000210481 0 0
 0 0.00764035 0.051015 0.0998891 0.058973 0.0496711 0.0374665 0.0718981 0.12319 0.153886 0.159021 0.0857701 0.0377988 0.023471 0.0147837 0.00900784 0.00315554 0.000888139 0.00291439 0.00214683 0.00393193 0.00274676 0.000635225 9.99891e-05 0 0
 0 0 0 0 0 0 0 0 0 0 0 0 0 0 0 0 0 0 0 0 0 0 0 0 0 0
 0 0 0 0 0 0 0 0 0 0 0 0 0 0 0 0 0 0 0 0 0 0 0 0 0 0
 0 0 0 0 0 0 0 0 0 0 0 0 0 0 0 0 0 0 0 0 0 0 0 0 0 0
 0 0 0 0 0 0 0 0 0 0 0 0 0 0 0 0 0 0 0 0 0 0 0 0 0 0
 0 0 0 0 0 0 0 0 0 0 0 0 0 0 0 0 0 0 0 0 0 0 0 0 0 0
 0 0 0 0 0 0 0 0 0 0 0 0 0 0 0 0 0 0 0 0 0 0 0 0 0 0
 0 0 0 0 0 0 0 0 0 0 0 0 0 0 0 0 0 0 0 0 0 0 0 0 0 0
 0 0 0 0 0 0 0 0 0 0 0 0 0 0 0 0 0 0 0 0 0 0 0 0 0 0
ppred_pel_tallas
 1.30639e-16 1.91959e-06 1.86591e-05 0.000123997 0.000563683 0.00175392 0.00373753 0.00545857 0.00547554 0.00382096 0.00203722 0.00139598 0.00226607 0.00486987 0.00972829 0.0174184 0.0282116 0.0419847 0.0584007 0.0770023 0.0968507 0.115881 0.130727 0.137637 0.134156 0.120478
 1.86933e-16 4.78677e-06 4.65291e-05 0.000309202 0.00140559 0.00437333 0.00931797 0.0136005 0.0136039 0.0093347 0.00443106 0.00157936 0.000772894 0.00115369 0.00239967 0.00476712 0.0088801 0.0157084 0.0265861 0.043012 0.066051 0.0954213 0.128696 0.161198 0.186941 0.200406
 1.04408e-16 7.97965e-05 0.00077565 0.00515447 0.0234315 0.072904 0.15533 0.226708 0.226708 0.155331 0.0729081 0.0234436 0.00518529 0.000844615 0.000216188 0.0002468 0.000389045 0.000587811 0.000863053 0.001266 0.00186843 0.00273167 0.00386106 0.00516909 0.00647133 0.00752552
 1.01601e-16 4.67173e-05 0.000454109 0.00301771 0.0137181 0.0426823 0.0909408 0.132739 0.13278 0.0911396 0.0433497 0.0156443 0.00784814 0.0109837 0.0199995 0.0328722 0.0470756 0.0586268 0.0635082 0.0598849 0.0492412 0.0354648 0.0226323 0.0131804 0.00749845 0.00467117
 1.07624e-16 2.555e-05 0.000248355 0.00165041 0.00750255 0.0233434 0.0497373 0.0726022 0.0726463 0.0499525 0.0240666 0.00959456 0.00691359 0.0117772 0.0220354 0.0366847 0.0535266 0.0687188 0.0782834 0.0802594 0.0756882 0.0675765 0.0587808 0.0505845 0.0428278 0.0349734
 1.00019e-16 8.23218e-05 0.000800198 0.00531759 0.024173 0.0752112 0.160245 0.233883 0.233883 0.160246 0.0752116 0.0241741 0.00532038 0.000806323 9.41141e-05 2.56991e-05 2.99513e-05 3.94219e-05 4.74158e-05 5.29047e-05 5.63706e-05 5.88855e-05 6.09967e-05 6.21807e-05 6.12566e-05 5.7302e-05
 1.00288e-16 8.23918e-07 8.00888e-06 5.32264e-05 0.000242018 0.000753519 0.00160897 0.00236828 0.00246344 0.00207379 0.00231359 0.00474508 0.0113454 0.0246217 0.0466373 0.0768126 0.109978 0.136883 0.148105 0.139307 0.113913 0.0809845 0.0500662 0.0269284 0.0126178 0.00517057
 1.28205e-16 8.83983e-07 8.59263e-06 5.71011e-05 0.000259575 0.000807648 0.00172088 0.00251224 0.00251504 0.00173532 0.000860459 0.000431175 0.000559583 0.00134226 0.00322504 0.00712573 0.014426 0.02676 0.0454307 0.0704509 0.099576 0.128025 0.14949 0.15835 0.152048 0.132282
 1.92021e-16 4.93841e-06 4.80031e-05 0.000318997 0.00145012 0.00451186 0.00961306 0.0140309 0.0140325 0.00962136 0.0045409 0.00153939 0.00056477 0.000661168 0.00141165 0.00301449 0.00611031 0.0117959 0.0216602 0.0375768 0.0610616 0.0922385 0.128823 0.165784 0.196215 0.213371
 1.85486e-16 3.62693e-05 0.000352551 0.00234282 0.0106501 0.0331365 0.0706011 0.103045 0.10305 0.0706231 0.0332108 0.0108665 0.00289305 0.00157983 0.00245223 0.00424723 0.00678428 0.0101594 0.0147987 0.0216544 0.0321217 0.0474996 0.0681382 0.0926842 0.117883 0.139189
 1.00653e-16 8.15979e-05 0.000793161 0.00527083 0.0239604 0.0745498 0.158836 0.231826 0.231827 0.158839 0.074558 0.0239842 0.00533055 0.000923609 0.000329646 0.000416804 0.000595369 0.000756138 0.000851519 0.000867147 0.000829676 0.000791988 0.000801746 0.000875465 0.000993049 0.00111113
 1.00043e-16 7.81973e-05 0.000760106 0.00505117 0.0229619 0.071443 0.152217 0.222166 0.222171 0.152241 0.0715223 0.0231908 0.00562529 0.00201159 0.00244958 0.00391169 0.00559399 0.00696423 0.00753915 0.00709838 0.00581589 0.0041517 0.00258981 0.0014221 0.00070042 0.000324066
 1.00205e-16 6.91843e-05 0.000672496 0.00446897 0.0203153 0.0632086 0.134673 0.196562 0.196577 0.134746 0.0634523 0.0210189 0.00623382 0.00452071 0.00736449 0.0120308 0.0172425 0.0215102 0.0233667 0.0221352 0.0183373 0.0133599 0.00865663 0.00509622 0.00282753 0.00155378
 1.00269e-16 7.65078e-05 0.000743683 0.00494204 0.0224658 0.0698994 0.148928 0.217366 0.217373 0.148958 0.0699992 0.0227539 0.00566504 0.00232155 0.00307175 0.00495331 0.00711861 0.00893091 0.00979643 0.00943949 0.00806069 0.00619902 0.0044114 0.00301913 0.00206658 0.00144028
 1.0014e-16 7.65829e-05 0.000744413 0.00494689 0.0224878 0.0699681 0.149075 0.21758 0.217587 0.149106 0.0700737 0.0227929 0.00571206 0.00241301 0.0032403 0.00522183 0.00748223 0.0093401 0.0101581 0.00964347 0.00802174 0.00589152 0.00387862 0.00235464 0.00138012 0.000824687
 1.00018e-16 8.1527e-05 0.000792471 0.00526625 0.0239396 0.074485 0.158698 0.231625 0.231626 0.158703 0.0745004 0.023984 0.00537762 0.00103534 0.000542029 0.000765051 0.00108943 0.00135975 0.00147898 0.00140424 0.00116821 0.000857893 0.000564264 0.000341426 0.000198361 0.000116377
 1.00407e-16 1.29251e-05 0.000125637 0.000834903 0.0037954 0.0118093 0.025164 0.0367444 0.0368249 0.0255572 0.0131292 0.00760528 0.0103892 0.0209526 0.0394786 0.0650133 0.093107 0.115935 0.125534 0.118236 0.0969241 0.0692362 0.0432089 0.0236906 0.0115515 0.0051398
 1.00203e-16 8.16477e-05 0.000793645 0.00527405 0.0239751 0.0745953 0.158933 0.231968 0.231968 0.158934 0.0745985 0.0239845 0.00529811 0.000847747 0.000189035 0.000195317 0.000301281 0.000436322 0.00058754 0.000746982 0.000905273 0.00104552 0.00114095 0.00116256 0.00109406 0.000943392
 1.00372e-16 4.33161e-05 0.000421048 0.00279802 0.0127194 0.039575 0.0843204 0.123078 0.123123 0.0845418 0.0403179 0.0148636 0.00817494 0.0121415 0.0222516 0.0365838 0.052382 0.0652114 0.0705877 0.0664508 0.0544333 0.0388468 0.0242264 0.013304 0.00656015 0.00304458
 1.009e-16 7.58724e-05 0.000737507 0.00490099 0.0222792 0.0693189 0.147691 0.215561 0.215566 0.147715 0.069397 0.0225053 0.00547023 0.00198555 0.00246186 0.00399057 0.00583514 0.00753119 0.00865188 0.00898503 0.00863057 0.00788757 0.00703193 0.00617483 0.00528865 0.00432739
 1.0064e-16 6.67006e-05 0.000648353 0.00430854 0.019586 0.0609394 0.129838 0.189507 0.189524 0.129923 0.0612228 0.0204043 0.00636117 0.00512445 0.00855342 0.0139978 0.020071 0.0250576 0.0272598 0.0258991 0.0215882 0.0159397 0.0106328 0.00665519 0.00414972 0.00274223
 1.00289e-16 7.75839e-05 0.000754143 0.00501155 0.0227818 0.0708826 0.151023 0.220423 0.220428 0.151047 0.0709617 0.0230103 0.00558525 0.00200654 0.00245607 0.00393736 0.00566348 0.00711899 0.00783468 0.00759257 0.00654875 0.00512353 0.00374862 0.00266941 0.0019157 0.00139821
 1.01665e-16 8.3847e-06 8.15023e-05 0.000541616 0.00246216 0.00766113 0.0163259 0.0238455 0.0239284 0.0167308 0.00902024 0.00638579 0.0103832 0.0215414 0.0406931 0.0670726 0.0961774 0.120012 0.130429 0.123666 0.102637 0.0750735 0.049063 0.0294182 0.0169308 0.00991079
 1.02025e-16 7.63503e-05 0.000742153 0.00493186 0.0224195 0.0697555 0.148622 0.216918 0.216919 0.148627 0.0697736 0.022473 0.00507037 0.00105899 0.000720375 0.00118006 0.00194774 0.00297884 0.00426443 0.00576932 0.0073918 0.0089233 0.0100592 0.0104937 0.01006 0.00882503
 1.00998e-16 6.63251e-05 0.000644704 0.00428428 0.0194757 0.0605963 0.129108 0.18844 0.188458 0.129194 0.0608874 0.0203158 0.00639125 0.00523834 0.00877331 0.0143545 0.0205685 0.0256514 0.0278606 0.0264058 0.0219369 0.0161378 0.0107574 0.00681598 0.00443938 0.00319871
 1.03719e-16 2.6027e-05 0.000252992 0.00168122 0.00764263 0.0237794 0.0506665 0.0739611 0.0740174 0.0509417 0.0247033 0.0103114 0.00838076 0.0148795 0.0278079 0.0459385 0.0661874 0.08325 0.0917098 0.0890258 0.0770088 0.0605407 0.0446294 0.0321113 0.0233217 0.0172247
 1.02017e-16 7.54858e-05 0.000733749 0.00487602 0.0221657 0.0689657 0.146939 0.214462 0.214465 0.146955 0.0690194 0.0223215 0.00527009 0.00160383 0.0017567 0.00285981 0.0042875 0.00575712 0.00702546 0.00796588 0.00860419 0.00902833 0.0092558 0.00918849 0.00869303 0.00772515
 1.0063e-16 7.18148e-05 0.000698066 0.00463889 0.0210877 0.0656118 0.139793 0.204035 0.204047 0.13985 0.0658019 0.0216363 0.00601489 0.00369845 0.00576004 0.0093827 0.0134483 0.0167851 0.0182543 0.0173382 0.0144544 0.0106924 0.00718367 0.00458936 0.00299492 0.00213175
 1.02721e-16 2.06086e-05 0.000200323 0.00133122 0.00605158 0.0188291 0.0401197 0.0585696 0.0586349 0.0404389 0.0199006 0.00914576 0.00909538 0.0171407 0.0321669 0.0530754 0.0762868 0.0955705 0.104572 0.100334 0.085053 0.0646083 0.0450943 0.0300576 0.0200106 0.0136922
 1.11625e-16 4.35973e-05 0.000423781 0.00281617 0.0128019 0.0398316 0.084866 0.123868 0.123882 0.0849387 0.0400768 0.0135155 0.00462771 0.00444589 0.0078799 0.0134728 0.0206013 0.0283985 0.0359219 0.042603 0.0483274 0.0530069 0.0560913 0.0565889 0.053664 0.0473065
 1.01161e-16 7.93097e-05 0.000770919 0.00512303 0.0232885 0.0724593 0.154382 0.225326 0.225328 0.154393 0.0724959 0.0233943 0.00538878 0.00135203 0.00118594 0.0018434 0.00266867 0.00340315 0.00384657 0.00391833 0.00370429 0.00339557 0.00316306 0.00306459 0.00304148 0.00298374
 1.01793e-16 1.46634e-05 0.000142534 0.000947191 0.00430584 0.0133975 0.0285476 0.0416822 0.0417592 0.0289237 0.0146598 0.00794983 0.0100862 0.0200667 0.0377767 0.0622262 0.0891615 0.111122 0.120519 0.113863 0.0939098 0.0679331 0.0435587 0.0253461 0.014053 0.00804766
pSPR Fmed_Fpbrs
0.563138   0.6 0.325
Fs Fmed_Fpbrs
0.341307   0.299761 0.743528
SSBpbr Bo_Bmed_Bpbrs
682519  350227  375386 187693
Ro
36571.9
SPR SPRFo_SPRFmed_SPRFpbrs
263248 148245 85555.6
Fref
0.299761
Nvult_r0
 4497.56 19064.3 318.798 61.682 132.605
CTP_r0
 1494.65 8020.86 134.127 25.9513 55.7904
YTP_r0
218708
Np
 44801.1 13420.8 353.163 1124.9 23.9387
Nvult_p0
 31380.3 9762.34 256.892 818.259 17.4131
CTP_p0
 5347.75 217.341 692.279 11.5765 2.63841
 5347.75 2251.47 59.2464 188.713 4.01595
YTP_p0
 61233.4 87088.3
CBA_c0
203371
log_Ro
10.327
likeval ReclasPelacesDesembMPH_pf_preclas_ppelaces_ptallas_desvR_qrecl_qpela
 17.6888 20.3061 0.372013 0.000976496 366.593 137.612 147.168 0 152.944 0.000156773 0.000224947 0.0245536 1.16333e-15 0 0
q_reclas_q_pelaces
5.87509 8.34007
M
1
N
 3495.46 19513.9 84332.3 11884.2 0.0716368
 2223.46 1069.75 5488.01 23717.3 3342.27
 181304 439.947 159.209 816.775 4027.24
 44572 36023.7 65.8767 23.8396 725.331
 2656.2 5961.4 3027.51 5.53641 62.9618
 783890 142.686 132.359 67.2189 1.52085
 3261.43 255886 44.0894 40.8984 21.2403
 1041.87 988.67 70971.9 12.2285 17.2346
 1947.18 365.939 339.946 24403.1 10.1307
 3225.21 535.637 88.0846 81.8278 5876.47
 32249.4 153.529 9.96979 1.63952 110.902
 116526 6886.09 25.5358 1.65823 18.7184
 66281.1 14433.5 517.398 1.91868 1.53104
 70284.3 7017.55 862.526 30.919 0.20615
 40748.8 4222.36 183.431 22.5455 0.813578
 260337 2587.11 119.638 5.1974 0.661864
 6891.49 41901.5 284.868 13.1734 0.645168
 473698 806.261 2896.75 19.6936 0.95531
 106984 105958 143.51 515.604 3.67538
 247326 13561.6 8234.51 11.1529 40.3558
 161671 37573.4 1372.58 833.423 5.21325
 444872 23595.1 3586.63 131.022 80.0534
 8937.02 73657.2 2707.57 411.571 24.2212
 156365 1579.46 9296.5 341.73 55.0026
 158040 32587.6 253.564 1492.45 63.6911
 20139.1 34377.9 5568.96 43.3321 265.932
 118823 4092.94 5320.21 861.833 47.8607
 192254 22242.3 561.784 730.235 124.862
 22244.3 50496.1 5004.6 126.403 192.4
 19769.8 5843.3 11364 1126.27 71.7456
 125846 2890.69 559.3 1087.72 114.67
 5793.11 23190.9 387.804 75.0336 161.308
pred_Ctot
 377.047 2969.36 12832.5 1808.37 0.0109007
 682.694 432.554 2219.09 9590.14 1351.46
 55378.7 177.074 64.08 328.744 1620.92
 19418.6 19672.2 35.9745 13.0185 396.095
 1653.9 4298.12 2182.81 3.9917 45.3949
 56376.3 14.6438 13.584 6.89865 0.156084
 368.577 40725.8 7.0171 6.50923 3.38052
 29.9157 41.0617 2947.63 0.507879 0.715794
 317.903 82.7553 76.8771 5518.64 2.291
 2062.87 393.719 64.7464 60.1474 4319.49
 8936.26 56.6406 3.67809 0.604856 40.9142
 53210.6 3908.26 14.4931 0.941142 10.6238
 32871.3 8754.21 313.812 1.16372 0.928604
 42570.4 4958.84 609.491 21.8484 0.145673
 24319.4 2951.46 128.22 15.7595 0.568697
 98853.2 1258.74 58.209 2.52876 0.322026
 3249.13 24405.7 165.922 7.67289 0.375781
 122176 278.771 1001.58 6.80923 0.330306
 48191.1 59470.9 80.5477 289.394 2.06288
 98443 6867.56 4169.94 5.64779 20.4361
 66330.4 19518.7 713.03 432.948 2.70819
 164797 11239.6 1708.51 62.4129 38.1338
 3112.3 33265.4 1222.8 185.875 10.9389
 44851 601.051 3537.72 130.043 20.9309
 42595.4 11725.6 91.2367 537.009 22.9171
 5975.78 13484.7 2184.42 16.9969 104.311
 38942.4 1753.04 2278.69 369.131 20.4992
 35724.6 5681.5 143.5 186.529 31.8942
 4132.03 12894.5 1277.95 32.2778 49.1304
 8100.1 3032 5896.61 584.405 37.2278
 41958.8 1256.9 243.188 472.95 49.8594
 1494.65 8020.86 134.127 25.9513 55.7904
F
 0.184045 0.268561 0.268561 0.268561 0.268561
 0.620167 0.904958 0.904958 0.904958 0.904958
 0.615995 0.898871 0.898871 0.898871 0.898871
 1.0118 1.47644 1.47644 1.47644 1.47644
 1.924 2.80754 2.80754 2.80754 2.80754
 0.119536 0.174429 0.174429 0.174429 0.174429
 0.193562 0.282448 0.282448 0.282448 0.282448
 0.0463079 0.0675733 0.0675733 0.0675733 0.0675733
 0.290683 0.42417 0.42417 0.42417 0.42417
 2.04486 2.9839 2.9839 2.9839 2.9839
 0.543996 0.793809 0.793809 0.793809 0.793809
 1.08856 1.58845 1.58845 1.58845 1.58845
 1.24549 1.81744 1.81744 1.81744 1.81744
 1.81216 2.64433 2.64433 2.64433 2.64433
 1.75689 2.56368 2.56368 2.56368 2.56368
 0.826655 1.20627 1.20627 1.20627 1.20627
 1.14564 1.67173 1.67173 1.67173 1.67173
 0.497531 0.726006 0.726006 0.726006 0.726006
 1.06544 1.55471 1.55471 1.55471 1.55471
 0.88441 1.29055 1.29055 1.29055 1.29055
 0.924525 1.34908 1.34908 1.34908 1.34908
 0.798364 1.16499 1.16499 1.16499 1.16499
 0.733122 1.06978 1.06978 1.06978 1.06978
 0.568262 0.829219 0.829219 0.829219 0.829219
 0.525435 0.766724 0.766724 0.766724 0.766724
 0.593401 0.865901 0.865901 0.865901 0.865901
 0.675637 0.985901 0.985901 0.985901 0.985901
 0.33692 0.491639 0.491639 0.491639 0.491639
 0.336789 0.491448 0.491448 0.491448 0.491448
 0.922661 1.34636 1.34636 1.34636 1.34636
 0.691296 1.00875 1.00875 1.00875 1.00875
 0.497734 0.726302 0.726302 0.726302 0.726302
YTP_r0W_actual
 12854 198917 3742.14 967.983 2226.04
YTP_p0W_proyectada
 40322.1 3792.59 16663.2 362.575 93.004
 40322.1 39288.1 1426.06 5910.5 141.562
CTP_r0_actual
 1494.65 8020.86 134.127 25.9513 55.7904
CTP_p0_proyectada
 5347.75 217.341 692.279 11.5765 2.63841
 5347.75 2251.47 59.2464 188.713 4.01595
Wmedp
 7.54 17.45 24.07 31.32 35.25
Frms_r0
 0.497734 0.726302 0.726302 0.726302 0.726302
Zrms_r0
 1.49773 1.7263 1.7263 1.7263 1.7263
nmprior
 7.27 8.72 9 0
nm_flota  nm_reclas  nm_pelaces    nm_pelaL
inf 15.7927 4.17505 7.39479
cv_recla  cv_pelaces  cv_mph
0.372067 0.493632 0.964363
 ------------------------------------------------
Talla a la edad & desviaci?n 
 8 13.2811 15.8009 17.003 17.5766
 0.8 1.32811 1.58009 1.7003 1.75766
