years
 1991 1992 1993 1994 1995 1996 1997 1998 1999 2000 2001 2002 2003 2004 2005 2006 2007 2008 2009 2010 2011 2012 2013 2014 2015 2016 2017 2018 2019 2020 2021 2022
reclasobs
 0 0 0 0 0 0 0 0 0 252601 567819 844713 477998 351125 339783 2.1784e+06 2.13404e+06 4.81314e+06 1.55562e+06 2.62356e+06 3.21686e+06 3.843e+06 1.13348e+06 3.07943e+06 1.97215e+06 2.03268e+06 2.025e+06 2.42433e+06 2.27542e+06 1.05018e+06 2.36338e+06 3.18982e+06
reclaspred
 3.31396e+06 1.82433e+06 925696 929250 931490 1.50575e+06 877054 777304 560152 392737 503312 665829 646560 487146 492390 1.34457e+06 1.24646e+06 3.07352e+06 2.45499e+06 1.7826e+06 3.09258e+06 2.52915e+06 1.97134e+06 3.06474e+06 2.28385e+06 2.03424e+06 2.41979e+06 2.65168e+06 2.17573e+06 1.49466e+06 2.04376e+06 2.2406e+06
pelacesobs
 0 0 0 0 0 0 0 0 0 0 0 0 0 0 0 552880 188675 0 991730 2.46772e+06 1.41603e+06 1.21717e+06 2.29649e+06 1.80582e+06 0 1.4828e+06 1.56532e+06 1.57751e+06 1.42118e+06 867257 1.10002e+06 1.06204e+06
pelacespred
 1.8096e+06 1.09647e+06 547778 451867 483110 807933 416939 483379 324637 212067 289510 316877 339581 263994 277143 636547 592635 1.71243e+06 1.38709e+06 924548 1.59383e+06 1.37509e+06 1.08794e+06 1.87508e+06 1.33166e+06 1.1903e+06 1.61908e+06 1.59402e+06 1.1794e+06 929610 1.08279e+06 1.21959e+06
mphobs
 0 0 0 0 0 0 0 0 0 0 0 498337 0 5186 125008 0 168611 109162 213762 579715 649985 157893 87575 83554 210694 70296 0 107559 103333 445601 22526 0
mphpred
 384429 255681 124394 68829.1 74402.5 86454.5 112356 63520.4 58163.1 38320.5 24386.5 45559.9 48479.8 39438.4 25041.9 32588 115360 105904 231800 165461 173300 211557 203173 165396 233160 192170 158673 169132 245927 168362 112185 198039
desembarqueobs
 494567 514787 250237 358949 120608 361735 552515 73892 212993 205616 52469 317467 293654 387597 252695 516296 358380 742168 942051 627588 828172 859565 418607 520667 417249 300574 415391 372974 316634 284311 391294 218835
desembarquepred
 494571 513780 250721 358983 120614 361748 552557 73897 213051 205670 52471.7 317534 293701 387608 252680 516238 358404 742030 941780 627395 828253 859568 418613 520695 417244 300573 415388 372951 316622 284307 391258 218838
Reclutas
 178044 99009.4 102387 156571 127444 218318 89749.7 40557.1 38383.1 50732.4 96299.8 132698 109647 77995.9 74915.5 402233 83065.9 647287 354794 279403 394294 546193 111095 319526 273713 123923 270694 315999 101477 93698.9 259319 111162
log_desv_Rt
 0.161368 -0.42545 -0.391908 0.0328447 -0.172986 0.365288 -0.52364 -1.31795 -1.37305 -1.0941 -0.453199 -0.132587 -0.323395 -0.664008 -0.704304 0.976368 -0.60103 1.45213 0.850872 0.611991 0.956431 1.28231 -0.310279 0.746173 0.591417 -0.201008 0.580325 0.735073 -0.40083 -0.480578 0.537396 -0.309675
SSB
 2.48783e+06 1.65464e+06 805016 445428 481496 559491 727112 411072 376403 247991 157817 294841 313737 255226 162058 210893 746553 685355 1.50009e+06 1.07078e+06 1.12151e+06 1.36909e+06 1.31483e+06 1.07036e+06 1.5089e+06 1.24363e+06 1.02685e+06 1.09454e+06 1.59152e+06 1.08956e+06 726004 1.28161e+06
BT
 3.42799e+06 2.32921e+06 1.15638e+06 1.04968e+06 898221 1.65054e+06 1.18766e+06 868653 751701 549797 526532 791652 830273 840846 713901 1.47644e+06 1.26498e+06 3.50211e+06 3.20816e+06 2.10071e+06 3.32147e+06 3.08532e+06 2.17185e+06 3.60275e+06 2.60086e+06 2.2449e+06 3.11692e+06 2.99831e+06 2.22207e+06 1.82199e+06 2.13245e+06 2.19906e+06
Ftot
 0.172053 0.316713 0.310515 0.482269 0.161305 0.313407 0.709609 0.11753 0.462579 0.629707 0.144612 0.600761 0.567525 0.977129 0.687874 0.547443 0.342415 0.335626 0.470597 0.436183 0.342896 0.431719 0.250926 0.226822 0.224488 0.179144 0.226671 0.190016 0.167683 0.225872 0.258883 0.117718
BD_Bspro_t
 0.972944 0.811105 0.626047 0.531774 0.521792 0.606527 0.593018 0.408062 0.471059 0.417187 0.377314 0.615707 0.493424 0.395691 0.284122 0.341796 0.532522 0.498304 0.620863 0.509468 0.475243 0.5224 0.541674 0.529923 0.643689 0.653547 0.661724 0.700476 0.756746 0.687512 0.63238 0.718186
BD_Bspro
 2.28116 1.51718 0.738141 0.408425 0.441497 0.513012 0.666709 0.376923 0.345134 0.22739 0.144707 0.270348 0.287674 0.234024 0.148596 0.193374 0.684535 0.628421 1.37547 0.98183 1.02834 1.25536 1.20561 0.98144 1.38355 1.14032 0.941549 1.00361 1.45931 0.999043 0.665693 1.17514
BD_Bo
 1.45737 0.969282 0.471577 0.26093 0.282059 0.327748 0.425941 0.240805 0.220496 0.145273 0.0924488 0.172717 0.183787 0.149511 0.0949334 0.123541 0.437329 0.401479 0.878749 0.627262 0.656978 0.802011 0.770226 0.627013 0.883909 0.728515 0.601527 0.641178 0.932306 0.638259 0.425291 0.750764
BD_Brms
 2.64976 1.76233 0.857412 0.474419 0.512835 0.595906 0.774438 0.437827 0.400901 0.264132 0.168089 0.314031 0.334157 0.271838 0.172606 0.224619 0.795144 0.729962 1.59773 1.14048 1.19451 1.4582 1.40041 1.14002 1.60711 1.32457 1.09369 1.16578 1.6951 1.16047 0.773257 1.36503
Sel_flota
 0.697252 0.977658 0.998799 0.999937 0.999997
 0.697252 0.977658 0.998799 0.999937 0.999997
 0.697252 0.977658 0.998799 0.999937 0.999997
 0.697252 0.977658 0.998799 0.999937 0.999997
 0.697252 0.977658 0.998799 0.999937 0.999997
 0.697252 0.977658 0.998799 0.999937 0.999997
 0.697252 0.977658 0.998799 0.999937 0.999997
 0.697252 0.977658 0.998799 0.999937 0.999997
 0.697252 0.977658 0.998799 0.999937 0.999997
 0.697252 0.977658 0.998799 0.999937 0.999997
 0.697252 0.977658 0.998799 0.999937 0.999997
 0.697252 0.977658 0.998799 0.999937 0.999997
 0.697252 0.977658 0.998799 0.999937 0.999997
 0.697252 0.977658 0.998799 0.999937 0.999997
 0.697252 0.977658 0.998799 0.999937 0.999997
 0.697252 0.977658 0.998799 0.999937 0.999997
 0.697252 0.977658 0.998799 0.999937 0.999997
 0.697252 0.977658 0.998799 0.999937 0.999997
 0.697252 0.977658 0.998799 0.999937 0.999997
 0.697252 0.977658 0.998799 0.999937 0.999997
 0.697252 0.977658 0.998799 0.999937 0.999997
 0.697252 0.977658 0.998799 0.999937 0.999997
 0.697252 0.977658 0.998799 0.999937 0.999997
 0.697252 0.977658 0.998799 0.999937 0.999997
 0.697252 0.977658 0.998799 0.999937 0.999997
 0.697252 0.977658 0.998799 0.999937 0.999997
 0.697252 0.977658 0.998799 0.999937 0.999997
 0.697252 0.977658 0.998799 0.999937 0.999997
 0.697252 0.977658 0.998799 0.999937 0.999997
 0.697252 0.977658 0.998799 0.999937 0.999997
 0.697252 0.977658 0.998799 0.999937 0.999997
 0.697252 0.977658 0.998799 0.999937 0.999997
Sel_reclas
 1 1 1 1 1
 1 1 1 1 1
 1 1 1 1 1
 1 1 1 1 1
 1 1 1 1 1
 1 1 1 1 1
 1 1 1 1 1
 1 1 1 1 1
 1 1 1 1 1
 1 1 1 1 1
 1 1 1 1 1
 1 1 1 1 1
 1 1 1 1 1
 1 1 1 1 1
 1 1 1 1 1
 1 1 1 1 1
 1 1 1 1 1
 1 1 1 1 1
 1 1 1 1 1
 1 1 1 1 1
 1 1 1 1 1
 1 1 1 1 1
 1 1 1 1 1
 1 1 1 1 1
 1 1 1 1 1
 1 1 1 1 1
 1 1 1 1 1
 1 1 1 1 1
 1 1 1 1 1
 1 1 1 1 1
 1 1 1 1 1
 1 1 1 1 1
Sel_pelaces
 1 1 1 1 1
 1 1 1 1 1
 1 1 1 1 1
 1 1 1 1 1
 1 1 1 1 1
 1 1 1 1 1
 1 1 1 1 1
 1 1 1 1 1
 1 1 1 1 1
 1 1 1 1 1
 1 1 1 1 1
 1 1 1 1 1
 1 1 1 1 1
 1 1 1 1 1
 1 1 1 1 1
 1 1 1 1 1
 1 1 1 1 1
 1 1 1 1 1
 1 1 1 1 1
 1 1 1 1 1
 1 1 1 1 1
 1 1 1 1 1
 1 1 1 1 1
 1 1 1 1 1
 1 1 1 1 1
 1 1 1 1 1
 1 1 1 1 1
 1 1 1 1 1
 1 1 1 1 1
 1 1 1 1 1
 1 1 1 1 1
 1 1 1 1 1
pf_obs 
 0.8446 0.082 0.0669 0.0065 0
 0.8095 0.147 0.0364 0.0071 0
 0.9664 0.0169 0.016 0.0007 0
 0.9276 0.0648 0.0075 0.0001 0
 0.7033 0.2144 0.0806 0.0017 0
 0.9318 0.0425 0.0243 0.0014 0
 0.5671 0.3108 0.0964 0.0239 0.0018
 0.0768 0.2599 0.5324 0.112 0.0189
 0.490249 0.384438 0.106611 0.0170017 0.00170017
 0.7925 0.1577 0.0466 0.003 0.0002
 0.840416 0.127587 0.0312969 0.00059994 9.999e-05
 0.8084 0.0986 0.0794 0.0134 0.0002
 0.7335 0.1905 0.0724 0.0035 0.0001
 0.4001 0.4547 0.1325 0.0127 0
 0.49795 0.308269 0.164784 0.0264974 0.00249975
 0.9179 0.0499 0.0305 0.0017 0
 0.2467 0.6533 0.0926 0.0074 0
 0.9418 0.0223 0.034 0.0019 0
 0.707729 0.231977 0.0356964 0.0245975 0
 0.517169 0.277429 0.184464 0.0207286 0.00020938
 0.811772 0.124168 0.05621 0.00726502 0.000585176
 0.764997 0.148141 0.077277 0.00933861 0.000247198
 0.163321 0.427699 0.378323 0.0303852 0.000271297
 0.753843 0.0900009 0.118128 0.0371064 0.000921714
 0.721811 0.176058 0.0630433 0.0369309 0.00215725
 0.143369 0.312575 0.442814 0.0836902 0.0175525
 0.692698 0.0596174 0.167031 0.0765114 0.00414204
 0.394062 0.376323 0.152708 0.0712218 0.00568511
 0.125707 0.32114 0.495352 0.0537591 0.00404204
 0.23352 0.215282 0.420074 0.123614 0.00750983
 0.796117 0.104755 0.0508955 0.0450114 0.00322123
 0.162477 0.292055 0.404252 0.121198 0.0200186
pf_pred 
 0.445918 0.132625 0.396337 0.0251192 8.65171e-07
 0.40335 0.320342 0.0672825 0.196581 0.0124445
 0.563231 0.21761 0.119052 0.0244008 0.0757065
 0.717471 0.18497 0.049218 0.0262764 0.0220651
 0.640777 0.284814 0.0491736 0.0127405 0.0124953
 0.733985 0.190724 0.0599761 0.0101254 0.00518995
 0.461246 0.431918 0.0771332 0.0236672 0.00603552
 0.454792 0.312271 0.187856 0.0325616 0.0125187
 0.531566 0.253831 0.124077 0.0730234 0.0175028
 0.704922 0.186415 0.0596131 0.0283762 0.0206736
 0.820466 0.141366 0.0243724 0.00757343 0.00622167
 0.73183 0.232347 0.028343 0.00477862 0.00270147
 0.676306 0.261361 0.0542118 0.00642745 0.00169366
 0.632526 0.280067 0.0709565 0.0143095 0.00214036
 0.745528 0.18848 0.0507025 0.0124157 0.00287305
 0.936076 0.0524935 0.00853208 0.00222801 0.000670752
 0.36827 0.604581 0.0224052 0.00354243 0.00120174
 0.901517 0.0452822 0.0509682 0.00184255 0.000389626
 0.568212 0.402068 0.0138488 0.0152063 0.000665082
 0.595837 0.268026 0.127003 0.00425967 0.00487486
 0.726054 0.188488 0.0571704 0.0263925 0.00189553
 0.739976 0.206949 0.0368049 0.0108893 0.00538088
 0.3072 0.560501 0.105857 0.0183434 0.00809755
 0.726503 0.106613 0.135624 0.0250182 0.00624105
 0.612963 0.307212 0.031564 0.039231 0.00903078
 0.421082 0.401953 0.141155 0.0141704 0.0216396
 0.714842 0.145214 0.0978419 0.033591 0.0085112
 0.679727 0.250963 0.0357045 0.0235048 0.0101016
 0.352556 0.486629 0.126644 0.0176128 0.0165574
 0.473894 0.22959 0.224117 0.0570304 0.0153686
 0.785377 0.121462 0.0411949 0.0392894 0.0126762
 0.459168 0.455071 0.0490467 0.0162465 0.0204682
pobs_RECLAS
 0 0 0 0 0
 0 0 0 0 0
 0 0 0 0 0
 0 0 0 0 0
 0 0 0 0 0
 0 0 0 0 0
 0 0 0 0 0
 0 0 0 0 0
 0 0 0 0 0
 0 0 0 0 0
 0.991045 0.00858322 0.000360255 1.14367e-05 0
 0.934742 0.0480273 0.0164251 0.00080598 0
 0.827803 0.169806 0.00239088 0 0
 0.941827 0.0461693 0.0120037 0 0
 0.791401 0.0380133 0.147996 0.0225897 0
 0.846168 0.0940531 0.0597789 0 0
 0.134021 0.677848 0.182769 0.00536245 0
 0.80878 0.0450904 0.141981 0.00414843 0
 0.846168 0.0940531 0.0597789 0 0
 0.905697 0.0802665 0.012482 0.00150086 5.37128e-05
 0.989698 0.0102097 9.19794e-05 0 0
 0.975433 0.0193895 0.00387452 0.00125025 5.28907e-05
 0.303575 0.632131 0.0575291 0.00676475 0
 0.966965 0.00978017 0.0227588 0.000495775 0
 0.843318 0.132988 0.00938335 0.0141283 0.000182051
 0.564624 0.303363 0.111486 0.0197234 0.00080311
 0.826376 0.0876187 0.0782897 0.00655872 0.00115652
 0.89761 0.0855135 0.0140674 0.00269457 0.000114338
 0.34875 0.467042 0.161289 0.0227151 0.000203297
 0.318654 0.224769 0.449479 0.00709798 0
 0.937255 0.0296025 0.0250945 0.00804832 0
 0.456809 0.399803 0.12412 0.0192676 0
ppred_RECLAS
 0.535411 0.113059 0.3306 0.0209287 7.20794e-07
 0.491549 0.275893 0.0566798 0.165408 0.0104704
 0.648512 0.177111 0.0947781 0.0194028 0.060196
 0.784695 0.142084 0.0369617 0.0197093 0.0165494
 0.716158 0.226072 0.0381932 0.00988411 0.00969335
 0.797094 0.146392 0.0450292 0.00759304 0.00389172
 0.552983 0.36005 0.0628101 0.0192483 0.00490831
 0.54213 0.264692 0.155828 0.0269789 0.0103718
 0.619983 0.208093 0.0994521 0.0584607 0.0140114
 0.775418 0.143113 0.0447197 0.0212607 0.0154885
 0.865982 0.106019 0.0178864 0.00555157 0.00456041
 0.79663 0.176747 0.02107 0.00354805 0.00200567
 0.749912 0.202819 0.0411167 0.00486893 0.0012829
 0.716328 0.217467 0.0537588 0.0108271 0.00161936
 0.80897 0.142353 0.0374105 0.00914943 0.00211709
 0.954529 0.0374936 0.00595655 0.00155356 0.000467677
 0.452479 0.52449 0.0190108 0.0030022 0.00101841
 0.929165 0.032961 0.0362868 0.00131026 0.00027705
 0.652264 0.324313 0.0109213 0.0119775 0.000523829
 0.678568 0.214774 0.0995098 0.00333356 0.00381476
 0.790796 0.144951 0.0430009 0.0198278 0.00142396
 0.80247 0.157938 0.0274653 0.00811631 0.00401038
 0.386013 0.498827 0.0921659 0.0159523 0.00704156
 0.791592 0.0823381 0.102478 0.0188817 0.00470996
 0.69179 0.245774 0.0247055 0.0306708 0.00705985
 0.507766 0.344056 0.118222 0.0118545 0.0181019
 0.781432 0.112517 0.0741714 0.0254348 0.00644422
 0.750327 0.196581 0.027365 0.0179939 0.00773275
 0.435359 0.426697 0.10866 0.0150942 0.0141889
 0.562682 0.193229 0.184543 0.0469055 0.0126394
 0.839193 0.0918981 0.0304912 0.0290469 0.00937099
 0.545067 0.384126 0.0405149 0.013405 0.0168872
pobs_PELACES
 0 0 0 0 0
 0 0 0 0 0
 0 0 0 0 0
 0 0 0 0 0
 0 0 0 0 0
 0 0 0 0 0
 0 0 0 0 0
 0 0 0 0 0
 0 0 0 0 0
 0 0 0 0 0
 0 0 0 0 0
 0 0 0 0 0
 0 0 0 0 0
 0 0 0 0 0
 0 0 0 0 0
 0 0 0 0 0
 0.505614 0.472636 0.0217494 0 0
 0 0 0 0 0
 0.443492 0.261883 0.143347 0.151278 0
 0.227955 0.32914 0.350689 0.0885471 0.00366901
 0.970185 0.0296113 0.000203453 0 0
 0.997202 0.00247181 0.000326279 0 0
 0.445219 0.490057 0.0546422 0.010081 0
 0.90214 0.0892962 0.00764917 0.000914606 0
 0 0 0 0 0
 0.581667 0.319106 0.0959925 0.00289975 0.000334073
 0.762889 0.0836404 0.116647 0.0363945 0.000428098
 0.88444 0.0763242 0.0277011 0.0115352 0
 0.521256 0.241999 0.230069 0.00667565 0
 0.616807 0.101726 0.260614 0.0208532 0
 0.833518 0.0704572 0.0857862 0.0102388 0
 0.697417 0.212968 0.0787535 0.0105354 0.000325836
ppred_PELACES
 0.539596 0.112143 0.327528 0.0207328 7.14047e-07
 0.499138 0.272061 0.0557692 0.162731 0.0103009
 0.655282 0.173891 0.0928536 0.0190066 0.0589665
 0.792332 0.137205 0.0355726 0.0189651 0.0159245
 0.719229 0.223678 0.0377462 0.00976785 0.0095793
 0.801842 0.143054 0.0439065 0.00740286 0.00379422
 0.569392 0.347172 0.0602645 0.0184633 0.00470807
 0.544915 0.263174 0.154807 0.026801 0.0103033
 0.630363 0.202711 0.096568 0.0567555 0.0136026
 0.785677 0.136798 0.0425592 0.0202287 0.0147366
 0.867552 0.1048 0.0176628 0.00548187 0.00450315
 0.805574 0.169067 0.0200702 0.00337892 0.00191004
 0.759769 0.194972 0.0393698 0.00466107 0.00122812
 0.734649 0.203748 0.0500252 0.0100715 0.00150632
 0.818797 0.135197 0.0353598 0.00864566 0.00200049
 0.956705 0.0357229 0.0056536 0.00147424 0.000443795
 0.460365 0.516988 0.0186942 0.00295182 0.00100131
 0.931262 0.0320252 0.0351741 0.00126992 0.000268519
 0.662126 0.315187 0.0105792 0.0116003 0.000507327
 0.687525 0.209001 0.0965407 0.00323357 0.0037003
 0.796119 0.141369 0.041838 0.0192891 0.00138526
 0.80882 0.152954 0.0265185 0.00783528 0.00387148
 0.391609 0.494445 0.0911963 0.015783 0.0069668
 0.795191 0.0809945 0.100646 0.0185427 0.00462536
 0.69627 0.24228 0.0243162 0.030185 0.00694799
 0.512003 0.341224 0.117103 0.0117414 0.0179292
 0.785125 0.110703 0.0728598 0.0249829 0.00632969
 0.753661 0.194013 0.0269717 0.017734 0.00762105
 0.439248 0.423881 0.107817 0.0149761 0.0140778
 0.568037 0.191034 0.182159 0.0462955 0.0124749
 0.842505 0.090077 0.0298331 0.0284171 0.00916778
 0.5478 0.381869 0.0402438 0.0133147 0.0167734
pobs_pel_tallas
 0 0 0 0 0 0 0 0 0 0 0 0 0 0 0 0 0 0 0 0 0 0 0 0 0 0
 0 0 0 0 0 0 0 0 0 0 0 0 0 0 0 0 0 0 0 0 0 0 0 0 0 0
 0 0 0 0 0 0 0 0 0 0 0 0 0 0 0 0 0 0 0 0 0 0 0 0 0 0
 0 0 0 0 0 0 0 0 0 0 0 0 0 0 0 0 0 0 0 0 0 0 0 0 0 0
 0 0 0 0 0 0 0 0 0 0 0 0 0 0 0 0 0 0 0 0 0 0 0 0 0 0
 0 0 0 0 0 0 0 0 0 0 0 0 0 0 0 0 0 0 0 0 0 0 0 0 0 0
 0 0 0 0 0 0 0 0 0 0 0 0 0 0 0 0 0 0 0 0 0 0 0 0 0 0
 0 0 0 0 0 0 0 0 0 0 0 0 0 0 0 0 0 0 0 0 0 0 0 0 0 0
 0 0 0 0 0 0 0 0 0 0 0 0 0 0 0 0 0 0 0 0 0 0 0 0 0 0
 0 0 0 0 0 0 0 0 0 0 0 0 0 0 0 0 0 0 0 0 0 0 0 0 0 0
 0 0 0 0 0 0 0 0 0 0 0 0 0 0 0 0 0 0 0 0 0 0 0 0 0 0
 0 0 0 0 0 0 0 0 0 0 0 0 0 0 0 0 0 0 0 0 0 0 0 0 0 0
 0.00862536 0 0 0.000197151 0.00414017 0.0128641 0.00837892 0.0270097 0.101434 0.158115 0.152841 0.127902 0.109271 0.109419 0.0830992 0.0579132 0.0238553 0.00714673 0.00463305 0.00128148 0.00103504 0.000492878 0.000147863 0.000147863 4.92878e-05 0
 0 0 0 0 0 0 0 0 0 0 0 0 0 0 0 0 0 0 0 0 0 0 0 0 0 0
 0 0 0 0 0 0 0 0.0054083 0.00873648 0.0413646 0.0450493 0.0745869 0.0622846 0.0627006 0.0613931 0.0827291 0.12552 0.122667 0.0946155 0.0697135 0.0546179 0.0294188 0.0215738 0.0213955 0.0102223 0.00600262
 0 0 0 0 0.00359764 0.0251062 0.0480494 0.140153 0.205849 0.193036 0.1447 0.116669 0.0760912 0.0342217 0.00950174 0.001854 0.000860785 0 0 0 0.000165536 0 0.000143464 0 0 0
 0 0 0 0 0 0 0 0.000145254 0.000435761 0.0275982 0.070085 0.0708112 0.156366 0.174668 0.174014 0.160142 0.0824315 0.0480064 0.0283245 0.00493863 0.00203355 0 0 0 0 0
 0 0 0 0 0 0 0 0 0 0 0 0 0 0 0 0 0 0 0 0 0 0 0 0 0 0
 0 0 1.00437e-05 0.000401748 0.00122533 0.00171747 0.00176769 0.0269171 0.070346 0.194647 0.189555 0.159765 0.064822 0.0314167 0.0384472 0.0292271 0.0345202 0.0313363 0.0194345 0.0106764 0.0143323 0.0359363 0.0279516 0.0138201 0.00172751 0
 0 0.0021121 0.0136068 0.0755702 0.200478 0.177729 0.0527432 0.0373336 0.0318909 0.0142505 0.0149659 0.0166563 0.0217959 0.0798694 0.0677717 0.0528807 0.04013 0.0224614 0.0357745 0.0225083 0.00881397 0.00855152 0.00135912 0.000746735 0 0
 0 0 0 0 5.4009e-05 0.00500934 0.000945158 0.0243581 0.138947 0.33067 0.221406 0.137944 0.0707744 0.0437923 0.0131692 0.00525238 0.0047753 0.00276346 9.45158e-05 9.00151e-06 2.25038e-05 9.00151e-06 4.50075e-06 0 0 0
 0.000866109 0.00284123 0.00948549 0.0512746 0.133035 0.25785 0.225252 0.132002 0.0553304 0.0519788 0.0540692 0.017754 0.00435017 0.00159236 0.00146478 0.000404838 0.000125132 0.000115318 0.000107957 0.000100596 0 0 0 0 0 0
 0 0 0 0 0.00144013 0.00171154 0.00461396 0.0210425 0.0478622 0.0707936 0.0888783 0.103762 0.0637923 0.0337046 0.0602308 0.124433 0.169614 0.0934646 0.0462172 0.0250306 0.0313229 0.00938855 0.002487 0.000210481 0 0
 0 0.00764035 0.051015 0.0998891 0.058973 0.0496711 0.0374665 0.0718981 0.12319 0.153886 0.159021 0.0857701 0.0377988 0.023471 0.0147837 0.00900784 0.00315554 0.000888139 0.00291439 0.00214683 0.00393193 0.00274676 0.000635225 9.99891e-05 0 0
 0 0 0 0 0 0 0 0 0 0 0 0 0 0 0 0 0 0 0 0 0 0 0 0 0 0
 0 0 0 0 0 0 0 0 0 0 0 0 0 0 0 0 0 0 0 0 0 0 0 0 0 0
 0 0 0 0 0 0 0 0 0 0 0 0 0 0 0 0 0 0 0 0 0 0 0 0 0 0
 0 0 0 0 0 0 0 0 0 0 0 0 0 0 0 0 0 0 0 0 0 0 0 0 0 0
 0 0 0 0 0 0 0 0 0 0 0 0 0 0 0 0 0 0 0 0 0 0 0 0 0 0
 0 0 0 0 0 0 0 0 0 0 0 0 0 0 0 0 0 0 0 0 0 0 0 0 0 0
 0 0 0 0 0 0 0 0 0 0 0 0 0 0 0 0 0 0 0 0 0 0 0 0 0 0
 0 0 0 0 0 0 0 0 0 0 0 0 0 0 0 0 0 0 0 0 0 0 0 0 0 0
ppred_pel_tallas
 1.1156e-16 4.44458e-05 0.000432029 0.00287099 0.0130511 0.0406068 0.0865176 0.126277 0.126289 0.086573 0.0407943 0.0135988 0.00426924 0.00356156 0.00621353 0.0107887 0.0169002 0.0240832 0.0317863 0.039586 0.0471343 0.0538118 0.0584858 0.0597814 0.0567991 0.0497437
 1.19742e-16 4.11134e-05 0.000399637 0.00265573 0.0120726 0.0375624 0.0800316 0.116814 0.11684 0.0801602 0.0379944 0.0133215 0.00579573 0.00727135 0.0131448 0.021814 0.0317933 0.0408332 0.0467425 0.0487005 0.0478098 0.0463114 0.0460454 0.0473438 0.0490547 0.0494461
 1.14609e-16 5.39748e-05 0.000524654 0.00348651 0.0158492 0.0493128 0.105067 0.153352 0.153368 0.105149 0.0495903 0.0166524 0.00550881 0.00495994 0.00853877 0.0141945 0.0208341 0.0270441 0.0314358 0.0334282 0.0335826 0.033134 0.0330959 0.0336537 0.0342227 0.0339611
 1.05659e-16 6.52634e-05 0.000634383 0.0042157 0.019164 0.0596263 0.127041 0.185422 0.185436 0.127105 0.059844 0.0197931 0.00579664 0.00409142 0.0066484 0.0109353 0.0158616 0.0201986 0.0227501 0.0229934 0.0213905 0.0190495 0.0170098 0.0157104 0.0149572 0.0142604
 1.03748e-16 5.9242e-05 0.000575853 0.00382675 0.0173959 0.0541251 0.11532 0.168317 0.168339 0.115425 0.054479 0.0184184 0.00639398 0.00618218 0.0107128 0.0176332 0.0254355 0.0320725 0.0355003 0.0347838 0.0306479 0.0249694 0.0196314 0.0156348 0.0129816 0.0111386
 1.02689e-16 6.60467e-05 0.000641997 0.0042663 0.019394 0.060342 0.128565 0.187648 0.187662 0.128633 0.060569 0.0200501 0.00591521 0.00424767 0.00693176 0.0114018 0.0165274 0.0210117 0.0235729 0.0236115 0.0215408 0.0184573 0.0154323 0.0129909 0.011089 0.00943244
 1.04477e-16 4.69001e-05 0.000455886 0.00302952 0.0137718 0.0428493 0.0912963 0.133257 0.13329 0.0914599 0.0433988 0.0153589 0.0070145 0.00915845 0.0165846 0.0273696 0.0394844 0.0497843 0.0550914 0.053938 0.0474257 0.0384406 0.0298864 0.0233196 0.0187801 0.0155083
 1.08967e-16 4.4884e-05 0.000436288 0.00289929 0.0131798 0.0410073 0.0873713 0.127526 0.127552 0.0874963 0.0414274 0.0143957 0.00596053 0.00714945 0.0128838 0.0214624 0.0314595 0.0407052 0.046985 0.0492369 0.0480771 0.0451577 0.0419266 0.0388347 0.0354846 0.0313401
 1.10833e-16 5.19222e-05 0.000504702 0.00335392 0.0152465 0.0474375 0.101071 0.147521 0.14754 0.101168 0.0477607 0.0161816 0.00570745 0.00566363 0.00991266 0.016473 0.0241244 0.0311945 0.0360197 0.0378697 0.0373458 0.0358473 0.0345468 0.0337074 0.032774 0.0309768
 1.05786e-16 6.47152e-05 0.000629055 0.00418029 0.019003 0.0591255 0.125974 0.183865 0.183878 0.126038 0.0593427 0.0196311 0.00575912 0.00408326 0.0066476 0.0109482 0.0159112 0.0203252 0.0230085 0.0234407 0.0220651 0.0199487 0.0180779 0.016845 0.0160352 0.0151732
 1.01849e-16 7.14592e-05 0.000694608 0.00461592 0.0209833 0.0652869 0.139101 0.203024 0.203034 0.13915 0.0654527 0.0214624 0.00581882 0.00332158 0.00506367 0.00826653 0.0119216 0.015036 0.0166511 0.0163306 0.0144157 0.0117859 0.00932146 0.00748628 0.00627452 0.00542943
 1.01285e-16 6.63541e-05 0.000644986 0.00428616 0.0194843 0.0606228 0.129164 0.188522 0.188538 0.129244 0.0608901 0.020256 0.00622292 0.00487185 0.00809066 0.0132618 0.0190771 0.0239458 0.026293 0.0253904 0.021786 0.0169311 0.0123151 0.00878246 0.00642177 0.00489153
 1.01862e-16 6.25812e-05 0.000608312 0.00404245 0.0183764 0.0571758 0.12182 0.177804 0.177822 0.121912 0.0574845 0.0192682 0.00628177 0.00549946 0.00935954 0.0153942 0.0222156 0.0280298 0.0310449 0.0304217 0.026753 0.0216287 0.0166579 0.0127182 0.00986952 0.00774985
 1.02761e-16 6.05121e-05 0.000588199 0.00390879 0.0177688 0.0552855 0.117792 0.171925 0.171945 0.117888 0.0556084 0.0187019 0.00625257 0.00571008 0.00980372 0.016153 0.023359 0.0295742 0.0329492 0.0326195 0.0291925 0.024286 0.0195094 0.0156985 0.0128521 0.0105671
 1.02261e-16 6.74433e-05 0.000655573 0.00435651 0.0198041 0.0616179 0.131284 0.191615 0.191628 0.131348 0.0618322 0.0204235 0.00591273 0.00405714 0.00654034 0.010739 0.0155413 0.019707 0.0220158 0.0219004 0.0197648 0.0166733 0.0136745 0.0112966 0.00951161 0.00803272
 1.00396e-16 7.88026e-05 0.000765989 0.00509027 0.0231396 0.0719959 0.153395 0.223885 0.223889 0.153412 0.0720525 0.0233029 0.00550007 0.00166077 0.00177867 0.00281711 0.00405362 0.00510394 0.00563489 0.00549421 0.00479575 0.0038391 0.00292775 0.00222755 0.00174749 0.00141197
 1.01138e-16 3.79198e-05 0.000368594 0.00244944 0.0111348 0.0346448 0.0738163 0.107747 0.107797 0.0740593 0.0354605 0.0134895 0.00835569 0.0132474 0.0244541 0.0402545 0.0577189 0.072023 0.0782758 0.0742216 0.0616124 0.0450906 0.0295122 0.0177642 0.0103168 0.00614731
 1.01197e-16 7.67068e-05 0.000745618 0.00495489 0.0225242 0.0700812 0.149316 0.217931 0.217934 0.149331 0.0701329 0.022674 0.00533299 0.00157848 0.00168026 0.00271305 0.00403205 0.00534209 0.006388 0.00703509 0.00731422 0.00734229 0.00719281 0.00683918 0.0062114 0.00529658
 1.01636e-16 5.45385e-05 0.000530133 0.00352292 0.0160147 0.0498279 0.106165 0.154957 0.154987 0.106313 0.0503252 0.0174505 0.00712436 0.00838378 0.0149457 0.0245587 0.0352253 0.0439908 0.0478881 0.0455625 0.0380997 0.0283347 0.0192082 0.0124317 0.00822046 0.00587832
 1.0379e-16 5.66305e-05 0.000550469 0.00365806 0.016629 0.0517392 0.110237 0.160898 0.160918 0.110336 0.0520718 0.0175911 0.00607783 0.00584892 0.0101662 0.0168388 0.0245326 0.0314314 0.0356952 0.0364304 0.0341477 0.0302823 0.0262048 0.0225407 0.0192091 0.0159101
 1.03413e-16 6.55753e-05 0.000637415 0.00423585 0.0192556 0.0599112 0.127648 0.186308 0.186322 0.127715 0.0601356 0.0199041 0.00586576 0.00420203 0.00685468 0.0112793 0.0163626 0.0208331 0.0234403 0.0236115 0.0217725 0.0190113 0.0163661 0.0143064 0.0127175 0.0112387
 1.02246e-16 6.66215e-05 0.000647585 0.00430343 0.0195628 0.0608671 0.129684 0.189281 0.189296 0.129756 0.0611092 0.020262 0.00605915 0.00448188 0.0073532 0.012063 0.0173997 0.0219426 0.024291 0.0238019 0.0209645 0.0170538 0.0133501 0.0105353 0.00861783 0.00724923
 1.0552e-16 3.22564e-05 0.000313544 0.00208361 0.00947183 0.0294706 0.0627921 0.0916569 0.0917046 0.0630251 0.0302532 0.0117326 0.00775998 0.0127103 0.0235913 0.0389897 0.0562547 0.0709317 0.078485 0.0768035 0.0674269 0.0544382 0.0419643 0.032248 0.0254092 0.0204511
 1.05568e-16 6.54989e-05 0.000636672 0.00423091 0.0192331 0.0598414 0.127499 0.18609 0.186098 0.127538 0.0599725 0.0196136 0.00519296 0.00276 0.00416614 0.0069618 0.0104385 0.0139979 0.0170547 0.019311 0.0208523 0.0219237 0.0225948 0.0226332 0.02169 0.0196054
 1.04967e-16 5.73509e-05 0.000557471 0.00370459 0.0168406 0.0523974 0.111639 0.162945 0.162969 0.111753 0.0527804 0.0179467 0.00648107 0.00661814 0.011567 0.0190319 0.0274154 0.0344981 0.0380729 0.0371592 0.032605 0.0265214 0.0210076 0.0171471 0.01486 0.0134249
 1.07679e-16 4.21731e-05 0.000409937 0.00272418 0.0123837 0.0385306 0.0820948 0.119827 0.11986 0.0822561 0.0390725 0.0139503 0.00666161 0.00902291 0.0164512 0.0272647 0.0395854 0.050436 0.0567883 0.057221 0.0527032 0.0458045 0.0390127 0.0335138 0.0291568 0.0252275
 1.05708e-16 6.46697e-05 0.000628613 0.00417735 0.0189897 0.0590839 0.125885 0.183735 0.183746 0.125938 0.059261 0.0195024 0.00546919 0.0034646 0.0054977 0.0091101 0.0134086 0.017478 0.0204242 0.0218344 0.0219772 0.0215131 0.020965 0.0203955 0.019501 0.0179506
 1.03897e-16 6.20781e-05 0.000603421 0.00400994 0.0182286 0.0567162 0.12084 0.176374 0.176393 0.120932 0.0570231 0.0191151 0.00623547 0.00546285 0.00929451 0.0152776 0.0220284 0.0277639 0.0307183 0.0300978 0.0265584 0.0217564 0.0173396 0.0141607 0.0121715 0.0108369
 1.07105e-16 3.61804e-05 0.000351686 0.00233708 0.0106241 0.0330556 0.07043 0.102803 0.102844 0.07063 0.0337275 0.0125657 0.00721449 0.0110113 0.0203166 0.0336239 0.0486517 0.0616382 0.0687545 0.0682143 0.0612905 0.0513493 0.0417289 0.0341461 0.0285622 0.024093
 1.1206e-16 4.67885e-05 0.000454801 0.00302231 0.013739 0.0427472 0.0910782 0.132935 0.132954 0.0911695 0.0430547 0.0146303 0.00527204 0.0054075 0.00957506 0.016076 0.0239059 0.0316447 0.0378451 0.0418093 0.0438771 0.0449077 0.0454225 0.0451777 0.0434664 0.0397809
 1.05286e-16 6.9396e-05 0.000674554 0.00448265 0.0203775 0.063402 0.135085 0.197162 0.197171 0.135128 0.0635452 0.0207917 0.00552428 0.00295507 0.00442055 0.00725241 0.0105724 0.013584 0.0155375 0.0161209 0.0156453 0.0148042 0.0141966 0.0139887 0.0139239 0.0135859
 1.05433e-16 4.51216e-05 0.000438598 0.00291464 0.0132496 0.0412245 0.0878345 0.128205 0.128241 0.0880142 0.041828 0.0149924 0.00728857 0.00998429 0.0181667 0.0299431 0.0430886 0.0541056 0.0594668 0.0575679 0.0496991 0.0391867 0.0294139 0.022248 0.0177789 0.0150744
pSPR Fmed_Fpbrs
0.563163   0.6 0.325
Fs Fmed_Fpbrs
0.341307   0.299846 0.742094
SSBpbr Bo_Bmed_Bpbrs
1.70707e+06  876007  938891 469445
Ro
151512
SPR SPRFo_SPRFmed_SPRFpbrs
1.0906e+06 614185 354445
Fref
0.299846
Nvult_r0
 73490.4 53529.1 5659.76 1872.87 2359.4
CTP_r0
 5574.47 5524.72 595.445 197.239 248.491
YTP_r0
218838
Np
 175821 52478.2 10337.4 7120.52 954.218
Nvult_p0
 123343 38077.9 7518.65 5179.62 694.123
CTP_p0
 21328 6196.5 4377.29 461.575 202.659
 21328 8631.96 1732.78 1194.76 160.118
YTP_p0
 395904 396213
CBA_c0
271958
log_Ro
11.7484
likeval ReclasPelacesDesembMPH_pf_preclas_ppelaces_ptallas_desvR_qrecl_qpela
 13.8848 17.24 0.0403669 0.00113291 230.522 127.37 112.479 0 23.1396 8.87762e-07 5.37882e-06 0.20184 1.10637e-15 0 0
q_reclas_q_pelaces
1.14253 1.38817
M
1
N
 178044 38514.3 112826 7143.16 0.246016
 99009.4 58094.4 11975 34952.9 2212.56
 102387 29206.4 15680.7 3210.7 9961.08
 156571 30333.4 7931.24 4230.37 3552.2
 127444 41150.9 6964.02 1802.4 1767.62
 218318 41896.8 12929.9 2180.7 1117.7
 89749.7 64549.3 11345.3 3478.2 886.959
 40557.1 20130.8 11866 2054.53 789.845
 38383.1 13746.2 6601.82 3881.75 930.363
 50732.4 10227.5 3217.22 1530.08 1114.7
 96299.8 12031.2 2032.86 631.011 518.355
 132698 32028.8 3842.48 647.269 365.899
 109647 32110.9 6548.89 775.753 204.405
 77995.9 27155 6782.54 1366.77 204.428
 74915.5 14517.5 3843.04 940.255 217.57
 402233 17060 2726.03 711.212 214.103
 83065.9 101021 3674.91 580.457 196.905
 647287 24068 26590.7 960.331 203.061
 354794 188439 6377.38 6996 305.97
 279403 94011 43758.8 1466.28 1677.96
 394294 75832.5 22578 10412.8 747.815
 546193 114207 19951.2 5897.28 2913.96
 111095 148704 27548.2 4768.79 2105.03
 319526 34309.7 42804.2 7887.77 1967.58
 273713 100352 10111.5 12554.6 2889.85
 123923 86104.1 29642.6 2972.65 4539.3
 270694 40235.4 26586.8 9118.31 2310.25
 315999 85024.8 11859.6 7799.17 3351.66
 101477 101824 25976 3608.72 3392.29
 93698.9 33212.2 31795.1 8082.42 2177.94
 259319 29447.1 9797.16 9334.45 3011.47
 111162 79643 8410.65 2782.98 3505.93
pred_Ctot
 12848.3 3821.36 11419.8 723.765 0.0249284
 12626.3 10027.8 2106.18 6153.69 389.556
 12823.6 4954.55 2710.57 555.557 1723.69
 29044.8 7487.99 1992.45 1063.73 893.243
 8648.83 3844.25 663.716 171.964 168.655
 27576 7165.55 2253.32 380.413 194.988
 23044.1 21578.9 3853.62 1182.43 301.538
 2030.68 1394.32 838.792 145.39 55.897
 6866.45 3278.83 1602.75 943.272 226.091
 11807.9 3122.58 998.557 475.32 346.296
 5886.94 1014.32 174.875 54.3402 44.6412
 29695.4 9427.93 1150.07 193.902 109.617
 23388 9038.41 1874.75 222.274 58.5703
 25723 11389.5 2885.59 581.926 87.0421
 18753.9 4741.27 1275.43 312.319 72.2722
 83212 4666.38 758.455 198.058 59.6261
 11370.9 18667.4 691.798 109.378 37.1056
 87014.8 4370.65 4919.47 177.844 37.6068
 64428.7 45589.9 1570.29 1724.22 75.4126
 47473.6 21355.1 10119 339.392 388.407
 54043.5 14030 4255.45 1964.51 141.093
 91967.2 25720.4 4574.26 1353.36 668.757
 11433.8 20861.5 3939.94 682.731 301.386
 29929.3 4392.08 5587.24 1030.66 257.109
 25391.1 12725.8 1307.49 1625.09 374.087
 9292.54 8870.4 3115.03 312.715 477.549
 25339.6 5147.53 3468.28 1190.73 301.704
 25056.1 9250.98 1316.14 866.432 372.366
 7145.9 9863.39 2566.93 356.991 335.599
 8742.16 4235.36 4134.4 1052.07 283.512
 27473.6 4248.92 1441.05 1374.4 443.43
 5574.47 5524.72 595.445 197.239 248.491
F
 0.119964 0.168209 0.171846 0.172042 0.172052
 0.220829 0.309637 0.316332 0.316693 0.316712
 0.216507 0.303577 0.310142 0.310495 0.310514
 0.336263 0.471494 0.481689 0.482238 0.482267
 0.112471 0.157702 0.161112 0.161295 0.161305
 0.218523 0.306404 0.31303 0.313387 0.313406
 0.494776 0.693755 0.708757 0.709564 0.709607
 0.0819478 0.114904 0.117389 0.117522 0.117529
 0.322534 0.452244 0.462023 0.462549 0.462577
 0.439065 0.615638 0.628951 0.629668 0.629705
 0.100831 0.141382 0.144439 0.144603 0.144612
 0.418882 0.587339 0.60004 0.600723 0.600759
 0.395707 0.554845 0.566843 0.567489 0.567523
 0.681305 0.955298 0.975956 0.977068 0.977126
 0.479622 0.672506 0.687048 0.687831 0.687872
 0.381706 0.535212 0.546785 0.547408 0.547441
 0.23875 0.334765 0.342004 0.342394 0.342414
 0.234016 0.328127 0.335222 0.335604 0.335624
 0.328125 0.460083 0.470032 0.470568 0.470596
 0.304129 0.426437 0.435659 0.436155 0.436181
 0.239085 0.335235 0.342484 0.342874 0.342895
 0.301017 0.422073 0.4312 0.431691 0.431717
 0.174959 0.24532 0.250625 0.25091 0.250925
 0.158152 0.221754 0.226549 0.226808 0.226821
 0.156524 0.219472 0.224218 0.224473 0.224487
 0.124909 0.175142 0.178929 0.179133 0.179144
 0.158047 0.221606 0.226398 0.226656 0.22667
 0.132489 0.185771 0.189788 0.190004 0.190015
 0.116917 0.163937 0.167482 0.167673 0.167683
 0.157489 0.220825 0.2256 0.225857 0.225871
 0.180506 0.253099 0.258572 0.258866 0.258882
 0.082079 0.115088 0.117576 0.11771 0.117718
YTP_r0W_actual
 47940.4 137013 16612.9 7357.01 9914.79
YTP_p0W_proyectada
 160813 108129 105361 14456.5 7143.74
 160813 150628 41708.1 37420 5644.17
CTP_r0_actual
 5574.47 5524.72 595.445 197.239 248.491
CTP_p0_proyectada
 21328 6196.5 4377.29 461.575 202.659
 21328 8631.96 1732.78 1194.76 160.118
Wmedp
 7.54 17.45 24.07 31.32 35.25
Frms_r0
 0.082079 0.115088 0.117576 0.11771 0.117718
Zrms_r0
 1.08208 1.11509 1.11758 1.11771 1.11772
nmprior
 7.27 8.72 9 0
nm_flota  nm_reclas  nm_pelaces    nm_pelaL
inf 12.7436 21.3927 72.8401
cv_recla  cv_pelaces  cv_mph
0.329642 0.454841 0.916076
 ------------------------------------------------
Talla a la edad & desviaci?n 
 8 13.2811 15.8009 17.003 17.5766
 0.8 1.32811 1.58009 1.7003 1.75766
