years
 1991 1992 1993 1994 1995 1996 1997 1998 1999 2000 2001 2002 2003 2004 2005 2006 2007 2008 2009 2010 2011 2012 2013 2014 2015 2016 2017 2018 2019 2020 2021 2022
reclasobs
 0 0 0 0 0 0 0 0 0 252601 567819 844713 477998 351125 339783 2.1784e+06 2.13404e+06 4.81314e+06 1.55562e+06 2.62356e+06 3.21686e+06 3.843e+06 1.13348e+06 3.07943e+06 1.97215e+06 2.03268e+06 2.025e+06 2.42433e+06 2.27542e+06 1.05018e+06 2.36338e+06 3.18982e+06
reclaspred
 3.32684e+06 1.84293e+06 935520 938840 940236 1.48395e+06 892004 797132 578259 412515 504726 657155 639115 488951 498010 1.32686e+06 1.25954e+06 2.99762e+06 2.41689e+06 1.76651e+06 3.07839e+06 2.51406e+06 1.98319e+06 3.06293e+06 2.28957e+06 2.04239e+06 2.41663e+06 2.62939e+06 2.17525e+06 1.50843e+06 2.04797e+06 2.25785e+06
pelacesobs
 0 0 0 0 0 0 0 0 0 0 0 0 0 0 0 552880 188675 0 991730 2.46772e+06 1.41603e+06 1.21717e+06 2.29649e+06 1.80582e+06 0 1.4828e+06 1.56532e+06 1.57751e+06 1.42118e+06 867257 1.10002e+06 1.06204e+06
pelacespred
 1.82189e+06 1.11585e+06 561165 461438 488114 795550 431976 493603 338754 226764 291628 315071 337361 268756 283287 631223 601339 1.66483e+06 1.37141e+06 924183 1.58311e+06 1.37797e+06 1.09667e+06 1.86835e+06 1.3375e+06 1.19426e+06 1.61262e+06 1.5795e+06 1.17695e+06 938062 1.08732e+06 1.22513e+06
mphobs
 0 0 0 0 0 0 0 0 0 0 0 498337 0 5186 125008 0 168611 109162 213762 579715 649985 157893 87575 83554 0 0 0 0 0 0 0 0
mphpred
 507458 337560 165718 91442.4 99595.1 114402 147003 86593.9 78898.2 53212.1 34420.3 59950.8 63737.1 52411.6 34281.4 44472.4 151093 141923 297731 216564 227784 278395 266933 219497 306706 252968 209535 222242 319948 221479 149460 260532
desembarqueobs
 494567 514787 250237 358949 120608 361735 552515 73892 212993 205616 52469 317467 293654 387597 252695 516296 358380 742168 942051 627588 828172 859565 418607 520667 417249 300574 415391 372974 316634 284311 391294 218835
desembarquepred
 494572 513688 250779 358982 120613 361750 552566 73896.7 213049 205668 52471.7 317537 293706 387625 252686 516249 358404 742046 941814 627421 828253 859583 418617 520696 417248 300575 415391 372956 316626 284310 391264 218838
Reclutas
 185270 103535 107316 169148 137299 229787 96064.1 44351 41388.3 54357.8 102759 138297 114361 81404.7 79909.7 426434 90929.4 678191 376509 293625 421251 579397 120367 345424 294876 134574 292645 340436 110191 102066 280980 122470
log_desv_Rt
 0.134459 -0.447448 -0.411574 0.0434195 -0.165195 0.349796 -0.522341 -1.29522 -1.36436 -1.09177 -0.454974 -0.157951 -0.347996 -0.687923 -0.706459 0.9681 -0.577273 1.43207 0.843586 0.594948 0.955872 1.27463 -0.296812 0.757417 0.599198 -0.185241 0.591603 0.742871 -0.385144 -0.461735 0.550926 -0.279489
SSB
 2.78753e+06 1.85426e+06 910313 502305 547089 628423 807505 475671 433398 292301 189075 329318 350116 287904 188312 244292 829972 779601 1.63547e+06 1.18962e+06 1.25125e+06 1.52926e+06 1.4663e+06 1.20572e+06 1.68478e+06 1.38959e+06 1.151e+06 1.2208e+06 1.75752e+06 1.21661e+06 821001 1.43114e+06
BT
 3.7972e+06 2.57639e+06 1.28807e+06 1.15526e+06 999919 1.78233e+06 1.29669e+06 979824 840073 618127 586055 849714 891532 900660 778532 1.58904e+06 1.39457e+06 3.74076e+06 3.44624e+06 2.27858e+06 3.60574e+06 3.35645e+06 2.39663e+06 3.94817e+06 2.86634e+06 2.48001e+06 3.41403e+06 3.27602e+06 2.44278e+06 2.01512e+06 2.34798e+06 2.44227e+06
Ftot
 0.154032 0.282603 0.276499 0.427566 0.142827 0.282977 0.63102 0.102482 0.401517 0.537773 0.127334 0.543198 0.512696 0.872067 0.604745 0.49097 0.304867 0.304603 0.428623 0.393539 0.307497 0.387825 0.224267 0.20201 0.20059 0.16009 0.202242 0.170463 0.151115 0.201203 0.229759 0.104932
BD_Bspro_t
 0.975733 0.828105 0.655297 0.564418 0.555552 0.635328 0.619582 0.443978 0.507121 0.458272 0.420908 0.642661 0.521739 0.425577 0.315783 0.375437 0.559184 0.530585 0.641702 0.535972 0.503004 0.55028 0.569077 0.560217 0.669171 0.678643 0.687149 0.723011 0.774716 0.71086 0.660377 0.740064
BD_Bspro
 2.39106 1.59053 0.78084 0.430862 0.469277 0.539043 0.692654 0.408017 0.371756 0.250727 0.162183 0.282479 0.30032 0.246956 0.161529 0.209547 0.711926 0.668719 1.40286 1.02042 1.07328 1.31175 1.25775 1.03424 1.44515 1.19195 0.987299 1.04717 1.50755 1.04357 0.704231 1.22759
BD_Bo
 1.44798 0.963196 0.472861 0.260922 0.284185 0.326434 0.419458 0.247087 0.225128 0.151835 0.0982149 0.171064 0.181868 0.149551 0.0978185 0.126897 0.431128 0.404963 0.849546 0.617945 0.649959 0.794373 0.761667 0.626313 0.875156 0.72182 0.597889 0.634145 0.91294 0.631968 0.426468 0.743402
BD_Brms
 2.63269 1.75126 0.859748 0.474403 0.5167 0.593516 0.76265 0.449249 0.409324 0.276064 0.178573 0.311025 0.330668 0.271912 0.177852 0.230723 0.78387 0.736297 1.54463 1.12354 1.18174 1.44431 1.38485 1.13875 1.59119 1.3124 1.08707 1.15299 1.65989 1.14903 0.775397 1.35164
Sel_flota
 0.71535 0.979487 0.998899 0.999942 0.999997
 0.71535 0.979487 0.998899 0.999942 0.999997
 0.71535 0.979487 0.998899 0.999942 0.999997
 0.71535 0.979487 0.998899 0.999942 0.999997
 0.71535 0.979487 0.998899 0.999942 0.999997
 0.71535 0.979487 0.998899 0.999942 0.999997
 0.71535 0.979487 0.998899 0.999942 0.999997
 0.71535 0.979487 0.998899 0.999942 0.999997
 0.71535 0.979487 0.998899 0.999942 0.999997
 0.71535 0.979487 0.998899 0.999942 0.999997
 0.71535 0.979487 0.998899 0.999942 0.999997
 0.71535 0.979487 0.998899 0.999942 0.999997
 0.71535 0.979487 0.998899 0.999942 0.999997
 0.71535 0.979487 0.998899 0.999942 0.999997
 0.71535 0.979487 0.998899 0.999942 0.999997
 0.71535 0.979487 0.998899 0.999942 0.999997
 0.71535 0.979487 0.998899 0.999942 0.999997
 0.71535 0.979487 0.998899 0.999942 0.999997
 0.71535 0.979487 0.998899 0.999942 0.999997
 0.71535 0.979487 0.998899 0.999942 0.999997
 0.71535 0.979487 0.998899 0.999942 0.999997
 0.71535 0.979487 0.998899 0.999942 0.999997
 0.71535 0.979487 0.998899 0.999942 0.999997
 0.71535 0.979487 0.998899 0.999942 0.999997
 0.71535 0.979487 0.998899 0.999942 0.999997
 0.71535 0.979487 0.998899 0.999942 0.999997
 0.71535 0.979487 0.998899 0.999942 0.999997
 0.71535 0.979487 0.998899 0.999942 0.999997
 0.71535 0.979487 0.998899 0.999942 0.999997
 0.71535 0.979487 0.998899 0.999942 0.999997
 0.71535 0.979487 0.998899 0.999942 0.999997
 0.71535 0.979487 0.998899 0.999942 0.999997
Sel_reclas
 1 1 1 1 1
 1 1 1 1 1
 1 1 1 1 1
 1 1 1 1 1
 1 1 1 1 1
 1 1 1 1 1
 1 1 1 1 1
 1 1 1 1 1
 1 1 1 1 1
 1 1 1 1 1
 1 1 1 1 1
 1 1 1 1 1
 1 1 1 1 1
 1 1 1 1 1
 1 1 1 1 1
 1 1 1 1 1
 1 1 1 1 1
 1 1 1 1 1
 1 1 1 1 1
 1 1 1 1 1
 1 1 1 1 1
 1 1 1 1 1
 1 1 1 1 1
 1 1 1 1 1
 1 1 1 1 1
 1 1 1 1 1
 1 1 1 1 1
 1 1 1 1 1
 1 1 1 1 1
 1 1 1 1 1
 1 1 1 1 1
 1 1 1 1 1
Sel_pelaces
 1 1 1 1 1
 1 1 1 1 1
 1 1 1 1 1
 1 1 1 1 1
 1 1 1 1 1
 1 1 1 1 1
 1 1 1 1 1
 1 1 1 1 1
 1 1 1 1 1
 1 1 1 1 1
 1 1 1 1 1
 1 1 1 1 1
 1 1 1 1 1
 1 1 1 1 1
 1 1 1 1 1
 1 1 1 1 1
 1 1 1 1 1
 1 1 1 1 1
 1 1 1 1 1
 1 1 1 1 1
 1 1 1 1 1
 1 1 1 1 1
 1 1 1 1 1
 1 1 1 1 1
 1 1 1 1 1
 1 1 1 1 1
 1 1 1 1 1
 1 1 1 1 1
 1 1 1 1 1
 1 1 1 1 1
 1 1 1 1 1
 1 1 1 1 1
pf_obs 
 0.8446 0.082 0.0669 0.0065 0
 0.8095 0.147 0.0364 0.0071 0
 0.9664 0.0169 0.016 0.0007 0
 0.9276 0.0648 0.0075 0.0001 0
 0.7033 0.2144 0.0806 0.0017 0
 0.9318 0.0425 0.0243 0.0014 0
 0.5671 0.3108 0.0964 0.0239 0.0018
 0.0768 0.2599 0.5324 0.112 0.0189
 0.490249 0.384438 0.106611 0.0170017 0.00170017
 0.7925 0.1577 0.0466 0.003 0.0002
 0.840416 0.127587 0.0312969 0.00059994 9.999e-05
 0.8084 0.0986 0.0794 0.0134 0.0002
 0.7335 0.1905 0.0724 0.0035 0.0001
 0.4001 0.4547 0.1325 0.0127 0
 0.49795 0.308269 0.164784 0.0264974 0.00249975
 0.9179 0.0499 0.0305 0.0017 0
 0.2467 0.6533 0.0926 0.0074 0
 0.9418 0.0223 0.034 0.0019 0
 0.707729 0.231977 0.0356964 0.0245975 0
 0.517169 0.277429 0.184464 0.0207286 0.00020938
 0.811772 0.124168 0.05621 0.00726502 0.000585176
 0.764997 0.148141 0.077277 0.00933861 0.000247198
 0.163321 0.427699 0.378323 0.0303852 0.000271297
 0.753843 0.0900009 0.118128 0.0371064 0.000921714
 0.721811 0.176058 0.0630433 0.0369309 0.00215725
 0.143369 0.312575 0.442814 0.0836902 0.0175525
 0.692698 0.0596174 0.167031 0.0765114 0.00414204
 0.394062 0.376323 0.152708 0.0712218 0.00568511
 0.125707 0.32114 0.495352 0.0537591 0.00404204
 0.23352 0.215282 0.420074 0.123614 0.00750983
 0.796117 0.104755 0.0508955 0.0450114 0.00322123
 0.162477 0.292055 0.404252 0.121198 0.0200186
pf_pred 
 0.435631 0.127915 0.411371 0.0250815 8.4948e-07
 0.398634 0.312379 0.0665456 0.209671 0.0127703
 0.557268 0.21488 0.11966 0.024936 0.0832555
 0.718922 0.180404 0.04943 0.0269272 0.0243168
 0.636463 0.28644 0.0499141 0.0133554 0.0138275
 0.728456 0.192132 0.0628443 0.0107305 0.00583726
 0.461508 0.426516 0.079745 0.0255126 0.00671785
 0.450089 0.30922 0.191693 0.0349088 0.014089
 0.524344 0.252323 0.126688 0.0769882 0.0196574
 0.693198 0.188932 0.0632342 0.0310095 0.023626
 0.811476 0.145162 0.0269667 0.00880153 0.00759425
 0.725775 0.234748 0.0305402 0.00555969 0.00337656
 0.670109 0.262726 0.0577069 0.00731956 0.00213879
 0.624347 0.281679 0.0752233 0.0161132 0.00263744
 0.736476 0.190637 0.0550617 0.0142732 0.00355213
 0.932696 0.0543338 0.00945092 0.00265926 0.000859677
 0.371804 0.598693 0.0239314 0.00406148 0.00151023
 0.896515 0.0471499 0.0537453 0.00210099 0.000488564
 0.569965 0.397937 0.0148029 0.0165009 0.00079409
 0.590126 0.26931 0.130308 0.00473308 0.00552284
 0.724723 0.185919 0.0591842 0.0279749 0.00219894
 0.736585 0.207962 0.0377277 0.0117445 0.00598054
 0.308652 0.553692 0.109215 0.0193575 0.00908296
 0.724342 0.105983 0.136469 0.0263518 0.0068543
 0.611584 0.305693 0.0322211 0.0406272 0.00987435
 0.422274 0.39688 0.142983 0.0147581 0.0231049
 0.713549 0.144248 0.0983212 0.0347028 0.00917917
 0.678806 0.24972 0.0363736 0.0242775 0.0108231
 0.354902 0.481012 0.12817 0.018288 0.0176282
 0.475045 0.226933 0.223379 0.0583189 0.0163241
 0.783559 0.121155 0.0416898 0.0401836 0.0134123
 0.463018 0.44885 0.0498092 0.0167782 0.0215451
pobs_RECLAS
 0 0 0 0 0
 0 0 0 0 0
 0 0 0 0 0
 0 0 0 0 0
 0 0 0 0 0
 0 0 0 0 0
 0 0 0 0 0
 0 0 0 0 0
 0 0 0 0 0
 0 0 0 0 0
 0.991045 0.00858322 0.000360255 1.14367e-05 0
 0.934742 0.0480273 0.0164251 0.00080598 0
 0.827803 0.169806 0.00239088 0 0
 0.941827 0.0461693 0.0120037 0 0
 0.791401 0.0380133 0.147996 0.0225897 0
 0.846168 0.0940531 0.0597789 0 0
 0.134021 0.677848 0.182769 0.00536245 0
 0.80878 0.0450904 0.141981 0.00414843 0
 0.846168 0.0940531 0.0597789 0 0
 0.905697 0.0802665 0.012482 0.00150086 5.37128e-05
 0.989698 0.0102097 9.19794e-05 0 0
 0.975433 0.0193895 0.00387452 0.00125025 5.28907e-05
 0.303575 0.632131 0.0575291 0.00676475 0
 0.966965 0.00978017 0.0227588 0.000495775 0
 0.843318 0.132988 0.00938335 0.0141283 0.000182051
 0.564624 0.303363 0.111486 0.0197234 0.00080311
 0.826376 0.0876187 0.0782897 0.00655872 0.00115652
 0.89761 0.0855135 0.0140674 0.00269457 0.000114338
 0.34875 0.467042 0.161289 0.0227151 0.000203297
 0.318654 0.224769 0.449479 0.00709798 0
 0.937255 0.0296025 0.0250945 0.00804832 0
 0.456809 0.399803 0.12412 0.0192676 0
ppred_RECLAS
 0.518618 0.1108 0.349307 0.0212749 7.20513e-07
 0.480176 0.272749 0.0569416 0.179218 0.0109149
 0.636978 0.178071 0.097181 0.0202299 0.0675392
 0.781315 0.141418 0.037959 0.0206557 0.0186522
 0.70724 0.231658 0.0395733 0.0105773 0.0109506
 0.788269 0.150702 0.0483076 0.00823955 0.00448195
 0.546106 0.361111 0.0660989 0.021123 0.00556167
 0.531226 0.265903 0.161608 0.029399 0.0118646
 0.606592 0.210746 0.103666 0.0629288 0.0160667
 0.760278 0.148836 0.0487837 0.0238965 0.0182056
 0.855888 0.111479 0.0203024 0.00661938 0.00571111
 0.787084 0.182817 0.0232915 0.00423538 0.00257211
 0.739395 0.208427 0.0448366 0.00568078 0.00165984
 0.702587 0.224251 0.0585774 0.0125328 0.00205127
 0.796938 0.147763 0.0417863 0.0108197 0.00269252
 0.950826 0.0398581 0.00679053 0.00190858 0.000616963
 0.449907 0.524757 0.0205555 0.00348479 0.00129572
 0.923619 0.0351857 0.0393035 0.00153478 0.000356878
 0.647943 0.326289 0.0118904 0.0132398 0.000637118
 0.667516 0.219996 0.104289 0.00378388 0.00441501
 0.785369 0.145926 0.0455218 0.0214938 0.00168941
 0.795421 0.162215 0.0288323 0.00896564 0.00456522
 0.38168 0.497193 0.0961235 0.0170189 0.00798519
 0.785473 0.0835085 0.1054 0.0203308 0.00528789
 0.685173 0.24886 0.0257112 0.0323845 0.00787054
 0.502748 0.343743 0.121397 0.0125168 0.0195949
 0.775927 0.113976 0.0761482 0.0268482 0.00710116
 0.744838 0.19928 0.0284536 0.0189712 0.00845701
 0.431792 0.425839 0.111233 0.0158545 0.0152817
 0.557466 0.193508 0.186704 0.0486923 0.0136287
 0.834207 0.0936483 0.0315843 0.0304107 0.0101498
 0.542851 0.383383 0.0417098 0.0140352 0.0180217
pobs_PELACES
 0 0 0 0 0
 0 0 0 0 0
 0 0 0 0 0
 0 0 0 0 0
 0 0 0 0 0
 0 0 0 0 0
 0 0 0 0 0
 0 0 0 0 0
 0 0 0 0 0
 0 0 0 0 0
 0 0 0 0 0
 0 0 0 0 0
 0 0 0 0 0
 0 0 0 0 0
 0 0 0 0 0
 0 0 0 0 0
 0.505614 0.472636 0.0217494 0 0
 0 0 0 0 0
 0.443492 0.261883 0.143347 0.151278 0
 0.227955 0.32914 0.350689 0.0885471 0.00366901
 0.970185 0.0296113 0.000203453 0 0
 0.997202 0.00247181 0.000326279 0 0
 0.445219 0.490057 0.0546422 0.010081 0
 0.90214 0.0892962 0.00764917 0.000914606 0
 0 0 0 0 0
 0.581667 0.319106 0.0959925 0.00289975 0.000334073
 0.762889 0.0836404 0.116647 0.0363945 0.000428098
 0.88444 0.0763242 0.0277011 0.0115352 0
 0.521256 0.241999 0.230069 0.00667565 0
 0.616807 0.101726 0.260614 0.0208532 0
 0.833518 0.0704572 0.0857862 0.0102388 0
 0.697417 0.212968 0.0787535 0.0105354 0.000325836
ppred_PELACES
 0.522159 0.110069 0.346659 0.0211125 7.15012e-07
 0.486551 0.269645 0.0561919 0.176841 0.0107701
 0.642745 0.175405 0.0955564 0.0198898 0.0664034
 0.787782 0.137373 0.0367722 0.0200069 0.0180662
 0.709852 0.229637 0.0391921 0.0104749 0.0108446
 0.792443 0.147809 0.0472944 0.00806595 0.0043875
 0.559908 0.350423 0.0638839 0.0204107 0.00537406
 0.533521 0.264677 0.160757 0.0292432 0.0118017
 0.615202 0.206387 0.10126 0.0614601 0.0156916
 0.768955 0.143641 0.0469191 0.0229789 0.0175063
 0.857275 0.110427 0.0200944 0.00655129 0.00565234
 0.794992 0.176114 0.0223597 0.00406517 0.00246872
 0.748039 0.201648 0.0432359 0.00547702 0.00160029
 0.718503 0.212545 0.0552103 0.0118089 0.00193274
 0.805502 0.141683 0.0399117 0.0103322 0.00257117
 0.952816 0.0382682 0.00649919 0.00182639 0.000590389
 0.456515 0.518501 0.0202708 0.00343616 0.00127763
 0.925544 0.0343352 0.0382787 0.00149461 0.000347534
 0.656465 0.318458 0.0115732 0.0128847 0.000620024
 0.675272 0.215048 0.101687 0.00368896 0.00430422
 0.789959 0.142897 0.0444891 0.021004 0.0016509
 0.800951 0.157914 0.0279981 0.00870506 0.0044325
 0.386371 0.493561 0.0952844 0.016869 0.00791484
 0.788558 0.0823732 0.103833 0.0200271 0.00520888
 0.688992 0.24591 0.0253738 0.0319572 0.00776668
 0.506317 0.341385 0.120441 0.0124176 0.0194394
 0.779088 0.11244 0.0750252 0.0264504 0.00699592
 0.747698 0.197095 0.0281109 0.0187416 0.00835463
 0.435087 0.423473 0.110508 0.0157504 0.0151813
 0.561969 0.19168 0.184702 0.0481668 0.0134816
 0.837048 0.0921041 0.0310178 0.0298629 0.00996694
 0.545147 0.381499 0.041477 0.0139563 0.0179204
pobs_pel_tallas
 0 0 0 0 0 0 0 0 0 0 0 0 0 0 0 0 0 0 0 0 0 0 0 0 0 0
 0 0 0 0 0 0 0 0 0 0 0 0 0 0 0 0 0 0 0 0 0 0 0 0 0 0
 0 0 0 0 0 0 0 0 0 0 0 0 0 0 0 0 0 0 0 0 0 0 0 0 0 0
 0 0 0 0 0 0 0 0 0 0 0 0 0 0 0 0 0 0 0 0 0 0 0 0 0 0
 0 0 0 0 0 0 0 0 0 0 0 0 0 0 0 0 0 0 0 0 0 0 0 0 0 0
 0 0 0 0 0 0 0 0 0 0 0 0 0 0 0 0 0 0 0 0 0 0 0 0 0 0
 0 0 0 0 0 0 0 0 0 0 0 0 0 0 0 0 0 0 0 0 0 0 0 0 0 0
 0 0 0 0 0 0 0 0 0 0 0 0 0 0 0 0 0 0 0 0 0 0 0 0 0 0
 0 0 0 0 0 0 0 0 0 0 0 0 0 0 0 0 0 0 0 0 0 0 0 0 0 0
 0 0 0 0 0 0 0 0 0 0 0 0 0 0 0 0 0 0 0 0 0 0 0 0 0 0
 0 0 0 0 0 0 0 0 0 0 0 0 0 0 0 0 0 0 0 0 0 0 0 0 0 0
 0 0 0 0 0 0 0 0 0 0 0 0 0 0 0 0 0 0 0 0 0 0 0 0 0 0
 0.00862536 0 0 0.000197151 0.00414017 0.0128641 0.00837892 0.0270097 0.101434 0.158115 0.152841 0.127902 0.109271 0.109419 0.0830992 0.0579132 0.0238553 0.00714673 0.00463305 0.00128148 0.00103504 0.000492878 0.000147863 0.000147863 4.92878e-05 0
 0 0 0 0 0 0 0 0 0 0 0 0 0 0 0 0 0 0 0 0 0 0 0 0 0 0
 0 0 0 0 0 0 0 0.0054083 0.00873648 0.0413646 0.0450493 0.0745869 0.0622846 0.0627006 0.0613931 0.0827291 0.12552 0.122667 0.0946155 0.0697135 0.0546179 0.0294188 0.0215738 0.0213955 0.0102223 0.00600262
 0 0 0 0 0.00359764 0.0251062 0.0480494 0.140153 0.205849 0.193036 0.1447 0.116669 0.0760912 0.0342217 0.00950174 0.001854 0.000860785 0 0 0 0.000165536 0 0.000143464 0 0 0
 0 0 0 0 0 0 0 0.000145254 0.000435761 0.0275982 0.070085 0.0708112 0.156366 0.174668 0.174014 0.160142 0.0824315 0.0480064 0.0283245 0.00493863 0.00203355 0 0 0 0 0
 0 0 0 0 0 0 0 0 0 0 0 0 0 0 0 0 0 0 0 0 0 0 0 0 0 0
 0 0 1.00437e-05 0.000401748 0.00122533 0.00171747 0.00176769 0.0269171 0.070346 0.194647 0.189555 0.159765 0.064822 0.0314167 0.0384472 0.0292271 0.0345202 0.0313363 0.0194345 0.0106764 0.0143323 0.0359363 0.0279516 0.0138201 0.00172751 0
 0 0.0021121 0.0136068 0.0755702 0.200478 0.177729 0.0527432 0.0373336 0.0318909 0.0142505 0.0149659 0.0166563 0.0217959 0.0798694 0.0677717 0.0528807 0.04013 0.0224614 0.0357745 0.0225083 0.00881397 0.00855152 0.00135912 0.000746735 0 0
 0 0 0 0 5.4009e-05 0.00500934 0.000945158 0.0243581 0.138947 0.33067 0.221406 0.137944 0.0707744 0.0437923 0.0131692 0.00525238 0.0047753 0.00276346 9.45158e-05 9.00151e-06 2.25038e-05 9.00151e-06 4.50075e-06 0 0 0
 0.000866109 0.00284123 0.00948549 0.0512746 0.133035 0.25785 0.225252 0.132002 0.0553304 0.0519788 0.0540692 0.017754 0.00435017 0.00159236 0.00146478 0.000404838 0.000125132 0.000115318 0.000107957 0.000100596 0 0 0 0 0 0
 0 0 0 0 0.00144013 0.00171154 0.00461396 0.0210425 0.0478622 0.0707936 0.0888783 0.103762 0.0637923 0.0337046 0.0602308 0.124433 0.169614 0.0934646 0.0462172 0.0250306 0.0313229 0.00938855 0.002487 0.000210481 0 0
 0 0.00764035 0.051015 0.0998891 0.058973 0.0496711 0.0374665 0.0718981 0.12319 0.153886 0.159021 0.0857701 0.0377988 0.023471 0.0147837 0.00900784 0.00315554 0.000888139 0.00291439 0.00214683 0.00393193 0.00274676 0.000635225 9.99891e-05 0 0
 0 0 0 0 0 0 0 0 0 0 0 0 0 0 0 0 0 0 0 0 0 0 0 0 0 0
 0 0 0 0 0 0 0 0 0 0 0 0 0 0 0 0 0 0 0 0 0 0 0 0 0 0
 0 0 0 0 0 0 0 0 0 0 0 0 0 0 0 0 0 0 0 0 0 0 0 0 0 0
 0 0 0 0 0 0 0 0 0 0 0 0 0 0 0 0 0 0 0 0 0 0 0 0 0 0
 0 0 0 0 0 0 0 0 0 0 0 0 0 0 0 0 0 0 0 0 0 0 0 0 0 0
 0 0 0 0 0 0 0 0 0 0 0 0 0 0 0 0 0 0 0 0 0 0 0 0 0 0
 0 0 0 0 0 0 0 0 0 0 0 0 0 0 0 0 0 0 0 0 0 0 0 0 0 0
 0 0 0 0 0 0 0 0 0 0 0 0 0 0 0 0 0 0 0 0 0 0 0 0 0 0
ppred_pel_tallas
 1.1215e-16 4.30096e-05 0.000418068 0.00277821 0.0126293 0.0392947 0.0837218 0.122197 0.122208 0.0837764 0.0394795 0.0131698 0.00415965 0.00351565 0.00616533 0.0107475 0.0169249 0.0242883 0.032335 0.0406527 0.048842 0.0561682 0.0613513 0.0628906 0.0598309 0.0524124
 1.21248e-16 4.00767e-05 0.000389559 0.00258876 0.0117681 0.0366152 0.0780135 0.113868 0.113895 0.078141 0.0370435 0.0130066 0.00570269 0.00720572 0.0130425 0.0216586 0.0316003 0.0406612 0.046701 0.0489406 0.0484975 0.0475902 0.0479966 0.049953 0.0521946 0.0528863
 1.16035e-16 5.29421e-05 0.000514616 0.00341981 0.015546 0.0483693 0.103057 0.150418 0.150435 0.10314 0.0486494 0.0163565 0.00546083 0.00499183 0.00862059 0.0143402 0.0210661 0.0273852 0.0319127 0.0340799 0.0344669 0.0343228 0.0346552 0.0356148 0.0365567 0.0365685
 1.06161e-16 6.48886e-05 0.00063074 0.00419149 0.0190539 0.0592839 0.126311 0.184357 0.184371 0.126376 0.0595019 0.019684 0.00577497 0.00409382 0.00666096 0.0109607 0.0159079 0.0202787 0.0228823 0.0232028 0.0217068 0.0195018 0.0176183 0.0164769 0.0158588 0.0152493
 1.04076e-16 5.84696e-05 0.000568345 0.00377685 0.017169 0.0534194 0.113816 0.166123 0.166145 0.113925 0.0537828 0.0182189 0.00641273 0.00632479 0.0109979 0.0181078 0.0261243 0.0329501 0.0364902 0.0357877 0.0315891 0.0258208 0.0204122 0.0163824 0.0137227 0.011874
 1.02955e-16 6.52725e-05 0.000634472 0.00421629 0.0191667 0.0596347 0.127058 0.185449 0.185463 0.127128 0.0598693 0.0198449 0.00592075 0.00436215 0.00716485 0.011794 0.0171057 0.0217669 0.0244579 0.0245611 0.022501 0.0194019 0.0163565 0.0138927 0.0119535 0.0102312
 1.0489e-16 4.6119e-05 0.000448293 0.00297907 0.0135424 0.0421357 0.0897758 0.131037 0.131071 0.0899409 0.0426903 0.0151448 0.00700264 0.00923608 0.0167484 0.0276492 0.0399051 0.0503515 0.0557895 0.0547432 0.0483218 0.0394242 0.0309566 0.0244607 0.019951 0.016648
 1.09637e-16 4.39455e-05 0.000427166 0.00283867 0.0129042 0.0401498 0.0855444 0.12486 0.124886 0.0856701 0.0405725 0.0141277 0.00591949 0.00718475 0.0129722 0.021623 0.031722 0.0411013 0.0475481 0.0500028 0.0490806 0.0464202 0.0434385 0.0405424 0.0372923 0.0331282
 1.11795e-16 5.06734e-05 0.000492563 0.00327326 0.0148798 0.0462966 0.0986405 0.143973 0.143993 0.0987384 0.0466258 0.0158323 0.00567095 0.00574939 0.0101018 0.0167997 0.0246244 0.0318869 0.0369079 0.0389561 0.0386473 0.0373951 0.0363644 0.0357801 0.0350295 0.0332907
 1.06658e-16 6.33378e-05 0.000615666 0.00409132 0.0185985 0.057867 0.123292 0.179952 0.179966 0.12336 0.0580953 0.0192584 0.00575019 0.00424576 0.00698379 0.0115156 0.0167515 0.0214316 0.0243254 0.0248949 0.0236082 0.0215783 0.0198218 0.0187216 0.0180202 0.0171915
 1.02222e-16 7.06126e-05 0.00068638 0.00456124 0.0207347 0.0645135 0.137453 0.200619 0.20063 0.137505 0.0646883 0.0212397 0.00582938 0.0034563 0.00533586 0.00872205 0.0125879 0.0158958 0.0176409 0.0173674 0.0154348 0.0127641 0.010271 0.00842858 0.00721511 0.00634892
 1.01516e-16 6.54825e-05 0.000636513 0.00422985 0.0192283 0.0598265 0.127467 0.186046 0.186063 0.12755 0.0601049 0.0200324 0.00624795 0.00504129 0.00842881 0.0138252 0.0198957 0.0249903 0.0274722 0.0265855 0.0228996 0.0179197 0.0131865 0.00956664 0.00714136 0.00554924
 1.0212e-16 6.1615e-05 0.00059892 0.00398003 0.0180927 0.0562931 0.119939 0.175059 0.175078 0.120034 0.0566124 0.0190153 0.00629701 0.00566035 0.00968425 0.0159385 0.0230138 0.029063 0.0322385 0.0316748 0.0279808 0.022789 0.0177451 0.0137375 0.0108145 0.00859837
 1.03159e-16 5.91822e-05 0.000575272 0.00382289 0.0173783 0.0540704 0.115204 0.168147 0.168168 0.115304 0.0544074 0.018352 0.00626908 0.00592182 0.0102323 0.0168721 0.0244151 0.0309445 0.034539 0.0343004 0.0308584 0.0258862 0.0210391 0.0171634 0.0142374 0.0118333
 1.0266e-16 6.63482e-05 0.000644928 0.00428577 0.0194825 0.0606174 0.129152 0.188504 0.188518 0.129219 0.0608421 0.0201321 0.00591781 0.00421303 0.00685857 0.0112749 0.0163323 0.0207419 0.0232326 0.0232138 0.0211053 0.0180092 0.0150023 0.0126128 0.0107914 0.0092289
 1.00481e-16 7.84822e-05 0.000762875 0.00506957 0.0230455 0.0717032 0.152771 0.222975 0.222979 0.152789 0.0717638 0.0232205 0.00550876 0.00172195 0.00190089 0.00302083 0.00434986 0.00548232 0.00606296 0.00592953 0.00520359 0.00420413 0.00325268 0.00252261 0.00201978 0.00166114
 1.01279e-16 3.76026e-05 0.000365511 0.00242895 0.0110417 0.034355 0.0731989 0.106846 0.106896 0.0734426 0.0351731 0.0134035 0.00835309 0.0132837 0.0245298 0.0403831 0.0579111 0.0722795 0.0785866 0.0745717 0.06199 0.0454902 0.0299312 0.0181964 0.0107476 0.00655621
 1.01323e-16 7.62358e-05 0.00074104 0.00492447 0.0223859 0.0696509 0.148399 0.216593 0.216596 0.148415 0.0697063 0.0225465 0.00533006 0.0016346 0.0017971 0.0029122 0.00433121 0.00574371 0.00687769 0.0075892 0.00791036 0.00796378 0.00782418 0.00745879 0.00678971 0.00580259
 1.01813e-16 5.40722e-05 0.000525601 0.0034928 0.0158778 0.0494019 0.105257 0.153632 0.153663 0.105407 0.0499044 0.0173286 0.00713203 0.00846198 0.0151031 0.0248215 0.0356085 0.0444827 0.0484502 0.0461447 0.0386635 0.0288667 0.0197169 0.0129311 0.00871526 0.00635795
 1.04088e-16 5.56213e-05 0.000540659 0.00359287 0.0163327 0.0508171 0.108272 0.158031 0.158051 0.108374 0.0511595 0.0173229 0.00608355 0.005995 0.0104645 0.0173418 0.0252769 0.0324082 0.0368477 0.0376779 0.0354207 0.0315419 0.0274351 0.0237269 0.0203219 0.0169085
 1.03707e-16 6.50679e-05 0.000632483 0.00420307 0.0191066 0.0594477 0.12666 0.184867 0.184881 0.126728 0.0596746 0.0197624 0.00585154 0.00423834 0.0069347 0.0114182 0.0165766 0.021132 0.0238267 0.0240857 0.0223376 0.0196715 0.0171184 0.0151311 0.0135747 0.0120753
 1.02472e-16 6.59733e-05 0.000641284 0.00426156 0.0193724 0.0602749 0.128423 0.18744 0.187455 0.128497 0.0605248 0.0200945 0.00607451 0.00460078 0.00759115 0.0124596 0.0179764 0.0226794 0.0251256 0.0246532 0.0217681 0.0177844 0.014018 0.0111649 0.00922441 0.00782962
 1.05908e-16 3.1825e-05 0.00030935 0.00205574 0.00934514 0.0290765 0.0619522 0.0904311 0.0904787 0.0621849 0.0298578 0.0116024 0.00772363 0.0126888 0.0235613 0.0389499 0.0562189 0.0709319 0.0785714 0.077035 0.0678538 0.0550839 0.042814 0.0332489 0.0264824 0.0215105
 1.05908e-16 6.49525e-05 0.000631361 0.00419562 0.0190727 0.0593422 0.126435 0.184538 0.184546 0.126475 0.0594756 0.0194598 0.0051747 0.00279276 0.00424048 0.0070924 0.0106429 0.0142896 0.0174425 0.0198023 0.0214557 0.0226456 0.02343 0.0235559 0.0226527 0.0205471
 1.05315e-16 5.67514e-05 0.000551644 0.00366587 0.0166645 0.0518497 0.110472 0.161242 0.161266 0.110588 0.0522384 0.0177874 0.00648435 0.00670431 0.0117421 0.0193248 0.0278439 0.0350516 0.0387123 0.0378355 0.0332839 0.0271984 0.0217016 0.0178795 0.0156348 0.0142206
 1.08098e-16 4.17047e-05 0.000405385 0.00269392 0.0122462 0.0381027 0.081183 0.118496 0.118529 0.0813444 0.0386449 0.0138139 0.00663454 0.00902624 0.0164684 0.0273013 0.0396557 0.0505615 0.0569978 0.0575477 0.0531779 0.0464455 0.039816 0.0344486 0.0301686 0.0262492
 1.06031e-16 6.41725e-05 0.00062378 0.00414523 0.0188436 0.0586296 0.124917 0.182322 0.182333 0.124971 0.0588095 0.0193646 0.00545784 0.00350573 0.00558632 0.0092623 0.0136396 0.0177937 0.0208211 0.0223062 0.0225225 0.0221368 0.0216708 0.0211743 0.0203246 0.0187745
 1.04156e-16 6.15869e-05 0.000598647 0.00397822 0.0180844 0.0562674 0.119884 0.174979 0.174998 0.119977 0.0565792 0.0189851 0.00623945 0.00553631 0.00944347 0.0155269 0.0223932 0.0282352 0.0312623 0.0306713 0.0271295 0.0223172 0.0179018 0.0147396 0.0127702 0.0114405
 1.07446e-16 3.58376e-05 0.000348354 0.00231494 0.0105234 0.0327424 0.0697627 0.101829 0.10187 0.0699626 0.0334138 0.0124635 0.00718879 0.011001 0.0203054 0.033612 0.0486493 0.0616666 0.068846 0.0684074 0.06162 0.0518349 0.0423665 0.0349057 0.0293936 0.0249358
 1.12492e-16 4.62887e-05 0.000449943 0.00299003 0.0135922 0.0422906 0.0901053 0.131515 0.131534 0.090197 0.0425992 0.0144868 0.00524827 0.00542202 0.00961375 0.0161472 0.0240237 0.0318259 0.0381091 0.0421793 0.044378 0.0455595 0.0462299 0.0461209 0.0444989 0.0408367
 1.05601e-16 6.89466e-05 0.000670185 0.00445362 0.0202455 0.0629913 0.13421 0.195885 0.195894 0.134254 0.0631378 0.0206691 0.00551897 0.00300288 0.00452031 0.00742109 0.0108229 0.0139155 0.0159357 0.0165676 0.0161308 0.015333 0.0147813 0.0146364 0.0146245 0.0143096
 1.05727e-16 4.49031e-05 0.000436474 0.00290053 0.0131854 0.0410249 0.0874092 0.127584 0.127621 0.0875888 0.0416278 0.0149267 0.0072708 0.00997461 0.0181534 0.0299248 0.0430706 0.0541009 0.059497 0.0576602 0.0498803 0.0394765 0.0298182 0.0227566 0.0183657 0.0157011
pSPR Fmed_Fpbrs
0.559506   0.6 0.325
Fs Fmed_Fpbrs
0.341307   0.296188 0.73113
SSBpbr Bo_Bmed_Bpbrs
1.92512e+06  980858  1.05881e+06 529407
Ro
161961
SPR SPRFo_SPRFmed_SPRFpbrs
1.16581e+06 652279 378889
Fref
0.296188
Nvult_r0
 80674 58588.4 6387.02 2149.44 2759.98
CTP_r0
 5632.79 5460.44 605.948 204.114 262.105
YTP_r0
218838
Np
 190703 56760.3 11504 7966.81 1102.39
Nvult_p0
 133942 41137.6 8355.77 5787.27 800.809
CTP_p0
 23417.7 6811.91 4827.68 525.173 235.252
 23417.7 9250.76 1907.73 1322.37 182.99
YTP_p0
 436381 431781
CBA_c0
316026
log_Ro
11.8151
likeval ReclasPelacesDesembMPH_pf_preclas_ppelaces_ptallas_desvR_qrecl_qpela
 14.3582 17.3115 0.0484413 0.000813287 230.387 127.761 112.231 0 22.9082 5.29836e-08 2.39292e-06 0.243943 7.55454e-16 0 0
q_reclas_q_pelaces
1.03309 1.24454
M
1
N
 185270 40395.5 127541 7768.62 0.2631
 103535 61046.1 12779.6 40228.4 2450.04
 107316 31116.8 17027.4 3545.06 11835.5
 169148 32394.5 8731.36 4752.3 4291.4
 137299 45829 7839.65 2095.57 2169.54
 229787 45603.8 14658.5 2500.58 1360.22
 96064.1 69042.7 12715.4 4064.76 1070.27
 44351 22502.3 13689.8 2490.52 1005.11
 41388.3 15162.5 7487.5 4546.15 1160.71
 54357.8 11424.6 3764.23 1844.41 1405.19
 102759 13611.2 2481.92 809.258 698.219
 138297 34511.5 4420.14 803.994 488.267
 114361 34495.5 7457.63 945.134 276.158
 81404.7 29154.3 7680.23 1643.96 269.075
 79909.7 16048.3 4565.03 1182.4 294.248
 426434 19073.4 3265 917.912 296.727
 90929.4 110414 4337.91 735.526 273.487
 678191 26896.5 30133.2 1176.88 273.657
 376509 200644 7342.23 8177.29 393.506
 293625 101934 48506.6 1760.31 2053.94
 421251 81514.9 25504.6 12044.3 946.691
 579397 124370 22189 6901.25 3514.08
 120367 161509 31292.9 5541.13 2599.89
 345424 37717.1 47698.1 9201.55 2393.26
 294876 109976 11384.5 14340.7 3485.31
 134574 93978.1 33241.2 3427.67 5365.98
 292645 44150.1 29555.1 10421.6 2756.45
 340436 93156.9 13323.1 8883.86 3960.29
 110191 110862 29000.7 4133.92 3984.58
 102066 36383.4 35172.7 9173.98 2567.76
 280980 32514.7 10990.6 10583.4 3532.33
 122470 87700.2 9550.99 3214.04 4126.97
pred_Ctot
 12329.3 3620.29 11642.7 709.863 0.0240422
 12178.1 9543.06 2032.94 6405.37 390.127
 12372 4770.58 2656.58 553.608 1848.36
 28883.9 7248.01 1985.93 1081.84 976.966
 8500.13 3825.48 666.616 178.364 184.67
 27061.1 7137.43 2334.58 398.624 216.846
 22878.4 21143.8 3953.21 1264.74 333.025
 1993.67 1369.69 849.106 154.629 62.4073
 6685.94 3217.38 1615.41 981.681 250.653
 11320.2 3085.33 1032.64 506.398 385.823
 5697.54 1019.21 189.339 61.7974 53.3209
 29047.6 9395.32 1222.31 222.515 135.14
 22864.4 8964.34 1968.99 249.747 72.9765
 25108.2 11327.7 3025.11 647.995 106.065
 18370.8 4755.29 1373.47 356.032 88.6049
 82141.4 4785.11 832.331 234.198 75.7107
 11464.4 18460.5 737.916 125.234 46.5675
 85439.4 4493.47 5122.02 200.228 46.5609
 64432.8 44985.5 1673.42 1865.37 89.7694
 46595.4 21264.3 10288.9 373.716 436.075
 53529.5 13732.3 4371.46 2066.28 162.418
 90756.4 25623.5 4648.52 1447.07 736.876
 11426.3 20497.7 4043.16 716.615 336.252
 29728.1 4349.69 5600.9 1081.52 281.31
 25209.8 12600.8 1328.17 1674.67 407.026
 9291.36 8732.62 3146.08 324.725 508.38
 25213 5096.94 3474.14 1226.21 324.343
 24951.7 9179.27 1337.03 892.398 397.837
 7200.21 9758.71 2600.3 371.025 357.64
 8751.04 4180.44 4114.96 1074.32 300.714
 27282.9 4218.52 1451.6 1399.16 467.007
 5632.79 5460.44 605.948 204.114 262.105
F
 0.110187 0.150872 0.153862 0.154023 0.154032
 0.20216 0.276806 0.282292 0.282587 0.282602
 0.197793 0.270827 0.276195 0.276483 0.276498
 0.305859 0.418795 0.427095 0.427541 0.427564
 0.102171 0.139897 0.142669 0.142818 0.142826
 0.202428 0.277172 0.282666 0.282961 0.282976
 0.4514 0.618075 0.630325 0.630983 0.631018
 0.0733107 0.10038 0.10237 0.102476 0.102482
 0.287225 0.393281 0.401075 0.401494 0.401516
 0.384696 0.526742 0.537181 0.537742 0.537771
 0.0910886 0.124722 0.127194 0.127327 0.127334
 0.388576 0.532055 0.5426 0.543166 0.543196
 0.366757 0.502179 0.512131 0.512666 0.512694
 0.623832 0.854178 0.871107 0.872016 0.872064
 0.432604 0.59234 0.604079 0.60471 0.604743
 0.351215 0.480899 0.49043 0.490942 0.490969
 0.218086 0.298613 0.304531 0.304849 0.304866
 0.217898 0.298355 0.304268 0.304586 0.304602
 0.306615 0.41983 0.428151 0.428598 0.428622
 0.281518 0.385466 0.393106 0.393516 0.393538
 0.219968 0.301189 0.307159 0.307479 0.307496
 0.27743 0.379869 0.387398 0.387802 0.387824
 0.160429 0.219666 0.22402 0.224254 0.224266
 0.144508 0.197866 0.201787 0.201998 0.202009
 0.143492 0.196475 0.200369 0.200579 0.20059
 0.114521 0.156806 0.159914 0.160081 0.16009
 0.144674 0.198093 0.202019 0.20223 0.202241
 0.12194 0.166966 0.170275 0.170453 0.170462
 0.1081 0.148015 0.150948 0.151106 0.151114
 0.14393 0.197076 0.200981 0.201191 0.201202
 0.164358 0.225046 0.229506 0.229746 0.229758
 0.0750627 0.102779 0.104816 0.104925 0.104931
YTP_r0W_actual
 48442 135419 16906 7613.45 10458
YTP_p0W_proyectada
 176570 118868 116202 16448.4 8292.63
 176570 161426 45919 41416.7 6450.4
CTP_r0_actual
 5632.79 5460.44 605.948 204.114 262.105
CTP_p0_proyectada
 23417.7 6811.91 4827.68 525.173 235.252
 23417.7 9250.76 1907.73 1322.37 182.99
Wmedp
 7.54 17.45 24.07 31.32 35.25
Frms_r0
 0.0750627 0.102779 0.104816 0.104925 0.104931
Zrms_r0
 1.07506 1.10278 1.10482 1.10493 1.10493
nmprior
 7.27 8.72 9 0
nm_flota  nm_reclas  nm_pelaces    nm_pelaL
inf 12.4181 20.8311 70.1776
cv_recla  cv_pelaces  cv_mph
0.335214 0.455782 0.880091
 ------------------------------------------------
Talla a la edad & desviaci?n 
 8 13.2811 15.8009 17.003 17.5766
 0.8 1.32811 1.58009 1.7003 1.75766
