years
 1991 1992 1993 1994 1995 1996 1997 1998 1999 2000 2001 2002 2003 2004 2005 2006 2007 2008 2009 2010 2011 2012 2013 2014 2015 2016 2017 2018 2019 2020 2021 2022
reclasobs
 0 0 0 0 0 0 0 0 0 252601 567819 844713 477998 351125 339783 2.1784e+06 2.13404e+06 4.81314e+06 1.55562e+06 2.62356e+06 3.21686e+06 3.843e+06 1.13348e+06 3.07943e+06 1.97215e+06 2.03268e+06 2.025e+06 2.42433e+06 2.27542e+06 1.05018e+06 2.36338e+06 3.18982e+06
reclaspred
 8.86457e+06 2.44671e+06 1.10124e+06 923813 217550 3.34581e+06 1.74326e+06 588872 950630 254313 387662 829084 733053 566900 415947 1.83199e+06 931938 4.26282e+06 2.96055e+06 2.15504e+06 3.03549e+06 3.23373e+06 1.79487e+06 3.20994e+06 2.50997e+06 1.71588e+06 2.13872e+06 3.25797e+06 2.74386e+06 1.08921e+06 1.82399e+06 1.59035e+06
pelacesobs
 0 0 0 0 0 0 0 0 0 0 0 0 0 0 0 552880 188675 0 991730 2.46772e+06 1.41603e+06 1.21717e+06 2.29649e+06 1.80582e+06 0 1.4828e+06 1.56532e+06 1.57751e+06 1.42118e+06 867257 1.10002e+06 1.06204e+06
pelacespred
 7.79916e+06 1.95379e+06 615002 364934 85939.8 2.01017e+06 929928 448846 538656 91636.2 217083 360381 348573 252786 182029 825065 404238 2.47881e+06 1.61035e+06 1.02007e+06 1.529e+06 1.63937e+06 987995 2.06934e+06 1.56506e+06 1.06142e+06 1.46345e+06 2.07411e+06 1.79281e+06 703325 901953 935108
mphobs
 0 0 0 0 0 0 0 0 0 0 0 498337 0 5186 125008 0 168611 109162 213762 579715 649985 157893 87575 83554 210694 70296 0 107559 103333 445601 22526 0
mphpred
 1.31505e+06 523791 86609.3 103156 46466.9 9209.04 375588 87173.7 33190.5 66200.6 7141.29 41967.6 58133.2 35314.6 20609.1 21787.8 169939 47641.2 406081 162604 203879 200439 287080 111598 291602 218302 111184 171908 390314 169849 58953.4 212524
desembarqueobs
 494567 514787 250237 358949 120608 361735 552515 73892 212993 205616 52469 317467 293654 387597 252695 516296 358380 742168 942051 627588 828172 859565 418607 520667 417249 300574 415391 372974 316634 284311 391294 218835
desembarquepred
 494500 514417 250004 358510 120508 361546 551851 73866.2 212826 205382 52451.3 317134 293279 386889 252354 515720 358047 741404 940255 626361 827528 858439 418139 520291 416756 300243 414979 372647 316261 283764 390844 218769
Reclutas
 14142.8 9138.39 163227 59309.9 9072.89 287197 11856.9 3484.66 50206.5 12750.3 36781.8 107228 74633.2 69015.1 42363.9 250685 15763.6 424987 182399 215347 190186 407205 21498.7 165457 136136 33570 122889 165690 32251.1 32042.2 122324 12639.8
log_desv_Rt
 -1.40206 -1.83878 1.04388 0.0315113 -1.84597 1.60891 -1.57835 -2.80289 -0.13512 -1.50571 -0.446261 0.623693 0.261321 0.183061 -0.304968 1.47293 -1.29356 2.0008 1.15493 1.32099 1.19674 1.95805 -0.983273 1.05744 0.862388 -0.537632 0.760016 1.05885 -0.577713 -0.584211 0.755409 -1.51441
SSB
 1.67056e+06 665390 110023 131043 59028.6 11698.6 477124 110740 42163.1 84097 9071.85 53313 73848.7 44861.4 26180.5 27677.9 215880 60520.3 515860 206561 258995 254625 364688 141767 370432 277318 141241 218381 495831 215766 74890.6 269977
BT
 2.09373e+06 953812 414486 383487 120234 1.27859e+06 727366 176727 419953 209534 140541 413651 404608 514121 328649 791810 391711 1.8234e+06 1.43018e+06 880126 1.30183e+06 1.38002e+06 617241 1.37964e+06 874235 573501 1.03981e+06 1.15807e+06 733859 477694 690210 428132
Ftot
 0.309045 1.07447 1.07412 1.63079 2.13976 0.518619 1.36467 0.655302 1.04314 2.70591 0.645726 1.63303 1.6883 2.56239 2.35903 1.26319 1.59677 0.817828 1.38306 1.30501 1.22792 1.1992 1.06654 0.775902 0.787188 0.837185 0.914934 0.551522 0.566882 1.22178 0.995168 0.663272
BD_Bspro_t
 0.951755 0.620472 0.220561 0.261263 0.10691 0.0307327 0.458495 0.152694 0.0941342 0.182995 0.0354833 0.245408 0.188007 0.104728 0.0602561 0.0658137 0.241091 0.0844583 0.352523 0.169512 0.170367 0.168641 0.231844 0.119907 0.288804 0.27902 0.205565 0.314636 0.479003 0.294423 0.155964 0.337539
BD_Bspro
 4.03833 1.60848 0.265964 0.316776 0.142693 0.0282796 1.15338 0.267698 0.101923 0.203292 0.0219299 0.128877 0.178518 0.108446 0.0632874 0.0669072 0.521859 0.146299 1.24702 0.499332 0.626082 0.615519 0.881581 0.342702 0.895466 0.670375 0.341429 0.527905 1.1986 0.521582 0.181037 0.652631
BD_Bo
 3.57865 1.42539 0.23569 0.280718 0.12645 0.0250606 1.02209 0.237226 0.0903213 0.180152 0.0194336 0.114207 0.158198 0.0961017 0.0560835 0.0592912 0.462456 0.129646 1.10507 0.442494 0.554816 0.545455 0.781232 0.303692 0.793536 0.594067 0.302564 0.467814 1.06216 0.462211 0.16043 0.578343
BD_Brms
 6.50664 2.59162 0.428527 0.510396 0.22991 0.0455647 1.85834 0.43132 0.164221 0.327549 0.0353338 0.207648 0.287633 0.17473 0.10197 0.107802 0.840829 0.23572 2.00922 0.804534 1.00876 0.991736 1.42042 0.552168 1.44279 1.08012 0.550117 0.850571 1.93121 0.840384 0.291691 1.05153
Sel_flota
 0.680321 1 1 1 1
 0.680321 1 1 1 1
 0.680321 1 1 1 1
 0.680321 1 1 1 1
 0.680321 1 1 1 1
 0.680321 1 1 1 1
 0.680321 1 1 1 1
 0.680321 1 1 1 1
 0.680321 1 1 1 1
 0.680321 1 1 1 1
 0.680321 1 1 1 1
 0.680321 1 1 1 1
 0.680321 1 1 1 1
 0.680321 1 1 1 1
 0.680321 1 1 1 1
 0.680321 1 1 1 1
 0.680321 1 1 1 1
 0.680321 1 1 1 1
 0.680321 1 1 1 1
 0.680321 1 1 1 1
 0.680321 1 1 1 1
 0.680321 1 1 1 1
 0.680321 1 1 1 1
 0.680321 1 1 1 1
 0.680321 1 1 1 1
 0.680321 1 1 1 1
 0.680321 1 1 1 1
 0.680321 1 1 1 1
 0.680321 1 1 1 1
 0.680321 1 1 1 1
 0.680321 1 1 1 1
 0.680321 1 1 1 1
Sel_reclas
 0.568079 0.868751 0.970855 0.99407 0.998816
 0.568079 0.868751 0.970855 0.99407 0.998816
 0.568079 0.868751 0.970855 0.99407 0.998816
 0.568079 0.868751 0.970855 0.99407 0.998816
 0.568079 0.868751 0.970855 0.99407 0.998816
 0.568079 0.868751 0.970855 0.99407 0.998816
 0.568079 0.868751 0.970855 0.99407 0.998816
 0.568079 0.868751 0.970855 0.99407 0.998816
 0.568079 0.868751 0.970855 0.99407 0.998816
 0.568079 0.868751 0.970855 0.99407 0.998816
 0.568079 0.868751 0.970855 0.99407 0.998816
 0.568079 0.868751 0.970855 0.99407 0.998816
 0.568079 0.868751 0.970855 0.99407 0.998816
 0.568079 0.868751 0.970855 0.99407 0.998816
 0.568079 0.868751 0.970855 0.99407 0.998816
 0.568079 0.868751 0.970855 0.99407 0.998816
 0.568079 0.868751 0.970855 0.99407 0.998816
 0.568079 0.868751 0.970855 0.99407 0.998816
 0.568079 0.868751 0.970855 0.99407 0.998816
 0.568079 0.868751 0.970855 0.99407 0.998816
 0.568079 0.868751 0.970855 0.99407 0.998816
 0.568079 0.868751 0.970855 0.99407 0.998816
 0.568079 0.868751 0.970855 0.99407 0.998816
 0.568079 0.868751 0.970855 0.99407 0.998816
 0.568079 0.868751 0.970855 0.99407 0.998816
 0.568079 0.868751 0.970855 0.99407 0.998816
 0.568079 0.868751 0.970855 0.99407 0.998816
 0.568079 0.868751 0.970855 0.99407 0.998816
 0.568079 0.868751 0.970855 0.99407 0.998816
 0.568079 0.868751 0.970855 0.99407 0.998816
 0.568079 0.868751 0.970855 0.99407 0.998816
 0.568079 0.868751 0.970855 0.99407 0.998816
Sel_pelaces
 0.402108 0.771932 0.944548 0.988469 0.997687
 0.402108 0.771932 0.944548 0.988469 0.997687
 0.402108 0.771932 0.944548 0.988469 0.997687
 0.402108 0.771932 0.944548 0.988469 0.997687
 0.402108 0.771932 0.944548 0.988469 0.997687
 0.402108 0.771932 0.944548 0.988469 0.997687
 0.402108 0.771932 0.944548 0.988469 0.997687
 0.402108 0.771932 0.944548 0.988469 0.997687
 0.402108 0.771932 0.944548 0.988469 0.997687
 0.402108 0.771932 0.944548 0.988469 0.997687
 0.402108 0.771932 0.944548 0.988469 0.997687
 0.402108 0.771932 0.944548 0.988469 0.997687
 0.402108 0.771932 0.944548 0.988469 0.997687
 0.402108 0.771932 0.944548 0.988469 0.997687
 0.402108 0.771932 0.944548 0.988469 0.997687
 0.402108 0.771932 0.944548 0.988469 0.997687
 0.402108 0.771932 0.944548 0.988469 0.997687
 0.402108 0.771932 0.944548 0.988469 0.997687
 0.402108 0.771932 0.944548 0.988469 0.997687
 0.402108 0.771932 0.944548 0.988469 0.997687
 0.402108 0.771932 0.944548 0.988469 0.997687
 0.402108 0.771932 0.944548 0.988469 0.997687
 0.402108 0.771932 0.944548 0.988469 0.997687
 0.402108 0.771932 0.944548 0.988469 0.997687
 0.402108 0.771932 0.944548 0.988469 0.997687
 0.402108 0.771932 0.944548 0.988469 0.997687
 0.402108 0.771932 0.944548 0.988469 0.997687
 0.402108 0.771932 0.944548 0.988469 0.997687
 0.402108 0.771932 0.944548 0.988469 0.997687
 0.402108 0.771932 0.944548 0.988469 0.997687
 0.402108 0.771932 0.944548 0.988469 0.997687
 0.402108 0.771932 0.944548 0.988469 0.997687
pf_obs 
 0.8446 0.082 0.0669 0.0065 0
 0.8095 0.147 0.0364 0.0071 0
 0.9664 0.0169 0.016 0.0007 0
 0.9276 0.0648 0.0075 0.0001 0
 0.7033 0.2144 0.0806 0.0017 0
 0.9318 0.0425 0.0243 0.0014 0
 0.5671 0.3108 0.0964 0.0239 0.0018
 0.0768 0.2599 0.5324 0.112 0.0189
 0.490249 0.384438 0.106611 0.0170017 0.00170017
 0.7925 0.1577 0.0466 0.003 0.0002
 0.840416 0.127587 0.0312969 0.00059994 9.999e-05
 0.8084 0.0986 0.0794 0.0134 0.0002
 0.7335 0.1905 0.0724 0.0035 0.0001
 0.4001 0.4547 0.1325 0.0127 0
 0.49795 0.308269 0.164784 0.0264974 0.00249975
 0.9179 0.0499 0.0305 0.0017 0
 0.2467 0.6533 0.0926 0.0074 0
 0.9418 0.0223 0.034 0.0019 0
 0.707729 0.231977 0.0356964 0.0245975 0
 0.517169 0.277429 0.184464 0.0207286 0.00020938
 0.811772 0.124168 0.05621 0.00726502 0.000585176
 0.764997 0.148141 0.077277 0.00933861 0.000247198
 0.163321 0.427699 0.378323 0.0303852 0.000271297
 0.753843 0.0900009 0.118128 0.0371064 0.000921714
 0.721811 0.176058 0.0630433 0.0369309 0.00215725
 0.143369 0.312575 0.442814 0.0836902 0.0175525
 0.692698 0.0596174 0.167031 0.0765114 0.00414204
 0.394062 0.376323 0.152708 0.0712218 0.00568511
 0.125707 0.32114 0.495352 0.0537591 0.00404204
 0.23352 0.215282 0.420074 0.123614 0.00750983
 0.796117 0.104755 0.0508955 0.0450114 0.00322123
 0.162477 0.292055 0.404252 0.121198 0.0200186
pf_pred 
 0.089419 0.174728 0.645156 0.090696 9.11799e-07
 0.18095 0.108805 0.136286 0.503217 0.0707428
 0.957159 0.0123694 0.00404797 0.00507038 0.0213536
 0.616662 0.374221 0.00263224 0.000861416 0.00562307
 0.447044 0.426492 0.123456 0.000868377 0.00213923
 0.994355 0.00371719 0.00148729 0.000430522 1.04883e-05
 0.111297 0.885615 0.00203376 0.00081373 0.000241287
 0.22717 0.152675 0.618 0.0014192 0.000736211
 0.939177 0.0200689 0.00805113 0.0325894 0.000113663
 0.537319 0.446819 0.00523358 0.00209958 0.00852834
 0.965187 0.0265624 0.00796771 9.33255e-05 0.000189517
 0.906291 0.0917298 0.00150996 0.000452932 1.60785e-05
 0.815446 0.175884 0.00848693 0.000139703 4.33932e-05
 0.859063 0.127379 0.0129208 0.000623466 1.34506e-05
 0.88321 0.110021 0.00611781 0.000620567 3.05901e-05
 0.983433 0.015743 0.000776502 4.31781e-05 4.59571e-06
 0.242817 0.750595 0.00626043 0.000308786 1.89979e-05
 0.984855 0.00605816 0.00900763 7.51292e-05 3.93362e-06
 0.613856 0.382752 0.00135699 0.00201766 1.77096e-05
 0.830025 0.128906 0.0407082 0.000144325 0.000216474
 0.804074 0.177204 0.0141985 0.00448385 3.97407e-05
 0.902257 0.0866508 0.0100319 0.000803811 0.000256091
 0.190497 0.765639 0.0388868 0.00450208 0.000475658
 0.906651 0.0281431 0.0616722 0.00313233 0.000400957
 0.727495 0.257108 0.00464203 0.0101724 0.000582794
 0.413677 0.481643 0.0987656 0.00178319 0.00413152
 0.879957 0.0661962 0.0442331 0.00907043 0.000543195
 0.82191 0.165364 0.00701787 0.00468942 0.0010192
 0.331454 0.590485 0.0724828 0.00307609 0.00250222
 0.581016 0.188167 0.203866 0.0250248 0.00192592
 0.929363 0.0512096 0.00872495 0.0094529 0.00124966
 0.280966 0.689975 0.0210668 0.0035893 0.00440285
pobs_RECLAS
 0 0 0 0 0
 0 0 0 0 0
 0 0 0 0 0
 0 0 0 0 0
 0 0 0 0 0
 0 0 0 0 0
 0 0 0 0 0
 0 0 0 0 0
 0 0 0 0 0
 0 0 0 0 0
 0.991045 0.00858322 0.000360255 1.14367e-05 0
 0.934742 0.0480273 0.0164251 0.00080598 0
 0.827803 0.169806 0.00239088 0 0
 0.941827 0.0461693 0.0120037 0 0
 0.791401 0.0380133 0.147996 0.0225897 0
 0.846168 0.0940531 0.0597789 0 0
 0.134021 0.677848 0.182769 0.00536245 0
 0.80878 0.0450904 0.141981 0.00414843 0
 0.846168 0.0940531 0.0597789 0 0
 0.905697 0.0802665 0.012482 0.00150086 5.37128e-05
 0.989698 0.0102097 9.19794e-05 0 0
 0.975433 0.0193895 0.00387452 0.00125025 5.28907e-05
 0.303575 0.632131 0.0575291 0.00676475 0
 0.966965 0.00978017 0.0227588 0.000495775 0
 0.843318 0.132988 0.00938335 0.0141283 0.000182051
 0.564624 0.303363 0.111486 0.0197234 0.00080311
 0.826376 0.0876187 0.0782897 0.00655872 0.00115652
 0.89761 0.0855135 0.0140674 0.00269457 0.000114338
 0.34875 0.467042 0.161289 0.0227151 0.000203297
 0.318654 0.224769 0.449479 0.00709798 0
 0.937255 0.0296025 0.0250945 0.00804832 0
 0.456809 0.399803 0.12412 0.0192676 0
ppred_RECLAS
 0.0799217 0.160845 0.663698 0.0955337 9.65019e-07
 0.16625 0.0987923 0.138289 0.52282 0.0738495
 0.953487 0.0121776 0.00445357 0.00571182 0.0241698
 0.62875 0.361218 0.0028394 0.000951429 0.0062403
 0.465761 0.401205 0.129785 0.000934728 0.00231368
 0.993997 0.00379252 0.00169577 0.000502608 1.23029e-05
 0.114556 0.881977 0.00226345 0.000927287 0.000276271
 0.20947 0.142702 0.645519 0.00151784 0.000791142
 0.934483 0.0197759 0.00886603 0.0367462 0.000128772
 0.576196 0.407343 0.00533195 0.00219019 0.00893886
 0.963755 0.0268989 0.00901694 0.000108141 0.000220651
 0.910644 0.0872407 0.00160485 0.000492904 1.7581e-05
 0.823468 0.16731 0.00902205 0.000152063 4.74578e-05
 0.874637 0.112024 0.0126988 0.000627404 1.36002e-05
 0.89481 0.0984078 0.00611519 0.000635133 3.14576e-05
 0.983745 0.0153552 0.000846386 4.81894e-05 5.15359e-06
 0.252285 0.740443 0.00690159 0.000348551 2.15467e-05
 0.983731 0.00607848 0.0101001 8.62551e-05 4.53771e-06
 0.621706 0.374531 0.00148391 0.00225912 1.99237e-05
 0.830073 0.125303 0.0442212 0.000160529 0.000241928
 0.805782 0.173602 0.0155447 0.00502637 4.47618e-05
 0.902874 0.084945 0.0109903 0.000901655 0.000288635
 0.191232 0.759976 0.0431358 0.00511342 0.000542826
 0.899043 0.0281009 0.0688172 0.0035788 0.000460295
 0.724719 0.25774 0.00520036 0.0116685 0.000671694
 0.407769 0.476354 0.109162 0.00201801 0.00469791
 0.874351 0.0656825 0.0490482 0.0102983 0.000619673
 0.817762 0.167658 0.00795149 0.00544032 0.00118805
 0.324411 0.588486 0.0807274 0.00350791 0.0028671
 0.570718 0.180772 0.218874 0.0275094 0.00212725
 0.927415 0.0507701 0.0096667 0.0107237 0.00142441
 0.277302 0.689986 0.0235431 0.00410713 0.00506211
pobs_PELACES
 0 0 0 0 0
 0 0 0 0 0
 0 0 0 0 0
 0 0 0 0 0
 0 0 0 0 0
 0 0 0 0 0
 0 0 0 0 0
 0 0 0 0 0
 0 0 0 0 0
 0 0 0 0 0
 0 0 0 0 0
 0 0 0 0 0
 0 0 0 0 0
 0 0 0 0 0
 0 0 0 0 0
 0 0 0 0 0
 0.505614 0.472636 0.0217494 0 0
 0 0 0 0 0
 0.443492 0.261883 0.143347 0.151278 0
 0.227955 0.32914 0.350689 0.0885471 0.00366901
 0.970185 0.0296113 0.000203453 0 0
 0.997202 0.00247181 0.000326279 0 0
 0.445219 0.490057 0.0546422 0.010081 0
 0.90214 0.0892962 0.00764917 0.000914606 0
 0 0 0 0 0
 0.581667 0.319106 0.0959925 0.00289975 0.000334073
 0.762889 0.0836404 0.116647 0.0363945 0.000428098
 0.88444 0.0763242 0.0277011 0.0115352 0
 0.521256 0.241999 0.230069 0.00667565 0
 0.616807 0.101726 0.260614 0.0208532 0
 0.833518 0.0704572 0.0857862 0.0102388 0
 0.697417 0.212968 0.0787535 0.0105354 0.000325836
ppred_PELACES
 0.06204 0.151707 0.685416 0.100836 1.0232e-06
 0.139066 0.0926202 0.141956 0.548525 0.0778316
 0.943842 0.0135109 0.00541024 0.00709185 0.0301453
 0.615006 0.373427 0.00321401 0.00110071 0.00725214
 0.459502 0.396467 0.140427 0.00103368 0.00257021
 0.992611 0.00450102 0.00220362 0.000667536 1.64141e-05
 0.106325 0.889815 0.00250034 0.00104693 0.000313331
 0.173452 0.138425 0.685613 0.00164768 0.000862707
 0.921543 0.02193 0.0107651 0.0456012 0.000160527
 0.589243 0.393062 0.00563343 0.00236508 0.00969635
 0.956763 0.0313139 0.0114934 0.000140881 0.000288758
 0.905854 0.0916981 0.00184698 0.000579784 2.07735e-05
 0.815443 0.174048 0.0102763 0.000177024 5.54982e-05
 0.878185 0.107751 0.0133739 0.000675336 1.47055e-05
 0.896235 0.0964695 0.00656381 0.000696766 3.46666e-05
 0.982076 0.016842 0.00101647 5.91497e-05 6.35438e-06
 0.241161 0.750757 0.00766201 0.00039549 2.45592e-05
 0.980219 0.00697465 0.0126893 0.000110758 5.85315e-06
 0.602102 0.393511 0.00170712 0.00265626 2.35323e-05
 0.813323 0.134298 0.0518947 0.000192541 0.000291486
 0.788238 0.187278 0.0183612 0.00606804 5.4283e-05
 0.892503 0.0928812 0.0131578 0.0011033 0.000354784
 0.173249 0.772318 0.0479976 0.00581527 0.000620129
 0.878032 0.0317433 0.0851166 0.00452409 0.000584511
 0.693501 0.284933 0.00629478 0.0144357 0.000834753
 0.370291 0.49711 0.124732 0.00235672 0.00551128
 0.853559 0.0730851 0.0597569 0.0128235 0.000775116
 0.789779 0.191771 0.0099585 0.00696381 0.00152763
 0.286272 0.61404 0.0922289 0.0040961 0.00336301
 0.532751 0.186212 0.246862 0.0317117 0.00246331
 0.9163 0.0566927 0.0118191 0.0134006 0.00178805
 0.246026 0.716522 0.0267695 0.00477298 0.00590943
pobs_pel_tallas
 0 0 0 0 0 0 0 0 0 0 0 0 0 0 0 0 0 0 0 0 0 0 0 0 0 0
 0 0 0 0 0 0 0 0 0 0 0 0 0 0 0 0 0 0 0 0 0 0 0 0 0 0
 0 0 0 0 0 0 0 0 0 0 0 0 0 0 0 0 0 0 0 0 0 0 0 0 0 0
 0 0 0 0 0 0 0 0 0 0 0 0 0 0 0 0 0 0 0 0 0 0 0 0 0 0
 0 0 0 0 0 0 0 0 0 0 0 0 0 0 0 0 0 0 0 0 0 0 0 0 0 0
 0 0 0 0 0 0 0 0 0 0 0 0 0 0 0 0 0 0 0 0 0 0 0 0 0 0
 0 0 0 0 0 0 0 0 0 0 0 0 0 0 0 0 0 0 0 0 0 0 0 0 0 0
 0 0 0 0 0 0 0 0 0 0 0 0 0 0 0 0 0 0 0 0 0 0 0 0 0 0
 0 0 0 0 0 0 0 0 0 0 0 0 0 0 0 0 0 0 0 0 0 0 0 0 0 0
 0 0 0 0 0 0 0 0 0 0 0 0 0 0 0 0 0 0 0 0 0 0 0 0 0 0
 0 0 0 0 0 0 0 0 0 0 0 0 0 0 0 0 0 0 0 0 0 0 0 0 0 0
 0 0 0 0 0 0 0 0 0 0 0 0 0 0 0 0 0 0 0 0 0 0 0 0 0 0
 0.00862536 0 0 0.000197151 0.00414017 0.0128641 0.00837892 0.0270097 0.101434 0.158115 0.152841 0.127902 0.109271 0.109419 0.0830992 0.0579132 0.0238553 0.00714673 0.00463305 0.00128148 0.00103504 0.000492878 0.000147863 0.000147863 4.92878e-05 0
 0 0 0 0 0 0 0 0 0 0 0 0 0 0 0 0 0 0 0 0 0 0 0 0 0 0
 0 0 0 0 0 0 0 0.0054083 0.00873648 0.0413646 0.0450493 0.0745869 0.0622846 0.0627006 0.0613931 0.0827291 0.12552 0.122667 0.0946155 0.0697135 0.0546179 0.0294188 0.0215738 0.0213955 0.0102223 0.00600262
 0 0 0 0 0.00359764 0.0251062 0.0480494 0.140153 0.205849 0.193036 0.1447 0.116669 0.0760912 0.0342217 0.00950174 0.001854 0.000860785 0 0 0 0.000165536 0 0.000143464 0 0 0
 0 0 0 0 0 0 0 0.000145254 0.000435761 0.0275982 0.070085 0.0708112 0.156366 0.174668 0.174014 0.160142 0.0824315 0.0480064 0.0283245 0.00493863 0.00203355 0 0 0 0 0
 0 0 0 0 0 0 0 0 0 0 0 0 0 0 0 0 0 0 0 0 0 0 0 0 0 0
 0 0 1.00437e-05 0.000401748 0.00122533 0.00171747 0.00176769 0.0269171 0.070346 0.194647 0.189555 0.159765 0.064822 0.0314167 0.0384472 0.0292271 0.0345202 0.0313363 0.0194345 0.0106764 0.0143323 0.0359363 0.0279516 0.0138201 0.00172751 0
 0 0.0021121 0.0136068 0.0755702 0.200478 0.177729 0.0527432 0.0373336 0.0318909 0.0142505 0.0149659 0.0166563 0.0217959 0.0798694 0.0677717 0.0528807 0.04013 0.0224614 0.0357745 0.0225083 0.00881397 0.00855152 0.00135912 0.000746735 0 0
 0 0 0 0 5.4009e-05 0.00500934 0.000945158 0.0243581 0.138947 0.33067 0.221406 0.137944 0.0707744 0.0437923 0.0131692 0.00525238 0.0047753 0.00276346 9.45158e-05 9.00151e-06 2.25038e-05 9.00151e-06 4.50075e-06 0 0 0
 0.000866109 0.00284123 0.00948549 0.0512746 0.133035 0.25785 0.225252 0.132002 0.0553304 0.0519788 0.0540692 0.017754 0.00435017 0.00159236 0.00146478 0.000404838 0.000125132 0.000115318 0.000107957 0.000100596 0 0 0 0 0 0
 0 0 0 0 0.00144013 0.00171154 0.00461396 0.0210425 0.0478622 0.0707936 0.0888783 0.103762 0.0637923 0.0337046 0.0602308 0.124433 0.169614 0.0934646 0.0462172 0.0250306 0.0313229 0.00938855 0.002487 0.000210481 0 0
 0 0.00764035 0.051015 0.0998891 0.058973 0.0496711 0.0374665 0.0718981 0.12319 0.153886 0.159021 0.0857701 0.0377988 0.023471 0.0147837 0.00900784 0.00315554 0.000888139 0.00291439 0.00214683 0.00393193 0.00274676 0.000635225 9.99891e-05 0 0
 0 0 0 0 0 0 0 0 0 0 0 0 0 0 0 0 0 0 0 0 0 0 0 0 0 0
 0 0 0 0 0 0 0 0 0 0 0 0 0 0 0 0 0 0 0 0 0 0 0 0 0 0
 0 0 0 0 0 0 0 0 0 0 0 0 0 0 0 0 0 0 0 0 0 0 0 0 0 0
 0 0 0 0 0 0 0 0 0 0 0 0 0 0 0 0 0 0 0 0 0 0 0 0 0 0
 0 0 0 0 0 0 0 0 0 0 0 0 0 0 0 0 0 0 0 0 0 0 0 0 0 0
 0 0 0 0 0 0 0 0 0 0 0 0 0 0 0 0 0 0 0 0 0 0 0 0 0 0
 0 0 0 0 0 0 0 0 0 0 0 0 0 0 0 0 0 0 0 0 0 0 0 0 0 0
 0 0 0 0 0 0 0 0 0 0 0 0 0 0 0 0 0 0 0 0 0 0 0 0 0 0
ppred_pel_tallas
 1.29931e-16 5.11018e-06 4.96728e-05 0.000330094 0.00150057 0.00466891 0.00994818 0.0145229 0.0145386 0.0100253 0.00493091 0.00227086 0.00231475 0.00455138 0.00905061 0.0162487 0.0264237 0.0395244 0.0552997 0.0733483 0.0927494 0.111451 0.126135 0.133124 0.130014 0.116975
 1.72301e-16 1.14547e-05 0.000111344 0.000739921 0.00336358 0.0104654 0.022298 0.0325465 0.0325558 0.0223438 0.0106205 0.0038176 0.00190263 0.00272902 0.00522734 0.0092986 0.0150745 0.0227427 0.0327807 0.0461304 0.0638717 0.0863189 0.112024 0.137434 0.157634 0.167958
 1.05973e-16 7.7743e-05 0.00075569 0.00502182 0.0228285 0.0710279 0.151332 0.220874 0.220876 0.151339 0.0710495 0.0228913 0.00518022 0.00110439 0.000749177 0.00114151 0.00170362 0.00229807 0.00286321 0.00342356 0.0040998 0.00504438 0.00633248 0.00787947 0.00943706 0.0106692
 1.01526e-16 5.06573e-05 0.000492407 0.00327222 0.0148751 0.046282 0.0986101 0.143932 0.143968 0.0987856 0.0468709 0.0165748 0.00753498 0.00978524 0.0176619 0.0290203 0.0415707 0.0517968 0.0561584 0.0530379 0.0437395 0.0316803 0.020438 0.0121438 0.00712975 0.00458902
 1.04693e-16 3.78487e-05 0.000367903 0.00244484 0.0111139 0.0345798 0.0736772 0.107542 0.10758 0.0738646 0.0352093 0.0129339 0.00701913 0.0103731 0.019096 0.0316556 0.0459329 0.0584493 0.0656393 0.0657837 0.0599323 0.0510141 0.0419238 0.0341398 0.0276881 0.0220011
 1.00135e-16 8.17601e-05 0.000794737 0.00528131 0.0240081 0.074698 0.159152 0.232287 0.232287 0.159154 0.0747052 0.0240288 0.00533352 0.00090913 0.000300255 0.000370217 0.000532944 0.000685901 0.000785783 0.000814228 0.000782755 0.000721574 0.00065785 0.000601228 0.000545539 0.000480694
 1.00458e-16 8.75801e-06 8.51311e-05 0.00056573 0.00257178 0.00800222 0.0170527 0.0249069 0.0249925 0.0174707 0.00940509 0.00662112 0.0107203 0.0222198 0.0419502 0.0690854 0.0989258 0.123153 0.133299 0.125467 0.102733 0.0732334 0.0455318 0.0247978 0.011958 0.00524201
 1.20132e-16 1.4287e-05 0.000138875 0.000922873 0.00419525 0.0130531 0.0278115 0.0405946 0.040609 0.0278822 0.0132934 0.00490237 0.00274686 0.00428239 0.00835578 0.0150174 0.024473 0.0366586 0.0512659 0.067744 0.0849652 0.10075 0.111903 0.115214 0.109006 0.0941999
 1.04917e-16 7.59063e-05 0.000737836 0.00490318 0.0222892 0.0693498 0.147757 0.215656 0.215659 0.147768 0.0693851 0.0223914 0.00516151 0.00130726 0.00117431 0.00186819 0.00280108 0.00378713 0.00471387 0.0055826 0.00651904 0.00767325 0.00906924 0.0105201 0.0116758 0.0121743
 1.02142e-16 4.85352e-05 0.00047178 0.00313515 0.0142519 0.0443433 0.0944794 0.137903 0.137941 0.0946641 0.0449632 0.0160414 0.00762307 0.0102562 0.0185937 0.0305651 0.0437987 0.0546053 0.0592675 0.0560904 0.0464484 0.0339309 0.0222857 0.0137298 0.00858452 0.00597736
 1.00403e-16 7.88073e-05 0.000766035 0.00509057 0.023141 0.0720003 0.153404 0.223899 0.223902 0.153419 0.07205 0.0232848 0.00545201 0.00155671 0.00158522 0.0025083 0.00363403 0.00462797 0.00520476 0.00522874 0.00478218 0.00409455 0.00339169 0.00278741 0.00228171 0.00182928
 1.00139e-16 7.4614e-05 0.000725275 0.00481971 0.0219097 0.0681692 0.145242 0.211987 0.211996 0.145285 0.0683139 0.0223272 0.00586677 0.00300808 0.00440139 0.00713549 0.0102182 0.0127367 0.0138173 0.0130591 0.0107761 0.00779893 0.00499831 0.00289514 0.00157725 0.000861619
 1.00369e-16 6.7167e-05 0.000652887 0.00433866 0.019723 0.0613655 0.130746 0.190832 0.190848 0.130828 0.0616402 0.0205161 0.00632838 0.00499243 0.00829684 0.0135786 0.0194796 0.0243381 0.0265081 0.0252279 0.021076 0.0155945 0.0103942 0.00642915 0.00385499 0.00234309
 1.00484e-16 7.2335e-05 0.000703122 0.00467249 0.0212405 0.0660871 0.140806 0.205512 0.205523 0.140857 0.0662574 0.0217323 0.00590685 0.00339699 0.00518623 0.00845327 0.0121552 0.0152521 0.0167343 0.0161319 0.0137874 0.0106203 0.00758004 0.00521318 0.00359352 0.00252604
 1.0029e-16 7.38217e-05 0.000717573 0.00476853 0.021677 0.0674454 0.1437 0.209736 0.209745 0.143745 0.0675977 0.0221168 0.00587173 0.0031239 0.00463805 0.0075354 0.0108115 0.0135183 0.0147438 0.0140669 0.0118073 0.00881544 0.00597678 0.00381174 0.00239984 0.00155596
 1.00041e-16 8.08923e-05 0.000786302 0.00522525 0.0237532 0.0739052 0.157463 0.229822 0.229824 0.157471 0.0739317 0.02383 0.0054178 0.00120626 0.000877339 0.0013194 0.00188572 0.00235613 0.00256697 0.00244439 0.00204439 0.00151609 0.00101511 0.000633386 0.000385618 0.000239719
 1.00457e-16 1.98643e-05 0.000193088 0.00128314 0.00583301 0.018149 0.0386711 0.0564568 0.056529 0.0390238 0.0193329 0.00925014 0.00985268 0.0188741 0.035421 0.0583231 0.0835364 0.104042 0.112701 0.106224 0.0871928 0.062443 0.0391651 0.0216916 0.0107947 0.00499653
 1.00381e-16 8.07394e-05 0.000784816 0.00521537 0.0237083 0.0737654 0.157165 0.229387 0.229388 0.157168 0.0737768 0.0237415 0.00529949 0.000971279 0.000443137 0.000626259 0.000943964 0.0012896 0.00161071 0.00187766 0.00208493 0.0022326 0.00230389 0.00226469 0.00208812 0.00178196
 1.00421e-16 4.95944e-05 0.000482075 0.00320356 0.014563 0.0453109 0.0965412 0.140913 0.14095 0.096726 0.0459314 0.0163539 0.00769472 0.0102721 0.018601 0.0305636 0.0437673 0.0545007 0.0590209 0.055609 0.045627 0.03267 0.020516 0.0114356 0.00582134 0.00287618
 1.01601e-16 6.69924e-05 0.00065119 0.00432739 0.0196717 0.061206 0.130406 0.190334 0.190347 0.13047 0.0614193 0.0202886 0.00587836 0.00404458 0.00653376 0.0107526 0.015614 0.0199035 0.022415 0.0225647 0.0206962 0.017779 0.0147654 0.0121336 0.00988599 0.00784417
 1.01196e-16 6.49262e-05 0.000631106 0.00419392 0.019065 0.0593183 0.126385 0.184466 0.184484 0.126473 0.0596142 0.0199194 0.00633803 0.00530963 0.00894418 0.0146677 0.0210854 0.026436 0.0289705 0.0278822 0.023786 0.0183052 0.0131095 0.00915032 0.00653187 0.00487007
 1.00575e-16 7.35143e-05 0.000714585 0.00474867 0.0215868 0.0671645 0.143101 0.208863 0.208872 0.143145 0.0673114 0.0220109 0.00581333 0.00303857 0.00448659 0.00729915 0.010503 0.0131968 0.0145134 0.0140499 0.0120992 0.00944657 0.00689815 0.0049117 0.00354042 0.00261219
 1.02271e-16 1.42704e-05 0.000138714 0.000921805 0.00419044 0.0130384 0.0277824 0.0405649 0.0406392 0.0281456 0.0142575 0.00771038 0.00975228 0.0193989 0.036543 0.0602592 0.0864948 0.108114 0.117844 0.112317 0.0941027 0.0700349 0.0472313 0.0298827 0.0186333 0.0119886
 1.03018e-16 7.23223e-05 0.000702999 0.00467167 0.0212367 0.0660754 0.140781 0.205474 0.205478 0.140796 0.0661282 0.0213909 0.00506466 0.00158081 0.00179764 0.0030088 0.00467879 0.00661342 0.00864036 0.0106374 0.0125233 0.0141617 0.0152856 0.0155559 0.0147443 0.0129
 1.01844e-16 5.71228e-05 0.000555254 0.00368986 0.0167736 0.052189 0.111195 0.162298 0.162326 0.111329 0.0526385 0.0180713 0.00694482 0.0076529 0.0135136 0.0221902 0.0318212 0.0397289 0.043234 0.0411205 0.0343851 0.025608 0.0174593 0.0114821 0.00784769 0.0058883
 1.04896e-16 3.05004e-05 0.000296475 0.00197018 0.0089562 0.0278663 0.0593739 0.086668 0.086716 0.0596085 0.0286541 0.0112324 0.00768758 0.0127897 0.0237925 0.0393757 0.0569254 0.0720045 0.080074 0.078982 0.0701727 0.0575814 0.0451737 0.0350903 0.0274765 0.0215013
 1.03161e-16 7.03066e-05 0.000683405 0.00454147 0.0206448 0.0642338 0.136857 0.199749 0.199756 0.136892 0.0643511 0.0209845 0.00539795 0.00256599 0.00368345 0.00607698 0.00897813 0.0117732 0.0138748 0.0149958 0.0152715 0.0150728 0.0146776 0.0140898 0.0131278 0.0116512
 1.01294e-16 6.50531e-05 0.000632339 0.00420211 0.0191022 0.0594342 0.126631 0.184826 0.184845 0.126722 0.0597369 0.0199762 0.00639467 0.00541456 0.00913524 0.014968 0.0214825 0.0268632 0.0293099 0.028001 0.0235917 0.0177915 0.0123666 0.00833434 0.00580942 0.00436438
 1.03799e-16 2.358e-05 0.000229206 0.00152315 0.00692408 0.0215437 0.0459033 0.0670096 0.0670688 0.0461925 0.0225147 0.00972876 0.00856329 0.0155977 0.0292104 0.0482498 0.0694912 0.0873516 0.0961307 0.0931604 0.0803637 0.0629062 0.0460915 0.0329296 0.023776 0.0175165
 1.10769e-16 4.3882e-05 0.000426549 0.00283457 0.0128855 0.0400918 0.0854205 0.124678 0.124696 0.0855101 0.0403936 0.0137616 0.00505043 0.00531953 0.00949983 0.0160615 0.0241244 0.0324034 0.0395478 0.0448325 0.0483794 0.0506587 0.0517561 0.0511325 0.0480803 0.0424121
 1.02003e-16 7.54744e-05 0.000733638 0.00487528 0.0221623 0.0689553 0.146917 0.21443 0.214436 0.146943 0.0690451 0.022422 0.00552775 0.0021599 0.00279006 0.00450909 0.00652764 0.00829638 0.00931615 0.00937156 0.00865738 0.00763754 0.00674658 0.00616673 0.00581438 0.0054834
 1.02435e-16 2.0265e-05 0.000196983 0.00130902 0.00595067 0.0185151 0.0394509 0.0575942 0.0576632 0.0397877 0.0196456 0.00921438 0.00949545 0.0180483 0.033865 0.0558014 0.0800248 0.0998823 0.108607 0.103085 0.0857544 0.0630534 0.0417047 0.0256869 0.0156149 0.010028
pSPR Fmed_Fpbrs
0.564095   0.6 0.325
Fs Fmed_Fpbrs
0.341307   0.30073 0.746503
SSBpbr Bo_Bmed_Bpbrs
466812  239986  256747 128373
Ro
57470.1
SPR SPRFo_SPRFmed_SPRFpbrs
413675 233352 134445
Fref
0.30073
Nvult_r0
 9678.58 18532.3 565.84 96.4062 118.258
CTP_r0
 3009.39 7390.21 225.643 38.4444 47.1583
YTP_r0
218769
Np
 59201.8 17749.5 806.449 1180.15 45.846
Nvult_p0
 41452.3 12915.7 586.827 858.753 33.3606
CTP_p0
 7040.43 498.195 729.052 22.2599 4.51134
 7040.43 2986.13 135.675 198.545 7.71302
YTP_p0
 80182.8 114949
CBA_c0
177193
log_Ro
10.779
likeval ReclasPelacesDesembMPH_pf_preclas_ppelaces_ptallas_desvR_qrecl_qpela
 15.5252 16.2529 0.20486 0.00119468 294.686 129.836 131.06 0 69.9948 0.000166072 0.000306482 0.00118614 2.16614e-16 0 0
q_reclas_q_pelaces
6.18718 11.8914
M
1
N
 14142.8 19554.4 72201.9 10150.1 0.102043
 9138.39 4216.29 5281.22 19500.1 2741.35
 163227 1618.5 529.665 663.445 2794.05
 59309.9 28915.9 203.392 66.5613 434.493
 9072.89 7194.48 2082.57 14.6486 36.0866
 287197 778.463 311.471 90.1608 2.19648
 11856.9 74243 170.494 68.2167 20.2276
 3484.66 1723.74 6977.38 16.0231 8.31202
 50206.5 820.825 329.294 1332.92 4.64885
 12750.3 9083.66 106.397 42.6836 173.378
 36781.8 744.283 223.257 2.615 5.31031
 107228 8720.73 143.552 43.06 1.52857
 74633.2 12987.3 626.675 10.3157 3.20415
 69015.1 8705.91 883.094 42.6118 0.919304
 42363.9 4441.87 246.994 25.0541 1.23501
 250685 3131.14 154.439 8.5877 0.914042
 15763.6 39049.1 325.694 16.0644 0.98835
 424987 1956.95 2909.71 24.2688 1.27067
 182399 89628.6 317.766 472.473 4.14704
 215347 26187.2 8269.86 29.3196 43.9768
 190186 32603.8 2612.39 824.984 7.3119
 407205 30344.6 3513.13 281.49 89.6816
 21498.7 66252.4 3364.96 389.575 41.1597
 165457 3828.23 8389.12 426.083 54.5412
 136136 35903.9 648.237 1420.53 81.3844
 33570 29315.4 6011.41 108.535 251.467
 122889 6987.18 4668.92 957.407 57.3356
 165690 24260.1 1029.57 687.972 149.524
 32251.1 41884.1 5141.32 218.192 177.487
 32042.2 8067.87 8741 1072.97 82.5762
 122324 5133.82 874.686 947.663 125.279
 12639.8 22865.7 698.153 118.949 145.91
pred_Ctot
 1724.47 3369.68 12442.1 1749.1 0.0175843
 3175.6 1909.48 2391.77 8831.26 1241.51
 56708 732.84 239.826 300.401 1265.12
 27409.8 16633.6 117 38.2888 249.938
 4916.84 4690.8 1357.83 9.55088 23.5285
 55540.1 207.625 83.0732 24.047 0.585829
 4878.51 38819.5 89.1466 35.6685 10.5764
 821.391 552.035 2234.53 5.13147 2.66196
 17069.7 364.756 146.331 592.319 2.06584
 7779.87 6469.52 75.7773 30.3999 123.482
 8564.76 235.706 70.7029 0.82814 1.68172
 49597.7 5020.01 82.6343 24.7871 0.879909
 35243.2 7601.64 366.801 6.03791 1.87543
 41034.3 6084.41 617.18 29.7807 0.642486
 24171.6 3011.04 167.432 16.9836 0.837187
 97815 1565.85 77.2331 4.29462 0.457103
 7188.92 22222.3 185.348 9.14202 0.562457
 119886 737.457 1096.49 9.14544 0.478838
 75728.4 47218.2 167.406 248.909 2.18475
 85942.5 13347.2 4215.01 14.9437 22.4142
 72752.3 16033.3 1284.68 405.697 3.59572
 153187 14711.7 1703.24 136.473 43.4796
 7430.2 29863.2 1516.75 175.601 18.5527
 44759.3 1389.36 3044.61 154.636 19.7943
 37255 13166.5 237.718 520.931 29.8449
 9646.27 11231.1 2303.05 41.5811 96.3403
 37838.7 2846.48 1902.05 390.034 23.3577
 33779.1 6796.17 288.423 192.727 41.8874
 6730.74 11990.8 1471.89 62.4655 50.812
 12214 3955.61 4285.64 526.067 40.4864
 40152.2 2212.46 376.953 408.403 53.9902
 3009.39 7390.21 225.643 38.4444 47.1583
F
 0.21025 0.309045 0.309045 0.309045 0.309045
 0.730983 1.07447 1.07447 1.07447 1.07447
 0.730747 1.07412 1.07412 1.07412 1.07412
 1.10946 1.63079 1.63079 1.63079 1.63079
 1.45572 2.13976 2.13976 2.13976 2.13976
 0.352827 0.518618 0.518619 0.518619 0.518619
 0.928413 1.36467 1.36467 1.36467 1.36467
 0.445816 0.655302 0.655302 0.655302 0.655302
 0.709667 1.04314 1.04314 1.04314 1.04314
 1.84089 2.70591 2.70591 2.70591 2.70591
 0.439301 0.645726 0.645726 0.645726 0.645726
 1.11099 1.63303 1.63303 1.63303 1.63303
 1.14858 1.6883 1.6883 1.6883 1.6883
 1.74325 2.56239 2.56239 2.56239 2.56239
 1.6049 2.35903 2.35903 2.35903 2.35903
 0.859377 1.26319 1.26319 1.26319 1.26319
 1.08632 1.59677 1.59677 1.59677 1.59677
 0.556386 0.817828 0.817828 0.817828 0.817828
 0.940923 1.38306 1.38306 1.38306 1.38306
 0.887825 1.30501 1.30501 1.30501 1.30501
 0.835381 1.22792 1.22792 1.22792 1.22792
 0.815844 1.1992 1.1992 1.1992 1.1992
 0.725588 1.06654 1.06654 1.06654 1.06654
 0.527863 0.775902 0.775902 0.775902 0.775902
 0.535541 0.787188 0.787188 0.787188 0.787188
 0.569555 0.837185 0.837185 0.837185 0.837185
 0.622448 0.914933 0.914934 0.914934 0.914934
 0.375212 0.551522 0.551522 0.551522 0.551522
 0.385662 0.566882 0.566882 0.566882 0.566882
 0.831203 1.22178 1.22178 1.22178 1.22178
 0.677034 0.995168 0.995168 0.995168 0.995168
 0.451238 0.663271 0.663272 0.663272 0.663272
YTP_r0W_actual
 25880.7 183277 6295.45 1433.98 1881.61
YTP_p0W_proyectada
 53084.8 8693.51 17548.3 697.181 159.025
 53084.8 52108 3265.7 6218.42 271.884
CTP_r0_actual
 3009.39 7390.21 225.643 38.4444 47.1583
CTP_p0_proyectada
 7040.43 498.195 729.052 22.2599 4.51134
 7040.43 2986.13 135.675 198.545 7.71302
Wmedp
 7.54 17.45 24.07 31.32 35.25
Frms_r0
 0.451238 0.663271 0.663272 0.663272 0.663272
Zrms_r0
 1.45124 1.66327 1.66327 1.66327 1.66327
nmprior
 7.27 8.72 9 0
nm_flota  nm_reclas  nm_pelaces    nm_pelaL
inf 16.8057 6.09162 12.5495
cv_recla  cv_pelaces  cv_mph
0.348571 0.441627 0.940717
 ------------------------------------------------
Talla a la edad & desviaci?n 
 8 13.2811 15.8009 17.003 17.5766
 0.8 1.32811 1.58009 1.7003 1.75766
