years
 1991 1992 1993 1994 1995 1996 1997 1998 1999 2000 2001 2002 2003 2004 2005 2006 2007 2008 2009 2010 2011 2012 2013 2014 2015 2016 2017 2018 2019 2020 2021 2022
reclasobs
 0 0 0 0 0 0 0 0 0 252601 567819 844713 477998 351125 339783 2.1784e+06 2.13404e+06 4.81314e+06 1.55562e+06 2.62356e+06 3.21686e+06 3.843e+06 1.13348e+06 3.07943e+06 1.97215e+06 2.03268e+06 2.025e+06 2.42433e+06 2.27542e+06 1.05018e+06 2.36338e+06 3.18982e+06
reclaspred
 1.05701e+07 3.0259e+06 1.41074e+06 1.09822e+06 149183 1.10281e+07 1.0353e+07 6.51411e+06 2.93402e+06 229864 334447 907720 698860 582128 395615 2.05156e+06 867813 5.00973e+06 2.65716e+06 2.3001e+06 2.85658e+06 3.50359e+06 1.75293e+06 3.23521e+06 2.67994e+06 1.62648e+06 2.06876e+06 3.75315e+06 3.13352e+06 968073 1.8786e+06 1.44025e+06
pelacesobs
 0 0 0 0 0 0 0 0 0 0 0 0 0 0 0 552880 188675 0 991730 2.46772e+06 1.41603e+06 1.21717e+06 2.29649e+06 1.80582e+06 0 1.4828e+06 1.56532e+06 1.57751e+06 1.42118e+06 867257 1.10002e+06 1.06204e+06
pelacespred
 9.14927e+06 2.463e+06 854360 457296 49046.2 7.68893e+06 7.94421e+06 6.07848e+06 2.70184e+06 100035 189201 418174 331825 270697 174017 993319 361580 3.15856e+06 1.39511e+06 1.07978e+06 1.43404e+06 1.82936e+06 931416 2.16629e+06 1.66593e+06 968103 1.45141e+06 2.46762e+06 2.06958e+06 605026 951442 813190
mphobs
 0 0 0 0 0 0 0 0 0 0 0 498337 0 5186 125008 0 168611 109162 213762 579715 649985 157893 87575 83554 210694 70296 0 107559 103333 445601 22526 0
mphpred
 1.6905e+06 683709 118801 145668 49868.2 4136.23 1.71322e+06 972685 529022 111073 3535.79 35953.5 66385.5 31585.6 20500.8 19774.6 193747 39660.2 490426 127741 230704 181060 330110 105013 301390 250285 98251.4 170847 484608 193747 46562.2 224298
desembarqueobs
 494567 514787 250237 358949 120608 361735 552515 73892 212993 205616 52469 317467 293654 387597 252695 516296 358380 742168 942051 627588 828172 859565 418607 520667 417249 300574 415391 372974 316634 284311 391294 218835
desembarquepred
 494493 514310 250146 358192 120441 361628 552147 73879.4 212787 205142 52439.6 317013 293125 386698 252240 515558 357859 741265 939666 626195 827159 858130 417971 520133 416595 300101 414818 372565 316131 283466 390719 218717
Reclutas
 3432.94 2183.36 180894 45983.4 2617.94 780654 3200.97 1022.72 1910.19 3156.12 32144.9 115110 66571.5 70366.3 40613.5 256985 7137.85 458152 119552 242325 163716 435620 8713.8 160418 148743 20388.7 118989 182852 23273 22117.8 123404 5823.7
log_desv_Rt
 -2.36586 -2.81842 1.59863 0.229002 -2.63689 3.06085 -2.43583 -3.57681 -2.95208 -2.44994 -0.129025 1.14661 0.598998 0.654435 0.104821 1.94974 -1.63387 2.52792 1.18448 1.891 1.49886 2.47749 -1.43437 1.4785 1.40294 -0.5843 1.17975 1.6094 -0.451983 -0.502898 1.21618 -1.83734
SSB
 1.90554e+06 770682 133913 164198 56211.9 4662.39 1.93116e+06 1.09642e+06 596318 125202 3985.57 40527.1 74830.3 35603.5 23108.7 22290.1 218393 44705.3 552812 143990 260052 204093 372103 118372 339729 282124 110750 192580 546254 218393 52485.3 252831
BT
 2.34454e+06 1.05678e+06 471779 387349 110118 3.4405e+06 2.37989e+06 1.31025e+06 763117 255490 117833 418651 378050 507626 313366 802881 368814 1.93776e+06 1.27911e+06 863445 1.18282e+06 1.37971e+06 568638 1.31382e+06 869173 506422 974082 1.21487e+06 767425 439286 665239 370349
Ftot
 0.273766 0.935606 0.929581 1.49606 2.8197 0.177552 0.28396 0.0680182 0.42782 3.10035 0.812313 1.63818 1.86892 2.69626 2.62233 1.2456 1.75825 0.769002 1.59077 1.33372 1.38063 1.20984 1.14187 0.837057 0.794152 0.928331 1.02211 0.52389 0.528565 1.42779 1.0536 0.766401
BD_Bspro_t
 0.957143 0.655253 0.259422 0.31165 0.103388 0.0132538 0.78626 0.634044 0.569694 0.247607 0.0199657 0.246926 0.19839 0.087369 0.0540247 0.0543389 0.241245 0.0646197 0.361212 0.127913 0.172493 0.142948 0.234702 0.101142 0.270362 0.278706 0.168169 0.288807 0.501134 0.293457 0.117956 0.324916
BD_Bspro
 7.23858 2.92759 0.508695 0.62374 0.213532 0.017711 7.33588 4.16496 2.26523 0.475607 0.01514 0.15395 0.284258 0.135247 0.087783 0.0846732 0.829611 0.169822 2.09997 0.546976 0.987859 0.775286 1.41351 0.449659 1.29053 1.0717 0.420705 0.731553 2.07505 0.829609 0.199376 0.960428
BD_Bo
 2.88197 1.16559 0.202532 0.248336 0.0850156 0.00705147 2.92071 1.65824 0.901879 0.189358 0.00602783 0.0612937 0.113174 0.0538473 0.0349499 0.0337118 0.330301 0.067613 0.836081 0.217773 0.393306 0.308672 0.562774 0.179027 0.513811 0.426688 0.1675 0.291261 0.826162 0.3303 0.0793795 0.382385
BD_Brms
 5.23994 2.11926 0.368239 0.451519 0.154574 0.0128208 5.31037 3.01498 1.63978 0.344287 0.0109597 0.111443 0.205772 0.0979041 0.0635453 0.0612942 0.600548 0.122933 1.52015 0.395951 0.715102 0.561222 1.02322 0.325504 0.934201 0.775796 0.304545 0.529565 1.50211 0.600546 0.144326 0.695245
Sel_flota
 0.676159 1 1 1 1
 0.676159 1 1 1 1
 0.676159 1 1 1 1
 0.676159 1 1 1 1
 0.676159 1 1 1 1
 0.676159 1 1 1 1
 0.676159 1 1 1 1
 0.676159 1 1 1 1
 0.676159 1 1 1 1
 0.676159 1 1 1 1
 0.676159 1 1 1 1
 0.676159 1 1 1 1
 0.676159 1 1 1 1
 0.676159 1 1 1 1
 0.676159 1 1 1 1
 0.676159 1 1 1 1
 0.676159 1 1 1 1
 0.676159 1 1 1 1
 0.676159 1 1 1 1
 0.676159 1 1 1 1
 0.676159 1 1 1 1
 0.676159 1 1 1 1
 0.676159 1 1 1 1
 0.676159 1 1 1 1
 0.676159 1 1 1 1
 0.676159 1 1 1 1
 0.676159 1 1 1 1
 0.676159 1 1 1 1
 0.676159 1 1 1 1
 0.676159 1 1 1 1
 0.676159 1 1 1 1
 0.676159 1 1 1 1
Sel_reclas
 0.596479 0.881505 0.973984 0.994721 0.998947
 0.596479 0.881505 0.973984 0.994721 0.998947
 0.596479 0.881505 0.973984 0.994721 0.998947
 0.596479 0.881505 0.973984 0.994721 0.998947
 0.596479 0.881505 0.973984 0.994721 0.998947
 0.596479 0.881505 0.973984 0.994721 0.998947
 0.596479 0.881505 0.973984 0.994721 0.998947
 0.596479 0.881505 0.973984 0.994721 0.998947
 0.596479 0.881505 0.973984 0.994721 0.998947
 0.596479 0.881505 0.973984 0.994721 0.998947
 0.596479 0.881505 0.973984 0.994721 0.998947
 0.596479 0.881505 0.973984 0.994721 0.998947
 0.596479 0.881505 0.973984 0.994721 0.998947
 0.596479 0.881505 0.973984 0.994721 0.998947
 0.596479 0.881505 0.973984 0.994721 0.998947
 0.596479 0.881505 0.973984 0.994721 0.998947
 0.596479 0.881505 0.973984 0.994721 0.998947
 0.596479 0.881505 0.973984 0.994721 0.998947
 0.596479 0.881505 0.973984 0.994721 0.998947
 0.596479 0.881505 0.973984 0.994721 0.998947
 0.596479 0.881505 0.973984 0.994721 0.998947
 0.596479 0.881505 0.973984 0.994721 0.998947
 0.596479 0.881505 0.973984 0.994721 0.998947
 0.596479 0.881505 0.973984 0.994721 0.998947
 0.596479 0.881505 0.973984 0.994721 0.998947
 0.596479 0.881505 0.973984 0.994721 0.998947
 0.596479 0.881505 0.973984 0.994721 0.998947
 0.596479 0.881505 0.973984 0.994721 0.998947
 0.596479 0.881505 0.973984 0.994721 0.998947
 0.596479 0.881505 0.973984 0.994721 0.998947
 0.596479 0.881505 0.973984 0.994721 0.998947
 0.596479 0.881505 0.973984 0.994721 0.998947
Sel_pelaces
 0.479458 0.822551 0.958896 0.991554 0.99831
 0.479458 0.822551 0.958896 0.991554 0.99831
 0.479458 0.822551 0.958896 0.991554 0.99831
 0.479458 0.822551 0.958896 0.991554 0.99831
 0.479458 0.822551 0.958896 0.991554 0.99831
 0.479458 0.822551 0.958896 0.991554 0.99831
 0.479458 0.822551 0.958896 0.991554 0.99831
 0.479458 0.822551 0.958896 0.991554 0.99831
 0.479458 0.822551 0.958896 0.991554 0.99831
 0.479458 0.822551 0.958896 0.991554 0.99831
 0.479458 0.822551 0.958896 0.991554 0.99831
 0.479458 0.822551 0.958896 0.991554 0.99831
 0.479458 0.822551 0.958896 0.991554 0.99831
 0.479458 0.822551 0.958896 0.991554 0.99831
 0.479458 0.822551 0.958896 0.991554 0.99831
 0.479458 0.822551 0.958896 0.991554 0.99831
 0.479458 0.822551 0.958896 0.991554 0.99831
 0.479458 0.822551 0.958896 0.991554 0.99831
 0.479458 0.822551 0.958896 0.991554 0.99831
 0.479458 0.822551 0.958896 0.991554 0.99831
 0.479458 0.822551 0.958896 0.991554 0.99831
 0.479458 0.822551 0.958896 0.991554 0.99831
 0.479458 0.822551 0.958896 0.991554 0.99831
 0.479458 0.822551 0.958896 0.991554 0.99831
 0.479458 0.822551 0.958896 0.991554 0.99831
 0.479458 0.822551 0.958896 0.991554 0.99831
 0.479458 0.822551 0.958896 0.991554 0.99831
 0.479458 0.822551 0.958896 0.991554 0.99831
 0.479458 0.822551 0.958896 0.991554 0.99831
 0.479458 0.822551 0.958896 0.991554 0.99831
 0.479458 0.822551 0.958896 0.991554 0.99831
 0.479458 0.822551 0.958896 0.991554 0.99831
pf_obs 
 0.8446 0.082 0.0669 0.0065 0
 0.8095 0.147 0.0364 0.0071 0
 0.9664 0.0169 0.016 0.0007 0
 0.9276 0.0648 0.0075 0.0001 0
 0.7033 0.2144 0.0806 0.0017 0
 0.9318 0.0425 0.0243 0.0014 0
 0.5671 0.3108 0.0964 0.0239 0.0018
 0.0768 0.2599 0.5324 0.112 0.0189
 0.490249 0.384438 0.106611 0.0170017 0.00170017
 0.7925 0.1577 0.0466 0.003 0.0002
 0.840416 0.127587 0.0312969 0.00059994 9.999e-05
 0.8084 0.0986 0.0794 0.0134 0.0002
 0.7335 0.1905 0.0724 0.0035 0.0001
 0.4001 0.4547 0.1325 0.0127 0
 0.49795 0.308269 0.164784 0.0264974 0.00249975
 0.9179 0.0499 0.0305 0.0017 0
 0.2467 0.6533 0.0926 0.0074 0
 0.9418 0.0223 0.034 0.0019 0
 0.707729 0.231977 0.0356964 0.0245975 0
 0.517169 0.277429 0.184464 0.0207286 0.00020938
 0.811772 0.124168 0.05621 0.00726502 0.000585176
 0.764997 0.148141 0.077277 0.00933861 0.000247198
 0.163321 0.427699 0.378323 0.0303852 0.000271297
 0.753843 0.0900009 0.118128 0.0371064 0.000921714
 0.721811 0.176058 0.0630433 0.0369309 0.00215725
 0.143369 0.312575 0.442814 0.0836902 0.0175525
 0.692698 0.0596174 0.167031 0.0765114 0.00414204
 0.394062 0.376323 0.152708 0.0712218 0.00568511
 0.125707 0.32114 0.495352 0.0537591 0.00404204
 0.23352 0.215282 0.420074 0.123614 0.00750983
 0.796117 0.104755 0.0508955 0.0450114 0.00322123
 0.162477 0.292055 0.404252 0.121198 0.0200186
pf_pred 
 0.0207125 0.164556 0.713375 0.101356 6.18462e-07
 0.0476924 0.0304127 0.154912 0.671567 0.0954163
 0.963449 0.00301648 0.00107095 0.00545506 0.0270085
 0.501211 0.488457 0.000852614 0.000302707 0.00917589
 0.197457 0.540233 0.256877 0.000448385 0.00498474
 0.999365 0.000264682 0.000249562 0.000118665 2.50985e-06
 0.00873502 0.990853 0.000171488 0.000161692 7.85096e-05
 0.00966089 0.0134541 0.976479 0.000169 0.000236717
 0.0518195 0.0136579 0.0126958 0.921444 0.00038285
 0.296531 0.0568701 0.00931383 0.00865776 0.628627
 0.98964 0.0059009 0.000360475 5.90364e-05 0.00403948
 0.930649 0.0689379 0.000235252 1.43711e-05 0.000163396
 0.789154 0.203695 0.00710806 2.42564e-05 1.83293e-05
 0.885841 0.102042 0.0117058 0.000408482 2.44729e-06
 0.88765 0.107414 0.00441236 0.000506167 1.77688e-05
 0.986862 0.0125593 0.000553086 2.27197e-05 2.6978e-06
 0.123283 0.87071 0.00574256 0.000252891 1.16218e-05
 0.990088 0.00233177 0.00752789 4.96484e-05 2.2869e-06
 0.486245 0.5108 0.000695095 0.00224405 1.54818e-05
 0.893581 0.0707744 0.0354392 4.82256e-05 0.000156766
 0.770034 0.21686 0.00871632 0.00436457 2.5246e-05
 0.925216 0.0650374 0.00919071 0.000369405 0.000186044
 0.0832967 0.879549 0.0323124 0.0045662 0.000275962
 0.921948 0.0114046 0.0639465 0.00234923 0.000352043
 0.758869 0.230046 0.00161972 0.00908191 0.000383645
 0.288777 0.601414 0.104761 0.000737603 0.00431052
 0.904918 0.0400605 0.0465268 0.00810455 0.000390535
 0.850536 0.141356 0.0034162 0.00396762 0.000724426
 0.243337 0.683507 0.0691878 0.00167208 0.00229655
 0.501475 0.172378 0.294614 0.0298222 0.00171061
 0.953125 0.0313928 0.00535335 0.00914951 0.000979281
 0.1588 0.81936 0.0146264 0.00249421 0.00471916
pobs_RECLAS
 0 0 0 0 0
 0 0 0 0 0
 0 0 0 0 0
 0 0 0 0 0
 0 0 0 0 0
 0 0 0 0 0
 0 0 0 0 0
 0 0 0 0 0
 0 0 0 0 0
 0 0 0 0 0
 0.991045 0.00858322 0.000360255 1.14367e-05 0
 0.934742 0.0480273 0.0164251 0.00080598 0
 0.827803 0.169806 0.00239088 0 0
 0.941827 0.0461693 0.0120037 0 0
 0.791401 0.0380133 0.147996 0.0225897 0
 0.846168 0.0940531 0.0597789 0 0
 0.134021 0.677848 0.182769 0.00536245 0
 0.80878 0.0450904 0.141981 0.00414843 0
 0.846168 0.0940531 0.0597789 0 0
 0.905697 0.0802665 0.012482 0.00150086 5.37128e-05
 0.989698 0.0102097 9.19794e-05 0 0
 0.975433 0.0193895 0.00387452 0.00125025 5.28907e-05
 0.303575 0.632131 0.0575291 0.00676475 0
 0.966965 0.00978017 0.0227588 0.000495775 0
 0.843318 0.132988 0.00938335 0.0141283 0.000182051
 0.564624 0.303363 0.111486 0.0197234 0.00080311
 0.826376 0.0876187 0.0782897 0.00655872 0.00115652
 0.89761 0.0855135 0.0140674 0.00269457 0.000114338
 0.34875 0.467042 0.161289 0.0227151 0.000203297
 0.318654 0.224769 0.449479 0.00709798 0
 0.937255 0.0296025 0.0250945 0.00804832 0
 0.456809 0.399803 0.12412 0.0192676 0
ppred_RECLAS
 0.0192199 0.151238 0.724425 0.105117 6.44138e-07
 0.0445839 0.0272189 0.153189 0.678235 0.0967731
 0.960873 0.00288131 0.00113028 0.00587984 0.0292354
 0.521721 0.467108 0.000900887 0.000326655 0.00994389
 0.228285 0.502166 0.263827 0.000470321 0.00525082
 0.999327 0.000263055 0.000274049 0.000133083 2.82676e-06
 0.00882154 0.990718 0.000189453 0.000182434 8.89571e-05
 0.00878574 0.012203 0.978595 0.000172972 0.00024331
 0.0469883 0.0121884 0.0125185 0.927918 0.000387178
 0.325733 0.0485812 0.00879104 0.00834577 0.608549
 0.989445 0.00569141 0.000384152 6.42536e-05 0.00441513
 0.936605 0.0629732 0.000237443 1.48137e-05 0.000169144
 0.807529 0.185283 0.00714387 2.48976e-05 1.88937e-05
 0.903937 0.0849143 0.0107629 0.000383575 2.30783e-06
 0.905327 0.0900883 0.00408889 0.000479046 1.68882e-05
 0.987623 0.0117773 0.00057306 2.40413e-05 2.86687e-06
 0.135302 0.85815 0.00625349 0.000281255 1.29802e-05
 0.989648 0.00225414 0.00804073 5.41597e-05 2.5053e-06
 0.509259 0.487574 0.000733097 0.00241712 1.67467e-05
 0.897066 0.0661297 0.0365874 5.0848e-05 0.000165993
 0.782031 0.204233 0.00907001 0.00463836 2.69437e-05
 0.928513 0.0613204 0.00957453 0.000393025 0.000198781
 0.0874438 0.871753 0.0353859 0.00510699 0.000309957
 0.918338 0.0109426 0.0677929 0.00254356 0.000382784
 0.764161 0.22371 0.00174035 0.00996607 0.000422783
 0.294318 0.587104 0.112997 0.000812532 0.00476858
 0.903904 0.038094 0.0488844 0.00869651 0.00042084
 0.852304 0.138788 0.00370601 0.00439585 0.000806024
 0.245259 0.674832 0.0754761 0.00186289 0.00256949
 0.504332 0.160157 0.302444 0.0312666 0.00180108
 0.953671 0.0298388 0.00562218 0.00981354 0.00105481
 0.162892 0.812974 0.0160349 0.00279262 0.00530621
pobs_PELACES
 0 0 0 0 0
 0 0 0 0 0
 0 0 0 0 0
 0 0 0 0 0
 0 0 0 0 0
 0 0 0 0 0
 0 0 0 0 0
 0 0 0 0 0
 0 0 0 0 0
 0 0 0 0 0
 0 0 0 0 0
 0 0 0 0 0
 0 0 0 0 0
 0 0 0 0 0
 0 0 0 0 0
 0 0 0 0 0
 0.505614 0.472636 0.0217494 0 0
 0 0 0 0 0
 0.443492 0.261883 0.143347 0.151278 0
 0.227955 0.32914 0.350689 0.0885471 0.00366901
 0.970185 0.0296113 0.000203453 0 0
 0.997202 0.00247181 0.000326279 0 0
 0.445219 0.490057 0.0546422 0.010081 0
 0.90214 0.0892962 0.00764917 0.000914606 0
 0 0 0 0 0
 0.581667 0.319106 0.0959925 0.00289975 0.000334073
 0.762889 0.0836404 0.116647 0.0363945 0.000428098
 0.88444 0.0763242 0.0277011 0.0115352 0
 0.521256 0.241999 0.230069 0.00667565 0
 0.616807 0.101726 0.260614 0.0208532 0
 0.833518 0.0704572 0.0857862 0.0102388 0
 0.697417 0.212968 0.0787535 0.0105354 0.000325836
ppred_PELACES
 0.0163155 0.14474 0.731477 0.107467 6.60222e-07
 0.040062 0.0256912 0.152553 0.683867 0.097826
 0.956409 0.00301445 0.00124763 0.00657143 0.0327575
 0.523988 0.464139 0.000944457 0.000346734 0.0105821
 0.252557 0.477139 0.264483 0.000477385 0.0053433
 0.999206 0.000299596 0.000329306 0.000161916 3.44797e-06
 0.00784075 0.991669 0.000200078 0.000195074 9.53636e-05
 0.00724142 0.0115915 0.980744 0.000175519 0.000247523
 0.0399932 0.0115046 0.0124669 0.935644 0.000391399
 0.352297 0.043793 0.00836099 0.00803674 0.587512
 0.988417 0.00605132 0.000430938 7.29802e-05 0.00502759
 0.938102 0.0614611 0.000244503 1.54449e-05 0.000176802
 0.814955 0.177768 0.00723157 2.55184e-05 1.94142e-05
 0.914847 0.0747886 0.0100015 0.000360896 2.17693e-06
 0.915769 0.0799327 0.00382774 0.000454057 1.60481e-05
 0.987391 0.0119651 0.000614259 2.60919e-05 3.11934e-06
 0.139847 0.85328 0.00656043 0.000298748 1.38227e-05
 0.988467 0.00240743 0.00906045 6.17913e-05 2.86561e-06
 0.514359 0.482304 0.000765107 0.0025542 1.77416e-05
 0.894625 0.0663889 0.0387536 5.45318e-05 0.000178473
 0.781115 0.204325 0.00957381 0.00495721 2.88694e-05
 0.926646 0.0624255 0.0102839 0.00042742 0.000216729
 0.0851044 0.871773 0.0373354 0.00545571 0.000331968
 0.909966 0.01151 0.0752352 0.00285809 0.000431216
 0.751741 0.234689 0.00192631 0.0111689 0.000475018
 0.282155 0.591675 0.120148 0.000874755 0.00514686
 0.897295 0.0393562 0.0532855 0.00959797 0.00046565
 0.839675 0.150085 0.00422837 0.00507814 0.000933508
 0.227472 0.686673 0.0810298 0.00202497 0.00280018
 0.495822 0.156917 0.312645 0.0327253 0.00188992
 0.950989 0.0308633 0.00613544 0.0108433 0.00116848
 0.153701 0.820478 0.0170741 0.00301078 0.00573535
pobs_pel_tallas
 0 0 0 0 0 0 0 0 0 0 0 0 0 0 0 0 0 0 0 0 0 0 0 0 0 0
 0 0 0 0 0 0 0 0 0 0 0 0 0 0 0 0 0 0 0 0 0 0 0 0 0 0
 0 0 0 0 0 0 0 0 0 0 0 0 0 0 0 0 0 0 0 0 0 0 0 0 0 0
 0 0 0 0 0 0 0 0 0 0 0 0 0 0 0 0 0 0 0 0 0 0 0 0 0 0
 0 0 0 0 0 0 0 0 0 0 0 0 0 0 0 0 0 0 0 0 0 0 0 0 0 0
 0 0 0 0 0 0 0 0 0 0 0 0 0 0 0 0 0 0 0 0 0 0 0 0 0 0
 0 0 0 0 0 0 0 0 0 0 0 0 0 0 0 0 0 0 0 0 0 0 0 0 0 0
 0 0 0 0 0 0 0 0 0 0 0 0 0 0 0 0 0 0 0 0 0 0 0 0 0 0
 0 0 0 0 0 0 0 0 0 0 0 0 0 0 0 0 0 0 0 0 0 0 0 0 0 0
 0 0 0 0 0 0 0 0 0 0 0 0 0 0 0 0 0 0 0 0 0 0 0 0 0 0
 0 0 0 0 0 0 0 0 0 0 0 0 0 0 0 0 0 0 0 0 0 0 0 0 0 0
 0 0 0 0 0 0 0 0 0 0 0 0 0 0 0 0 0 0 0 0 0 0 0 0 0 0
 0.00862536 0 0 0.000197151 0.00414017 0.0128641 0.00837892 0.0270097 0.101434 0.158115 0.152841 0.127902 0.109271 0.109419 0.0830992 0.0579132 0.0238553 0.00714673 0.00463305 0.00128148 0.00103504 0.000492878 0.000147863 0.000147863 4.92878e-05 0
 0 0 0 0 0 0 0 0 0 0 0 0 0 0 0 0 0 0 0 0 0 0 0 0 0 0
 0 0 0 0 0 0 0 0.0054083 0.00873648 0.0413646 0.0450493 0.0745869 0.0622846 0.0627006 0.0613931 0.0827291 0.12552 0.122667 0.0946155 0.0697135 0.0546179 0.0294188 0.0215738 0.0213955 0.0102223 0.00600262
 0 0 0 0 0.00359764 0.0251062 0.0480494 0.140153 0.205849 0.193036 0.1447 0.116669 0.0760912 0.0342217 0.00950174 0.001854 0.000860785 0 0 0 0.000165536 0 0.000143464 0 0 0
 0 0 0 0 0 0 0 0.000145254 0.000435761 0.0275982 0.070085 0.0708112 0.156366 0.174668 0.174014 0.160142 0.0824315 0.0480064 0.0283245 0.00493863 0.00203355 0 0 0 0 0
 0 0 0 0 0 0 0 0 0 0 0 0 0 0 0 0 0 0 0 0 0 0 0 0 0 0
 0 0 1.00437e-05 0.000401748 0.00122533 0.00171747 0.00176769 0.0269171 0.070346 0.194647 0.189555 0.159765 0.064822 0.0314167 0.0384472 0.0292271 0.0345202 0.0313363 0.0194345 0.0106764 0.0143323 0.0359363 0.0279516 0.0138201 0.00172751 0
 0 0.0021121 0.0136068 0.0755702 0.200478 0.177729 0.0527432 0.0373336 0.0318909 0.0142505 0.0149659 0.0166563 0.0217959 0.0798694 0.0677717 0.0528807 0.04013 0.0224614 0.0357745 0.0225083 0.00881397 0.00855152 0.00135912 0.000746735 0 0
 0 0 0 0 5.4009e-05 0.00500934 0.000945158 0.0243581 0.138947 0.33067 0.221406 0.137944 0.0707744 0.0437923 0.0131692 0.00525238 0.0047753 0.00276346 9.45158e-05 9.00151e-06 2.25038e-05 9.00151e-06 4.50075e-06 0 0 0
 0.000866109 0.00284123 0.00948549 0.0512746 0.133035 0.25785 0.225252 0.132002 0.0553304 0.0519788 0.0540692 0.017754 0.00435017 0.00159236 0.00146478 0.000404838 0.000125132 0.000115318 0.000107957 0.000100596 0 0 0 0 0 0
 0 0 0 0 0.00144013 0.00171154 0.00461396 0.0210425 0.0478622 0.0707936 0.0888783 0.103762 0.0637923 0.0337046 0.0602308 0.124433 0.169614 0.0934646 0.0462172 0.0250306 0.0313229 0.00938855 0.002487 0.000210481 0 0
 0 0.00764035 0.051015 0.0998891 0.058973 0.0496711 0.0374665 0.0718981 0.12319 0.153886 0.159021 0.0857701 0.0377988 0.023471 0.0147837 0.00900784 0.00315554 0.000888139 0.00291439 0.00214683 0.00393193 0.00274676 0.000635225 9.99891e-05 0 0
 0 0 0 0 0 0 0 0 0 0 0 0 0 0 0 0 0 0 0 0 0 0 0 0 0 0
 0 0 0 0 0 0 0 0 0 0 0 0 0 0 0 0 0 0 0 0 0 0 0 0 0 0
 0 0 0 0 0 0 0 0 0 0 0 0 0 0 0 0 0 0 0 0 0 0 0 0 0 0
 0 0 0 0 0 0 0 0 0 0 0 0 0 0 0 0 0 0 0 0 0 0 0 0 0 0
 0 0 0 0 0 0 0 0 0 0 0 0 0 0 0 0 0 0 0 0 0 0 0 0 0 0
 0 0 0 0 0 0 0 0 0 0 0 0 0 0 0 0 0 0 0 0 0 0 0 0 0 0
 0 0 0 0 0 0 0 0 0 0 0 0 0 0 0 0 0 0 0 0 0 0 0 0 0 0
 0 0 0 0 0 0 0 0 0 0 0 0 0 0 0 0 0 0 0 0 0 0 0 0 0 0
ppred_pel_tallas
 1.31924e-16 1.34392e-06 1.30634e-05 8.68115e-05 0.000394642 0.00122796 0.00261684 0.0038225 0.00383759 0.00269108 0.00148051 0.0011386 0.00200899 0.00439038 0.00884579 0.0160079 0.0262914 0.0398051 0.0564445 0.0758563 0.096998 0.117523 0.133724 0.141578 0.138503 0.124714
 1.89547e-16 3.29986e-06 3.20758e-05 0.000213155 0.000968975 0.00301486 0.00642358 0.00937602 0.00937898 0.00643833 0.00306597 0.00112374 0.000629597 0.00103774 0.0022107 0.00447232 0.00849533 0.0153185 0.0263581 0.043182 0.0668853 0.0971622 0.131502 0.165092 0.19177 0.205844
 1.0624e-16 7.87781e-05 0.000765752 0.00508869 0.0231324 0.0719736 0.153347 0.223815 0.223815 0.153349 0.0719786 0.023147 0.00512592 0.00084943 0.000245386 0.000303269 0.000487804 0.0007534 0.0011356 0.00170945 0.00257475 0.00381356 0.00542846 0.00729278 0.0091451 0.0106435
 1.01972e-16 4.31603e-05 0.000419533 0.00278795 0.0126736 0.0394326 0.0840171 0.122635 0.122679 0.0842351 0.0401644 0.014786 0.00808511 0.0119666 0.0219243 0.0360494 0.0516285 0.0643019 0.0696668 0.0657139 0.0540737 0.0390114 0.0249965 0.0146965 0.00852991 0.00548197
 1.08707e-16 2.08029e-05 0.000202212 0.00134377 0.00610862 0.0190064 0.0404969 0.0591161 0.0591624 0.0407232 0.0197672 0.00830967 0.00688288 0.0123408 0.0232103 0.0386907 0.0565469 0.0727861 0.0832613 0.085914 0.0817874 0.0739305 0.0651985 0.0568098 0.0485357 0.0398479
 1.00027e-16 8.23033e-05 0.000800017 0.00531639 0.0241676 0.0751942 0.160209 0.23383 0.23383 0.160209 0.0751947 0.024169 0.00531994 0.000807851 9.74252e-05 3.14251e-05 3.87273e-05 5.15704e-05 6.29132e-05 7.15662e-05 7.80576e-05 8.34914e-05 8.81703e-05 9.10137e-05 9.02294e-05 8.45816e-05
 1.00295e-16 6.46038e-07 6.27982e-06 4.17362e-05 0.000189785 0.000591005 0.00126272 0.00186297 0.00195832 0.00172852 0.00215436 0.00470232 0.0113576 0.0246717 0.0467352 0.0769743 0.11021 0.137172 0.148418 0.139603 0.114158 0.0811631 0.0501826 0.0269986 0.0126596 0.00519743
 1.28365e-16 5.96474e-07 5.79793e-06 3.85294e-05 0.00017515 0.000544971 0.00116121 0.00169535 0.00169797 0.00117476 0.000594814 0.00033829 0.000520201 0.00129544 0.00314525 0.00700496 0.0142768 0.0266238 0.0453757 0.0705548 0.0998967 0.128574 0.150226 0.159185 0.152878 0.133017
 1.94261e-16 3.29419e-06 3.20207e-05 0.000212789 0.000967309 0.00300967 0.00641246 0.00935948 0.00936094 0.00641978 0.00303541 0.00104722 0.000435564 0.000596818 0.00132396 0.0028887 0.00597193 0.0117214 0.0217882 0.038103 0.0622114 0.0942203 0.131768 0.169689 0.200907 0.218514
 2.00483e-16 2.90182e-05 0.000282068 0.00187444 0.00852093 0.0265118 0.0564863 0.0824444 0.0824487 0.0565076 0.0265837 0.00873083 0.00240986 0.00148187 0.00240849 0.00423235 0.00688572 0.0105826 0.0159169 0.0240506 0.0365911 0.0549789 0.0795346 0.108614 0.138381 0.163512
 1.00873e-16 8.14146e-05 0.000791379 0.00525899 0.0239066 0.0743824 0.158479 0.231306 0.231306 0.158482 0.0743919 0.0239343 0.00532848 0.000943204 0.000370249 0.000484779 0.000694823 0.000884943 0.00100179 0.00103021 0.00100276 0.000981937 0.00102287 0.00114246 0.00131294 0.00147808
 1.00055e-16 7.72702e-05 0.000751094 0.00499129 0.0226897 0.070596 0.150412 0.219533 0.219539 0.150441 0.0706929 0.0229694 0.00569271 0.00228006 0.00297446 0.00477778 0.00683442 0.00850877 0.00921155 0.00867363 0.00710754 0.00507522 0.00316785 0.00174192 0.000860661 0.000400965
 1.00261e-16 6.71268e-05 0.000652497 0.00433607 0.0197112 0.0613288 0.130668 0.190718 0.190735 0.130752 0.0616093 0.0205209 0.00636713 0.0050814 0.0084639 0.013848 0.0198518 0.0247731 0.0269257 0.0255308 0.0211866 0.0154848 0.0100923 0.00600361 0.0033878 0.00190485
 1.00345e-16 7.53547e-05 0.000732475 0.00486755 0.0221272 0.068846 0.146684 0.214091 0.214098 0.146719 0.0689642 0.0224686 0.00572455 0.00260296 0.00362666 0.00587332 0.00844583 0.0106034 0.0116447 0.0112431 0.00963461 0.00745372 0.00535494 0.00371409 0.00258135 0.00182351
 1.0018e-16 7.54307e-05 0.000733214 0.00487246 0.0221495 0.0689154 0.146832 0.214307 0.214315 0.146869 0.0690415 0.0225137 0.00578597 0.00272537 0.00385289 0.00623439 0.00893625 0.0111585 0.012142 0.0115373 0.00961294 0.00708159 0.0046879 0.00287321 0.00170865 0.00103903
 1.00025e-16 8.13301e-05 0.000790558 0.00525353 0.0238818 0.0743052 0.158315 0.231066 0.231067 0.158321 0.0743241 0.0239363 0.00539029 0.00108879 0.000646851 0.000938316 0.00133824 0.00167094 0.0018185 0.00172834 0.00144047 0.00106137 0.000702332 0.000429414 0.000253463 0.000151623
 1.0044e-16 1.15192e-05 0.000111971 0.000744089 0.00338257 0.0105249 0.0224274 0.0327506 0.0328327 0.0228282 0.0118703 0.0072661 0.0104831 0.0213419 0.0402412 0.0662732 0.0949149 0.118193 0.127992 0.120573 0.0988737 0.0706749 0.0441633 0.0242765 0.0118993 0.00534915
 1.00269e-16 8.14188e-05 0.000791419 0.00525926 0.0239078 0.0743861 0.158488 0.231317 0.231317 0.158489 0.0743902 0.0239198 0.00528996 0.000860566 0.000218925 0.000249111 0.000388103 0.000564779 0.000764708 0.000977893 0.00119147 0.0013819 0.00151247 0.0015439 0.0014544 0.00125477
 1.00405e-16 4.23672e-05 0.000411824 0.00273672 0.0124408 0.038708 0.0824733 0.120382 0.120428 0.0826998 0.0394684 0.0146356 0.00824072 0.0124094 0.0227757 0.037449 0.053622 0.066757 0.0722646 0.0680365 0.0557437 0.0397995 0.0248445 0.0136737 0.0067768 0.00317993
 1.01172e-16 7.36891e-05 0.000716284 0.00475996 0.0216381 0.0673241 0.143441 0.209358 0.209365 0.143473 0.0674301 0.0219445 0.00553133 0.00240714 0.00330516 0.00539979 0.00789216 0.0101731 0.0116631 0.0120745 0.0115463 0.010492 0.00929593 0.00811804 0.00692509 0.00565214
 1.00831e-16 6.43394e-05 0.000625402 0.00415602 0.0188927 0.0587822 0.125242 0.182799 0.182819 0.125338 0.0591047 0.0198236 0.00649142 0.00571865 0.0097228 0.0159339 0.0228581 0.028558 0.0311071 0.0296212 0.0247929 0.0184454 0.012474 0.00798707 0.00513849 0.00350325
 1.00393e-16 7.63267e-05 0.000741922 0.00493033 0.0224126 0.0697339 0.148576 0.216852 0.216858 0.148605 0.0698327 0.0226978 0.00564638 0.00230525 0.00304591 0.00491595 0.00707665 0.00890285 0.00981171 0.00953159 0.00825551 0.00650386 0.0048098 0.00347436 0.00253201 0.00187212
 1.01904e-16 7.01012e-06 6.81409e-05 0.000452824 0.00205853 0.00640529 0.0136502 0.0199405 0.0200244 0.01406 0.00778086 0.00602981 0.0104143 0.0217909 0.041194 0.0679108 0.0974035 0.121592 0.132241 0.125544 0.104439 0.0767228 0.0505445 0.03074 0.0180916 0.0108939
 1.02534e-16 7.49527e-05 0.000728566 0.00484158 0.0220091 0.0684786 0.145901 0.212947 0.212948 0.145907 0.0684991 0.0220701 0.00500001 0.00109254 0.000819173 0.00137337 0.00229084 0.0035442 0.00513578 0.00702747 0.00908798 0.0110452 0.0125064 0.0130817 0.012561 0.0110298
 1.01317e-16 6.19199e-05 0.000601884 0.00399973 0.0181822 0.0565717 0.120533 0.175926 0.175949 0.120643 0.0569418 0.0192507 0.00667948 0.00644438 0.0111362 0.0182562 0.0261627 0.0326311 0.0354471 0.0336069 0.0279375 0.0205799 0.0137569 0.00876301 0.00575475 0.00418358
 1.04578e-16 2.32409e-05 0.00022591 0.00150125 0.00682451 0.0212339 0.0452432 0.0660457 0.0661027 0.0455221 0.0221705 0.00953051 0.00829593 0.0150661 0.0282283 0.0466833 0.0673655 0.0849494 0.0939855 0.0919032 0.0804815 0.0645439 0.0490021 0.0365848 0.0275629 0.0209241
 1.0259e-16 7.3909e-05 0.000718422 0.00477416 0.0217027 0.067525 0.143869 0.209982 0.209986 0.143888 0.0675889 0.021888 0.00524315 0.00175451 0.00207766 0.00341194 0.0051275 0.00690681 0.00846746 0.00966204 0.0105183 0.0111302 0.0115011 0.0114947 0.0109371 0.00976984
 1.00828e-16 6.9163e-05 0.000672289 0.0044676 0.0203091 0.0631891 0.134632 0.196502 0.196516 0.134702 0.0634259 0.0209926 0.00618222 0.00441117 0.00715782 0.0116922 0.0167629 0.020927 0.0227683 0.0216419 0.018068 0.0134017 0.00904978 0.0058322 0.00385257 0.00277509
 1.03191e-16 1.87367e-05 0.000182128 0.00121031 0.00550191 0.0171188 0.036476 0.0532516 0.0533177 0.0367992 0.018204 0.00863578 0.00907503 0.0173451 0.0325969 0.0538125 0.0774029 0.0970865 0.10645 0.102502 0.0874361 0.0671397 0.047696 0.0326171 0.0223843 0.0157398
 1.12665e-16 4.08403e-05 0.000396982 0.00263809 0.0119924 0.0373128 0.0794994 0.116035 0.116051 0.0795757 0.0375705 0.0127425 0.00454317 0.00462869 0.00829103 0.0141982 0.021743 0.0300359 0.0381031 0.0453533 0.0516528 0.0568715 0.0603759 0.0610676 0.0580309 0.0512504
 1.01471e-16 7.83317e-05 0.000761412 0.00505985 0.0230014 0.0715658 0.152479 0.222548 0.222551 0.152493 0.0716147 0.0231428 0.00541529 0.0015386 0.00155827 0.00246302 0.00356758 0.0045475 0.00513528 0.00522148 0.00491912 0.00448288 0.0041422 0.00397789 0.0039172 0.00381949
 1.01975e-16 1.26604e-05 0.000123063 0.000817802 0.00371766 0.0115674 0.0246486 0.0359919 0.0360708 0.0250341 0.0128615 0.00745327 0.0101868 0.0205496 0.0387293 0.0638056 0.0914401 0.113994 0.123694 0.116964 0.0966222 0.0701076 0.0452136 0.0265925 0.015009 0.00879367
pSPR Fmed_Fpbrs
0.564897   0.6 0.325
Fs Fmed_Fpbrs
0.341307   0.301546 0.749011
SSBpbr Bo_Bmed_Bpbrs
661195  340447  363657 181829
Ro
36571.9
SPR SPRFo_SPRFmed_SPRFpbrs
263248 148708 85555.6
Fref
0.301546
Nvult_r0
 4547.71 18459.6 329.523 56.1929 106.32
CTP_r0
 1552.27 8009.2 142.973 24.3808 46.1296
YTP_r0
218717
Np
 45009.2 13503.8 347.212 1035.73 23.5199
Nvult_p0
 31505.4 9829.3 252.732 753.899 17.1199
CTP_p0
 5335.8 215.183 641.892 11.4584 2.28801
 5335.8 2277.28 58.5537 174.666 3.96639
YTP_p0
 59876.7 86990.2
CBA_c0
171065
log_Ro
10.327
likeval ReclasPelacesDesembMPH_pf_preclas_ppelaces_ptallas_desvR_qrecl_qpela
 17.6691 18.5034 0.375114 0.00129676 367.344 137.317 146.886 0 152.939 0.000174104 0.000304423 0.0224425 8.90128e-16 0 0
q_reclas_q_pelaces
6.46262 11.7927
M
1
N
 3432.94 19107.3 82833 11768.8 0.0718123
 2183.36 1049.49 5345.76 23174.7 3292.66
 180894 426.665 151.481 771.589 3820.21
 45983.4 35494 61.9557 21.9964 666.771
 2617.94 6151.56 2925.02 5.1057 56.7606
 780654 143.104 134.93 64.1583 1.35699
 3200.97 254698 44.0808 41.5628 20.1808
 1022.72 971.855 70535.7 12.2077 17.0992
 1910.19 359.327 334.016 24242.3 10.0724
 3156.12 526.2 86.1778 80.1074 5816.48
 32144.9 142.703 8.71746 1.42769 97.6877
 115110 6827.79 23.3 1.42335 16.1832
 66571.5 13988.2 488.125 1.66574 1.25871
 70366.3 6921.2 793.971 27.7061 0.165992
 40613.5 4181.27 171.758 19.7034 0.691681
 256985 2537.02 111.725 4.58946 0.544965
 7137.85 40723 268.579 11.8277 0.54355
 458152 799.755 2581.93 17.0285 0.784365
 119552 100207 136.361 440.227 3.03715
 242325 15001.3 7511.68 10.2219 33.228
 163716 36178.6 1454.14 728.139 4.21177
 435620 23679.5 3346.25 134.497 67.7368
 8713.8 70719.6 2598.06 367.143 22.1886
 160418 1481.16 8304.99 305.105 45.7213
 148743 33508.4 235.927 1322.87 55.8815
 20388.7 31984.4 5571.39 39.2272 229.242
 118989 4003.94 4650.23 810.028 39.033
 182852 21931.4 530.024 615.577 112.395
 23273 47202.4 4778.04 115.472 158.598
 22117.8 5988.86 10235.7 1036.1 59.4313
 123404 3098.65 528.406 903.108 96.6606
 5823.7 22265.9 397.469 67.7796 128.242
pred_Ctot
 372.285 2957.71 12822.2 1821.76 0.0111162
 680.695 434.069 2211 9585.01 1361.84
 56117.7 175.7 62.3794 317.739 1573.15
 20030.5 19520.8 34.0741 12.0975 366.708
 1623.38 4441.47 2111.89 3.68636 40.9816
 56374.7 14.9308 14.0779 6.69397 0.141582
 359.055 40729.2 7.04903 6.64637 3.22715
 29.1689 40.6217 2948.26 0.510257 0.714713
 310.525 81.8442 76.079 5521.69 2.29421
 2040.2 391.278 64.0811 59.5672 4325.09
 8975.61 53.5187 3.26935 0.535435 36.6363
 53143.7 3936.62 13.4338 0.820646 9.33055
 33299.4 8595.19 299.934 1.02353 0.773427
 42740.9 4923.42 564.794 19.7088 0.118079
 24345.9 2946.09 121.019 13.8828 0.487352
 98870.2 1258.27 55.4117 2.2762 0.270283
 3442.48 24313.1 160.351 7.06155 0.324519
 122450 288.384 931.019 6.14032 0.282834
 54180 56916.1 77.4512 250.043 1.72506
 97751.4 7742.21 3876.8 5.27553 17.149
 67611.2 19040.9 765.318 383.221 2.21667
 164190 11541.6 1631 65.5552 33.0156
 3151.21 33274.3 1222.42 172.744 10.44
 45868 567.391 3181.41 116.877 17.5146
 40792.1 12365.9 87.066 488.187 20.6224
 6318.54 13159.1 2292.2 16.139 94.3156
 39664.9 1755.95 2039.39 355.243 17.1182
 35482.5 5897.07 142.516 165.52 30.2215
 4550.82 12782.8 1293.93 31.2708 42.9495
 9342.22 3211.31 5488.51 555.573 31.8679
 42075.9 1385.84 236.325 403.907 43.2306
 1552.27 8009.2 142.973 24.3808 46.1296
F
 0.18511 0.273766 0.273766 0.273766 0.273766
 0.632619 0.935606 0.935606 0.935606 0.935606
 0.628545 0.929581 0.929581 0.929581 0.929581
 1.01158 1.49606 1.49606 1.49606 1.49606
 1.90657 2.8197 2.8197 2.8197 2.8197
 0.120053 0.177552 0.177552 0.177552 0.177552
 0.192002 0.28396 0.28396 0.28396 0.28396
 0.0459912 0.0680182 0.0680182 0.0680182 0.0680182
 0.289275 0.42782 0.42782 0.42782 0.42782
 2.09633 3.10035 3.10035 3.10035 3.10035
 0.549253 0.812313 0.812313 0.812313 0.812313
 1.10767 1.63818 1.63818 1.63818 1.63818
 1.26369 1.86892 1.86892 1.86892 1.86892
 1.8231 2.69626 2.69626 2.69626 2.69626
 1.77311 2.62233 2.62233 2.62233 2.62233
 0.842225 1.2456 1.2456 1.2456 1.2456
 1.18886 1.75825 1.75825 1.75825 1.75825
 0.519968 0.769002 0.769002 0.769002 0.769002
 1.07562 1.59077 1.59077 1.59077 1.59077
 0.901809 1.33372 1.33372 1.33372 1.33372
 0.933526 1.38063 1.38063 1.38063 1.38063
 0.818047 1.20984 1.20984 1.20984 1.20984
 0.772084 1.14187 1.14187 1.14187 1.14187
 0.565984 0.837057 0.837057 0.837057 0.837057
 0.536973 0.794152 0.794152 0.794152 0.794152
 0.627699 0.928331 0.928331 0.928331 0.928331
 0.691112 1.02211 1.02211 1.02211 1.02211
 0.354233 0.52389 0.52389 0.52389 0.52389
 0.357394 0.528565 0.528565 0.528565 0.528565
 0.965415 1.42779 1.42779 1.42779 1.42779
 0.712404 1.0536 1.0536 1.0536 1.0536
 0.518209 0.766401 0.766401 0.766401 0.766401
YTP_r0W_actual
 13349.5 198628 3988.93 909.404 1840.57
YTP_p0W_proyectada
 40231.9 3754.95 15450.3 358.878 80.6523
 40231.9 39738.6 1409.39 5470.53 139.815
CTP_r0_actual
 1552.27 8009.2 142.973 24.3808 46.1296
CTP_p0_proyectada
 5335.8 215.183 641.892 11.4584 2.28801
 5335.8 2277.28 58.5537 174.666 3.96639
Wmedp
 7.54 17.45 24.07 31.32 35.25
Frms_r0
 0.518209 0.766401 0.766401 0.766401 0.766401
Zrms_r0
 1.51821 1.7664 1.7664 1.7664 1.7664
nmprior
 7.27 8.72 9 0
nm_flota  nm_reclas  nm_pelaces    nm_pelaL
inf 15.3993 3.80102 6.48425
cv_recla  cv_pelaces  cv_mph
0.37186 0.471212 0.980083
 ------------------------------------------------
Talla a la edad & desviaci?n 
 8 13.2811 15.8009 17.003 17.5766
 0.8 1.32811 1.58009 1.7003 1.75766
