years
 1991 1992 1993 1994 1995 1996 1997 1998 1999 2000 2001 2002 2003 2004 2005 2006 2007 2008 2009 2010 2011 2012 2013 2014 2015 2016 2017 2018 2019 2020 2021 2022
reclasobs
 0 0 0 0 0 0 0 0 0 252601 567819 844713 477998 351125 339783 2.1784e+06 2.13404e+06 4.81314e+06 1.55562e+06 2.62356e+06 3.21686e+06 3.843e+06 1.13348e+06 3.07943e+06 1.97215e+06 2.03268e+06 2.025e+06 2.42433e+06 2.27542e+06 1.05018e+06 2.36338e+06 3.18982e+06
reclaspred
 3.34012e+06 1.86046e+06 944679 946602 947025 1.4697e+06 907126 815635 594545 429492 506093 650358 633820 491695 503491 1.31294e+06 1.26961e+06 2.93558e+06 2.38454e+06 1.75311e+06 3.06585e+06 2.50224e+06 1.99271e+06 3.06101e+06 2.29383e+06 2.04779e+06 2.41267e+06 2.61097e+06 2.17442e+06 1.51866e+06 2.05039e+06 2.26911e+06
pelacesobs
 0 0 0 0 0 0 0 0 0 0 0 0 0 0 0 552880 188675 0 991730 2.46772e+06 1.41603e+06 1.21717e+06 2.29649e+06 1.80582e+06 0 1.4828e+06 1.56532e+06 1.57751e+06 1.42118e+06 867257 1.10002e+06 1.06204e+06
pelacespred
 1.83379e+06 1.13356e+06 573240 469555 492166 787949 446317 503406 351355 239473 293685 314044 336271 273779 289075 627612 608425 1.62701e+06 1.35876e+06 924284 1.57444e+06 1.38142e+06 1.10402e+06 1.86311e+06 1.34238e+06 1.19705e+06 1.60687e+06 1.56797e+06 1.17501e+06 944520 1.09073e+06 1.22823e+06
mphobs
 0 0 0 0 0 0 0 0 0 0 0 498337 0 5186 125008 0 168611 109162 213762 579715 649985 157893 87575 83554 210694 70296 0 107559 103333 445601 22526 0
mphpred
 385222 256354 126822 69790.8 76382.1 86922.8 111056 67683.2 61324.6 42091.8 27549.6 45368.5 48245.5 40067.4 26892.6 34741.9 113955 108911 220865 163120 172208 210628 201820 167210 231988 191436 158895 167890 239858 167502 114135 196996
desembarqueobs
 494567 514787 250237 358949 120608 361735 552515 73892 212993 205616 52469 317467 293654 387597 252695 516296 358380 742168 942051 627588 828172 859565 418607 520667 417249 300574 415391 372974 316634 284311 391294 218835
desembarquepred
 494573 513609 250826 358980 120613 361751 552570 73896.4 213046 205665 52471.6 317537 293709 387637 252691 516258 358404 742059 941840 627441 828251 859592 418619 520695 417250 300576 415393 372959 316628 284312 391268 218838
Reclutas
 192731 108362 112360 181592 147108 242412 102508 48129.6 44448.8 58038.3 109162 144120 119287 85027 84929.6 450636 98568.3 709525 397868 308010 448086 613198 129440 371290 315980 145034 314486 364959 118756 110274 302559 133366
log_desv_Rt
 0.111418 -0.464402 -0.428172 0.0518833 -0.158706 0.340764 -0.519932 -1.27598 -1.35554 -1.08877 -0.457044 -0.179229 -0.368346 -0.706908 -0.708054 0.960783 -0.559127 1.41472 0.836244 0.580257 0.955109 1.26881 -0.286658 0.767106 0.605802 -0.172909 0.601064 0.749908 -0.372802 -0.446911 0.5624 -0.256776
SSB
 3.08885e+06 2.05554e+06 1.0169e+06 559608 612459 696979 890490 542708 491722 337507 220903 363781 386850 321275 215634 278573 913732 873290 1.77098e+06 1.30796e+06 1.38083e+06 1.68889e+06 1.61827e+06 1.34075e+06 1.86016e+06 1.53501e+06 1.27408e+06 1.34621e+06 1.92327e+06 1.34309e+06 915174 1.57959e+06
BT
 4.16883e+06 2.82639e+06 1.42141e+06 1.26095e+06 1.10122e+06 1.91857e+06 1.40938e+06 1.0937e+06 930418 687749 646008 908375 953970 962562 844538 1.70255e+06 1.52375e+06 3.98022e+06 3.6833e+06 2.45623e+06 3.88918e+06 3.62827e+06 2.62105e+06 4.29286e+06 3.13107e+06 2.71335e+06 3.70907e+06 3.5531e+06 2.6628e+06 2.20678e+06 2.56207e+06 2.68176e+06
Ftot
 0.13932 0.254826 0.248891 0.383602 0.128117 0.257236 0.56603 0.0905167 0.35353 0.46795 0.113557 0.495199 0.466695 0.784717 0.537595 0.444089 0.27464 0.278592 0.393394 0.358343 0.278553 0.351695 0.202634 0.181896 0.181209 0.144696 0.182464 0.154388 0.137511 0.181415 0.206349 0.0946991
BD_Bspro_t
 0.978017 0.842411 0.680589 0.59307 0.584847 0.660149 0.643537 0.47684 0.539214 0.494628 0.45948 0.666119 0.547301 0.453212 0.345885 0.406571 0.583075 0.558886 0.660387 0.559674 0.527965 0.575024 0.593431 0.586754 0.691165 0.700236 0.708823 0.742258 0.790162 0.730846 0.684213 0.758627
BD_Bspro
 2.48895 1.65632 0.819405 0.450923 0.49351 0.561615 0.717544 0.437306 0.396222 0.271958 0.178 0.293129 0.311718 0.258879 0.173755 0.22447 0.736271 0.703684 1.42703 1.05393 1.11265 1.36088 1.30398 1.08035 1.49889 1.23688 1.02663 1.08475 1.54974 1.08224 0.737433 1.27281
BD_Bo
 1.43941 0.957886 0.473879 0.260778 0.285407 0.324794 0.41497 0.252903 0.229144 0.157279 0.102941 0.169523 0.180273 0.149715 0.100486 0.129816 0.425801 0.406955 0.825279 0.609512 0.643468 0.787028 0.754117 0.624791 0.866839 0.715317 0.593724 0.627335 0.896248 0.625885 0.426473 0.736091
BD_Brms
 2.61711 1.74161 0.861598 0.474143 0.518923 0.590534 0.754492 0.459824 0.416625 0.285962 0.187166 0.308223 0.327769 0.272209 0.182702 0.236029 0.774184 0.739918 1.50051 1.1082 1.16994 1.43096 1.37112 1.13598 1.57607 1.30058 1.0795 1.14061 1.62954 1.13797 0.775406 1.33835
Sel_flota
 0.732527 0.981145 0.99899 0.999947 0.999997
 0.732527 0.981145 0.99899 0.999947 0.999997
 0.732527 0.981145 0.99899 0.999947 0.999997
 0.732527 0.981145 0.99899 0.999947 0.999997
 0.732527 0.981145 0.99899 0.999947 0.999997
 0.732527 0.981145 0.99899 0.999947 0.999997
 0.732527 0.981145 0.99899 0.999947 0.999997
 0.732527 0.981145 0.99899 0.999947 0.999997
 0.732527 0.981145 0.99899 0.999947 0.999997
 0.732527 0.981145 0.99899 0.999947 0.999997
 0.732527 0.981145 0.99899 0.999947 0.999997
 0.732527 0.981145 0.99899 0.999947 0.999997
 0.732527 0.981145 0.99899 0.999947 0.999997
 0.732527 0.981145 0.99899 0.999947 0.999997
 0.732527 0.981145 0.99899 0.999947 0.999997
 0.732527 0.981145 0.99899 0.999947 0.999997
 0.732527 0.981145 0.99899 0.999947 0.999997
 0.732527 0.981145 0.99899 0.999947 0.999997
 0.732527 0.981145 0.99899 0.999947 0.999997
 0.732527 0.981145 0.99899 0.999947 0.999997
 0.732527 0.981145 0.99899 0.999947 0.999997
 0.732527 0.981145 0.99899 0.999947 0.999997
 0.732527 0.981145 0.99899 0.999947 0.999997
 0.732527 0.981145 0.99899 0.999947 0.999997
 0.732527 0.981145 0.99899 0.999947 0.999997
 0.732527 0.981145 0.99899 0.999947 0.999997
 0.732527 0.981145 0.99899 0.999947 0.999997
 0.732527 0.981145 0.99899 0.999947 0.999997
 0.732527 0.981145 0.99899 0.999947 0.999997
 0.732527 0.981145 0.99899 0.999947 0.999997
 0.732527 0.981145 0.99899 0.999947 0.999997
 0.732527 0.981145 0.99899 0.999947 0.999997
Sel_reclas
 1 1 1 1 1
 1 1 1 1 1
 1 1 1 1 1
 1 1 1 1 1
 1 1 1 1 1
 1 1 1 1 1
 1 1 1 1 1
 1 1 1 1 1
 1 1 1 1 1
 1 1 1 1 1
 1 1 1 1 1
 1 1 1 1 1
 1 1 1 1 1
 1 1 1 1 1
 1 1 1 1 1
 1 1 1 1 1
 1 1 1 1 1
 1 1 1 1 1
 1 1 1 1 1
 1 1 1 1 1
 1 1 1 1 1
 1 1 1 1 1
 1 1 1 1 1
 1 1 1 1 1
 1 1 1 1 1
 1 1 1 1 1
 1 1 1 1 1
 1 1 1 1 1
 1 1 1 1 1
 1 1 1 1 1
 1 1 1 1 1
 1 1 1 1 1
Sel_pelaces
 1 1 1 1 1
 1 1 1 1 1
 1 1 1 1 1
 1 1 1 1 1
 1 1 1 1 1
 1 1 1 1 1
 1 1 1 1 1
 1 1 1 1 1
 1 1 1 1 1
 1 1 1 1 1
 1 1 1 1 1
 1 1 1 1 1
 1 1 1 1 1
 1 1 1 1 1
 1 1 1 1 1
 1 1 1 1 1
 1 1 1 1 1
 1 1 1 1 1
 1 1 1 1 1
 1 1 1 1 1
 1 1 1 1 1
 1 1 1 1 1
 1 1 1 1 1
 1 1 1 1 1
 1 1 1 1 1
 1 1 1 1 1
 1 1 1 1 1
 1 1 1 1 1
 1 1 1 1 1
 1 1 1 1 1
 1 1 1 1 1
 1 1 1 1 1
pf_obs 
 0.8446 0.082 0.0669 0.0065 0
 0.8095 0.147 0.0364 0.0071 0
 0.9664 0.0169 0.016 0.0007 0
 0.9276 0.0648 0.0075 0.0001 0
 0.7033 0.2144 0.0806 0.0017 0
 0.9318 0.0425 0.0243 0.0014 0
 0.5671 0.3108 0.0964 0.0239 0.0018
 0.0768 0.2599 0.5324 0.112 0.0189
 0.490249 0.384438 0.106611 0.0170017 0.00170017
 0.7925 0.1577 0.0466 0.003 0.0002
 0.840416 0.127587 0.0312969 0.00059994 9.999e-05
 0.8084 0.0986 0.0794 0.0134 0.0002
 0.7335 0.1905 0.0724 0.0035 0.0001
 0.4001 0.4547 0.1325 0.0127 0
 0.49795 0.308269 0.164784 0.0264974 0.00249975
 0.9179 0.0499 0.0305 0.0017 0
 0.2467 0.6533 0.0926 0.0074 0
 0.9418 0.0223 0.034 0.0019 0
 0.707729 0.231977 0.0356964 0.0245975 0
 0.517169 0.277429 0.184464 0.0207286 0.00020938
 0.811772 0.124168 0.05621 0.00726502 0.000585176
 0.764997 0.148141 0.077277 0.00933861 0.000247198
 0.163321 0.427699 0.378323 0.0303852 0.000271297
 0.753843 0.0900009 0.118128 0.0371064 0.000921714
 0.721811 0.176058 0.0630433 0.0369309 0.00215725
 0.143369 0.312575 0.442814 0.0836902 0.0175525
 0.692698 0.0596174 0.167031 0.0765114 0.00414204
 0.394062 0.376323 0.152708 0.0712218 0.00568511
 0.125707 0.32114 0.495352 0.0537591 0.00404204
 0.23352 0.215282 0.420074 0.123614 0.00750983
 0.796117 0.104755 0.0508955 0.0450114 0.00322123
 0.162477 0.292055 0.404252 0.121198 0.0200186
pf_pred 
 0.427228 0.124073 0.423663 0.0250346 8.34936e-07
 0.395367 0.305027 0.0658556 0.22072 0.01303
 0.552496 0.212499 0.119773 0.0253497 0.0898815
 0.72045 0.17632 0.0495453 0.0273761 0.0263089
 0.633578 0.287193 0.0503753 0.013857 0.0149973
 0.725081 0.192396 0.0649418 0.0111822 0.00639849
 0.46167 0.422326 0.0816745 0.0270218 0.00730724
 0.446096 0.306403 0.195156 0.0368682 0.0154767
 0.518994 0.25031 0.12866 0.0804729 0.0215633
 0.684012 0.190461 0.0659989 0.0332158 0.0263126
 0.804298 0.147834 0.0291137 0.00986636 0.00888826
 0.721171 0.236201 0.0323495 0.00625433 0.00402489
 0.665246 0.263446 0.0606169 0.00811551 0.00257556
 0.617859 0.282485 0.0788039 0.0177291 0.00312312
 0.728719 0.192235 0.0588343 0.0159878 0.00422457
 0.92981 0.0557943 0.0102709 0.00307136 0.00105384
 0.374852 0.593519 0.0252569 0.00454803 0.00182449
 0.89245 0.0485943 0.0560297 0.0023368 0.000588952
 0.571647 0.394187 0.0156088 0.017637 0.000919968
 0.585864 0.269891 0.132972 0.00515338 0.0061197
 0.723998 0.183462 0.0607511 0.0293073 0.00248174
 0.73434 0.208293 0.0383946 0.0124597 0.0065127
 0.309979 0.547957 0.111897 0.0201979 0.0099693
 0.723126 0.105136 0.136925 0.0274267 0.00738647
 0.61098 0.304011 0.0326669 0.0417403 0.0106016
 0.423626 0.392429 0.144364 0.0152196 0.0243613
 0.713091 0.143088 0.0985105 0.0355691 0.00974212
 0.678696 0.248202 0.0368119 0.0248649 0.0114252
 0.357116 0.476241 0.12929 0.0188193 0.0185337
 0.476417 0.224436 0.22268 0.05934 0.0171264
 0.78264 0.120537 0.0419626 0.0408476 0.0140123
 0.466245 0.44375 0.0503545 0.0171947 0.0224561
pobs_RECLAS
 0 0 0 0 0
 0 0 0 0 0
 0 0 0 0 0
 0 0 0 0 0
 0 0 0 0 0
 0 0 0 0 0
 0 0 0 0 0
 0 0 0 0 0
 0 0 0 0 0
 0 0 0 0 0
 0.991045 0.00858322 0.000360255 1.14367e-05 0
 0.934742 0.0480273 0.0164251 0.00080598 0
 0.827803 0.169806 0.00239088 0 0
 0.941827 0.0461693 0.0120037 0 0
 0.791401 0.0380133 0.147996 0.0225897 0
 0.846168 0.0940531 0.0597789 0 0
 0.134021 0.677848 0.182769 0.00536245 0
 0.80878 0.0450904 0.141981 0.00414843 0
 0.846168 0.0940531 0.0597789 0 0
 0.905697 0.0802665 0.012482 0.00150086 5.37128e-05
 0.989698 0.0102097 9.19794e-05 0 0
 0.975433 0.0193895 0.00387452 0.00125025 5.28907e-05
 0.303575 0.632131 0.0575291 0.00676475 0
 0.966965 0.00978017 0.0227588 0.000495775 0
 0.843318 0.132988 0.00938335 0.0141283 0.000182051
 0.564624 0.303363 0.111486 0.0197234 0.00080311
 0.826376 0.0876187 0.0782897 0.00655872 0.00115652
 0.89761 0.0855135 0.0140674 0.00269457 0.000114338
 0.34875 0.467042 0.161289 0.0227151 0.000203297
 0.318654 0.224769 0.449479 0.00709798 0
 0.937255 0.0296025 0.0250945 0.00804832 0
 0.456809 0.399803 0.12412 0.0192676 0
ppred_RECLAS
 0.504132 0.108963 0.365337 0.0215671 7.19253e-07
 0.47083 0.269504 0.0571203 0.191255 0.01129
 0.626916 0.178927 0.0990045 0.0209335 0.0742191
 0.778383 0.140774 0.038821 0.021429 0.0205925
 0.699873 0.236173 0.0406775 0.0111785 0.0120978
 0.781419 0.153825 0.0509711 0.00876796 0.00501681
 0.539814 0.362537 0.0687725 0.0227299 0.00614628
 0.521466 0.266882 0.166924 0.0315042 0.0132243
 0.595478 0.212442 0.107171 0.0669657 0.017943
 0.747505 0.153367 0.0521445 0.0262167 0.020767
 0.847179 0.115964 0.0224253 0.00759238 0.00683937
 0.778952 0.187803 0.0252349 0.00487387 0.00313635
 0.7303 0.213111 0.0481121 0.00643484 0.00204207
 0.690813 0.229756 0.0628253 0.0141193 0.00248707
 0.786121 0.152414 0.0457599 0.0124222 0.00328223
 0.94746 0.0419275 0.00757341 0.00226243 0.00077624
 0.447335 0.525196 0.0219391 0.0039467 0.00158318
 0.918741 0.0370899 0.0419795 0.0017491 0.000440808
 0.644033 0.328076 0.0127489 0.0143911 0.000750617
 0.65815 0.224237 0.10843 0.00419804 0.00498497
 0.780719 0.146678 0.0476785 0.0229782 0.00194569
 0.789561 0.165672 0.0299721 0.00971678 0.00507872
 0.377686 0.49607 0.0994567 0.0179349 0.00885184
 0.780393 0.0843511 0.107859 0.0215837 0.00581255
 0.679616 0.251404 0.0265233 0.0338574 0.00859896
 0.498369 0.343547 0.124094 0.01307 0.0209194
 0.771402 0.115072 0.0777835 0.0280579 0.00768446
 0.740351 0.201427 0.0293332 0.0197942 0.00909478
 0.428541 0.425348 0.113386 0.0164882 0.0162372
 0.552962 0.193663 0.188656 0.0502243 0.0144947
 0.830145 0.0949876 0.0324656 0.0315721 0.0108299
 0.540459 0.383242 0.0427051 0.0145686 0.0190254
pobs_PELACES
 0 0 0 0 0
 0 0 0 0 0
 0 0 0 0 0
 0 0 0 0 0
 0 0 0 0 0
 0 0 0 0 0
 0 0 0 0 0
 0 0 0 0 0
 0 0 0 0 0
 0 0 0 0 0
 0 0 0 0 0
 0 0 0 0 0
 0 0 0 0 0
 0 0 0 0 0
 0 0 0 0 0
 0 0 0 0 0
 0.505614 0.472636 0.0217494 0 0
 0 0 0 0 0
 0.443492 0.261883 0.143347 0.151278 0
 0.227955 0.32914 0.350689 0.0885471 0.00366901
 0.970185 0.0296113 0.000203453 0 0
 0.997202 0.00247181 0.000326279 0 0
 0.445219 0.490057 0.0546422 0.010081 0
 0.90214 0.0892962 0.00764917 0.000914606 0
 0 0 0 0 0
 0.581667 0.319106 0.0959925 0.00289975 0.000334073
 0.762889 0.0836404 0.116647 0.0363945 0.000428098
 0.88444 0.0763242 0.0277011 0.0115352 0
 0.521256 0.241999 0.230069 0.00667565 0
 0.616807 0.101726 0.260614 0.0208532 0
 0.833518 0.0704572 0.0857862 0.0102388 0
 0.697417 0.212968 0.0787535 0.0105354 0.000325836
ppred_PELACES
 0.50715 0.108369 0.363049 0.0214311 7.14716e-07
 0.476233 0.266957 0.0564956 0.189148 0.0111656
 0.631862 0.176693 0.0976254 0.0206402 0.0731792
 0.783908 0.137381 0.0377997 0.0208628 0.0200483
 0.702111 0.234451 0.0403504 0.0110882 0.012
 0.785079 0.151318 0.0500645 0.00861131 0.00492716
 0.551505 0.353581 0.0668503 0.0220906 0.00597337
 0.523378 0.265879 0.166208 0.0313682 0.0131672
 0.602687 0.208867 0.105149 0.0656946 0.0176023
 0.754887 0.149048 0.0505366 0.0254045 0.0201235
 0.848402 0.115055 0.0222346 0.00752753 0.00678094
 0.785943 0.181944 0.0243765 0.00470734 0.00302916
 0.737887 0.207236 0.0466574 0.00623936 0.00198002
 0.704642 0.219743 0.0598102 0.0134383 0.0023671
 0.793594 0.147225 0.044062 0.0119593 0.00315988
 0.949271 0.0405046 0.00729729 0.00217963 0.000747827
 0.452932 0.519919 0.0216836 0.0039004 0.0015646
 0.920496 0.036321 0.0410419 0.00170988 0.000430922
 0.65144 0.32131 0.0124571 0.0140599 0.000733338
 0.664896 0.219972 0.106143 0.00410905 0.00487927
 0.7847 0.144095 0.0467621 0.0225346 0.00190812
 0.794388 0.161944 0.0292371 0.00947743 0.00495359
 0.381659 0.493024 0.098728 0.0178023 0.0087864
 0.783053 0.0833849 0.10651 0.0213124 0.00573948
 0.682896 0.24889 0.02623 0.033481 0.00850336
 0.501405 0.341561 0.123272 0.0129828 0.0207798
 0.774126 0.113763 0.0768158 0.0277072 0.00758839
 0.742818 0.199555 0.0290341 0.0195914 0.00900159
 0.431357 0.423341 0.112759 0.0163964 0.0161467
 0.55679 0.192122 0.186956 0.0497688 0.0143632
 0.832596 0.0936688 0.031976 0.0310939 0.0106658
 0.542411 0.38165 0.0425039 0.0144995 0.0189352
pobs_pel_tallas
 0 0 0 0 0 0 0 0 0 0 0 0 0 0 0 0 0 0 0 0 0 0 0 0 0 0
 0 0 0 0 0 0 0 0 0 0 0 0 0 0 0 0 0 0 0 0 0 0 0 0 0 0
 0 0 0 0 0 0 0 0 0 0 0 0 0 0 0 0 0 0 0 0 0 0 0 0 0 0
 0 0 0 0 0 0 0 0 0 0 0 0 0 0 0 0 0 0 0 0 0 0 0 0 0 0
 0 0 0 0 0 0 0 0 0 0 0 0 0 0 0 0 0 0 0 0 0 0 0 0 0 0
 0 0 0 0 0 0 0 0 0 0 0 0 0 0 0 0 0 0 0 0 0 0 0 0 0 0
 0 0 0 0 0 0 0 0 0 0 0 0 0 0 0 0 0 0 0 0 0 0 0 0 0 0
 0 0 0 0 0 0 0 0 0 0 0 0 0 0 0 0 0 0 0 0 0 0 0 0 0 0
 0 0 0 0 0 0 0 0 0 0 0 0 0 0 0 0 0 0 0 0 0 0 0 0 0 0
 0 0 0 0 0 0 0 0 0 0 0 0 0 0 0 0 0 0 0 0 0 0 0 0 0 0
 0 0 0 0 0 0 0 0 0 0 0 0 0 0 0 0 0 0 0 0 0 0 0 0 0 0
 0 0 0 0 0 0 0 0 0 0 0 0 0 0 0 0 0 0 0 0 0 0 0 0 0 0
 0.00862536 0 0 0.000197151 0.00414017 0.0128641 0.00837892 0.0270097 0.101434 0.158115 0.152841 0.127902 0.109271 0.109419 0.0830992 0.0579132 0.0238553 0.00714673 0.00463305 0.00128148 0.00103504 0.000492878 0.000147863 0.000147863 4.92878e-05 0
 0 0 0 0 0 0 0 0 0 0 0 0 0 0 0 0 0 0 0 0 0 0 0 0 0 0
 0 0 0 0 0 0 0 0.0054083 0.00873648 0.0413646 0.0450493 0.0745869 0.0622846 0.0627006 0.0613931 0.0827291 0.12552 0.122667 0.0946155 0.0697135 0.0546179 0.0294188 0.0215738 0.0213955 0.0102223 0.00600262
 0 0 0 0 0.00359764 0.0251062 0.0480494 0.140153 0.205849 0.193036 0.1447 0.116669 0.0760912 0.0342217 0.00950174 0.001854 0.000860785 0 0 0 0.000165536 0 0.000143464 0 0 0
 0 0 0 0 0 0 0 0.000145254 0.000435761 0.0275982 0.070085 0.0708112 0.156366 0.174668 0.174014 0.160142 0.0824315 0.0480064 0.0283245 0.00493863 0.00203355 0 0 0 0 0
 0 0 0 0 0 0 0 0 0 0 0 0 0 0 0 0 0 0 0 0 0 0 0 0 0 0
 0 0 1.00437e-05 0.000401748 0.00122533 0.00171747 0.00176769 0.0269171 0.070346 0.194647 0.189555 0.159765 0.064822 0.0314167 0.0384472 0.0292271 0.0345202 0.0313363 0.0194345 0.0106764 0.0143323 0.0359363 0.0279516 0.0138201 0.00172751 0
 0 0.0021121 0.0136068 0.0755702 0.200478 0.177729 0.0527432 0.0373336 0.0318909 0.0142505 0.0149659 0.0166563 0.0217959 0.0798694 0.0677717 0.0528807 0.04013 0.0224614 0.0357745 0.0225083 0.00881397 0.00855152 0.00135912 0.000746735 0 0
 0 0 0 0 5.4009e-05 0.00500934 0.000945158 0.0243581 0.138947 0.33067 0.221406 0.137944 0.0707744 0.0437923 0.0131692 0.00525238 0.0047753 0.00276346 9.45158e-05 9.00151e-06 2.25038e-05 9.00151e-06 4.50075e-06 0 0 0
 0.000866109 0.00284123 0.00948549 0.0512746 0.133035 0.25785 0.225252 0.132002 0.0553304 0.0519788 0.0540692 0.017754 0.00435017 0.00159236 0.00146478 0.000404838 0.000125132 0.000115318 0.000107957 0.000100596 0 0 0 0 0 0
 0 0 0 0 0.00144013 0.00171154 0.00461396 0.0210425 0.0478622 0.0707936 0.0888783 0.103762 0.0637923 0.0337046 0.0602308 0.124433 0.169614 0.0934646 0.0462172 0.0250306 0.0313229 0.00938855 0.002487 0.000210481 0 0
 0 0.00764035 0.051015 0.0998891 0.058973 0.0496711 0.0374665 0.0718981 0.12319 0.153886 0.159021 0.0857701 0.0377988 0.023471 0.0147837 0.00900784 0.00315554 0.000888139 0.00291439 0.00214683 0.00393193 0.00274676 0.000635225 9.99891e-05 0 0
 0 0 0 0 0 0 0 0 0 0 0 0 0 0 0 0 0 0 0 0 0 0 0 0 0 0
 0 0 0 0 0 0 0 0 0 0 0 0 0 0 0 0 0 0 0 0 0 0 0 0 0 0
 0 0 0 0 0 0 0 0 0 0 0 0 0 0 0 0 0 0 0 0 0 0 0 0 0 0
 0 0 0 0 0 0 0 0 0 0 0 0 0 0 0 0 0 0 0 0 0 0 0 0 0 0
 0 0 0 0 0 0 0 0 0 0 0 0 0 0 0 0 0 0 0 0 0 0 0 0 0 0
 0 0 0 0 0 0 0 0 0 0 0 0 0 0 0 0 0 0 0 0 0 0 0 0 0 0
 0 0 0 0 0 0 0 0 0 0 0 0 0 0 0 0 0 0 0 0 0 0 0 0 0 0
 0 0 0 0 0 0 0 0 0 0 0 0 0 0 0 0 0 0 0 0 0 0 0 0 0 0
ppred_pel_tallas
 1.12654e-16 4.17733e-05 0.000406051 0.00269836 0.0122663 0.0381652 0.0813154 0.118684 0.118695 0.0813693 0.0383479 0.0128009 0.00406626 0.00347818 0.00612767 0.0107181 0.0169546 0.0244746 0.0328165 0.0415772 0.0503134 0.0581926 0.0638092 0.0655551 0.0624278 0.0546976
 1.22558e-16 3.92268e-05 0.000381298 0.00253386 0.0115186 0.0358387 0.0763592 0.111454 0.11148 0.0764854 0.0362629 0.0127452 0.0056184 0.00713447 0.0129258 0.0214775 0.0313664 0.0404291 0.0465748 0.0490632 0.0490231 0.0486483 0.0496574 0.0522 0.0549125 0.0558713
 1.17317e-16 5.20457e-05 0.000505902 0.0033619 0.0152827 0.0475503 0.101312 0.147871 0.147888 0.101396 0.0478325 0.0160995 0.0054188 0.00501864 0.0086898 0.0144634 0.0212618 0.0276728 0.032315 0.0346312 0.0352192 0.035342 0.0360038 0.0373257 0.0386093 0.0388779
 1.06611e-16 6.45695e-05 0.000627639 0.00417088 0.0189602 0.0589923 0.12569 0.183451 0.183464 0.125755 0.0592104 0.0195905 0.00575501 0.00409256 0.00666541 0.010972 0.0159329 0.0203293 0.0229769 0.0233661 0.0219674 0.019887 0.0181465 0.0171495 0.0166554 0.0161275
 1.04368e-16 5.7832e-05 0.000562148 0.00373567 0.0169818 0.0528369 0.112575 0.164312 0.164334 0.112686 0.0532079 0.0180537 0.00642701 0.00643987 0.0112282 0.0184914 0.0266812 0.0336602 0.0372923 0.0366033 0.0323579 0.0265227 0.0210642 0.017016 0.0143593 0.0125129
 1.03181e-16 6.4666e-05 0.000628576 0.00417711 0.0189885 0.0590805 0.125878 0.183725 0.18374 0.125949 0.0593207 0.0196831 0.00592268 0.00444661 0.00733764 0.0120854 0.0175367 0.0223326 0.0251257 0.025286 0.0232457 0.0201482 0.0171005 0.0146301 0.0126687 0.010898
 1.05246e-16 4.54268e-05 0.000441565 0.00293435 0.0133392 0.0415033 0.0884284 0.129071 0.129105 0.0885951 0.042063 0.0149563 0.00699521 0.0093115 0.0169061 0.027917 0.0403053 0.0508859 0.0564381 0.0554773 0.0491211 0.0402834 0.0318771 0.0254338 0.0209471 0.0176185
 1.10239e-16 4.311e-05 0.000419045 0.0027847 0.0126589 0.0393865 0.0839182 0.122486 0.122512 0.0840445 0.0398113 0.0138885 0.00588145 0.00721291 0.0130448 0.0217562 0.0319423 0.0414387 0.0480353 0.0506753 0.0499721 0.0475508 0.0447983 0.0420807 0.0389205 0.0347373
 1.12655e-16 4.96426e-05 0.000482544 0.00320667 0.0145771 0.0453548 0.096634 0.141044 0.141065 0.0967331 0.0456881 0.0155415 0.00563455 0.00580657 0.0102323 0.0170276 0.0249782 0.0323873 0.0375691 0.0397949 0.0396915 0.0386796 0.0379115 0.0375744 0.0370039 0.035332
 1.0745e-16 6.21791e-05 0.000604403 0.00401647 0.0182583 0.0568084 0.121037 0.17666 0.176674 0.121107 0.0570453 0.0189433 0.0057387 0.00437381 0.00725024 0.0119661 0.0174203 0.0223161 0.0253854 0.0260782 0.024883 0.0229494 0.0213156 0.0203539 0.0197675 0.018985
 1.02574e-16 6.98818e-05 0.000679276 0.00451403 0.0205201 0.0638458 0.136031 0.198543 0.198554 0.136085 0.064028 0.0210465 0.00583589 0.00356695 0.00556022 0.00909799 0.0131389 0.0166088 0.018466 0.0182389 0.0163026 0.0136118 0.0111101 0.00927625 0.00807317 0.0071966
 1.01735e-16 6.47371e-05 0.000629268 0.00418171 0.0190094 0.0591455 0.126016 0.183928 0.183946 0.126102 0.0594332 0.0198403 0.00626713 0.00518139 0.00870893 0.0142922 0.0205752 0.0258588 0.0284562 0.0275884 0.0238428 0.018769 0.0139489 0.010266 0.00779411 0.00615402
 1.02361e-16 6.07788e-05 0.000590792 0.00392602 0.0178471 0.0555292 0.118311 0.172683 0.172703 0.118409 0.0558574 0.0187956 0.00630807 0.00579498 0.00995662 0.0163955 0.023685 0.029934 0.0332486 0.0327417 0.0290357 0.0237978 0.0187031 0.0146471 0.0116669 0.0093707
 1.03531e-16 5.80405e-05 0.000564174 0.00374914 0.017043 0.0530273 0.112981 0.164904 0.164925 0.113085 0.0533758 0.0180501 0.00627927 0.00609497 0.010584 0.0174632 0.0252851 0.0320776 0.0358613 0.0357112 0.032275 0.0272694 0.0223849 0.0184722 0.0154903 0.0129893
 1.03044e-16 6.53673e-05 0.000635394 0.00422242 0.0191945 0.0597213 0.127243 0.185718 0.185732 0.127313 0.0599549 0.0198698 0.00591935 0.00434613 0.00713134 0.0117349 0.0170129 0.0216356 0.0242893 0.0243644 0.022294 0.0192113 0.0162151 0.0138309 0.0119882 0.010357
 1.00567e-16 7.81902e-05 0.000760036 0.00505071 0.0229598 0.0714365 0.152203 0.222146 0.22215 0.152222 0.0715006 0.023145 0.00551574 0.00177568 0.00200846 0.00320029 0.00461116 0.00581683 0.00644287 0.00631836 0.00557174 0.00453873 0.0035563 0.00280373 0.00228349 0.0019055
 1.01415e-16 3.73075e-05 0.000362643 0.00240989 0.010955 0.0340855 0.0726246 0.106008 0.106058 0.072869 0.0349059 0.0133235 0.00835078 0.0133178 0.0246006 0.0405033 0.0580906 0.0725186 0.0788757 0.0748966 0.0623395 0.0458596 0.0303191 0.0185977 0.0111499 0.00694067
 1.01439e-16 7.58201e-05 0.000736998 0.00489761 0.0222638 0.0692711 0.147589 0.215412 0.215415 0.147607 0.0693297 0.0224338 0.00532687 0.00168285 0.0018978 0.00308406 0.0045898 0.00609173 0.00730355 0.00807346 0.00843452 0.00851379 0.00838635 0.00801342 0.00730977 0.00625969
 1.01976e-16 5.36583e-05 0.000521578 0.00346607 0.0157563 0.0490238 0.104451 0.152456 0.152487 0.104603 0.0495308 0.0172202 0.00713827 0.00853015 0.0152404 0.0250509 0.0359432 0.0449129 0.0489426 0.0466562 0.0391612 0.0293396 0.0201726 0.0133819 0.00916457 0.00679538
 1.04358e-16 5.47667e-05 0.000532352 0.00353766 0.0160817 0.0500363 0.106608 0.155603 0.155624 0.106713 0.0503866 0.0170948 0.00608619 0.00611394 0.0107081 0.0177533 0.025887 0.0332115 0.0378003 0.0387168 0.0364914 0.032614 0.0284951 0.0247597 0.0212991 0.0177917
 1.0397e-16 6.46347e-05 0.000628273 0.00417509 0.0189794 0.059052 0.125817 0.183636 0.18365 0.125885 0.0592808 0.019641 0.0058382 0.00426673 0.00699809 0.0115288 0.0167481 0.0213735 0.0241428 0.0244797 0.0228146 0.0202367 0.0177699 0.0158511 0.0143277 0.0128139
 1.02674e-16 6.54327e-05 0.000636029 0.00422664 0.0192137 0.059781 0.12737 0.185904 0.18592 0.127447 0.0600374 0.0199542 0.00608612 0.00469734 0.00778469 0.0127824 0.0184461 0.0232803 0.0258077 0.0253519 0.0224324 0.0183948 0.0145838 0.0117058 0.00975194 0.0083392
 1.06248e-16 3.14369e-05 0.000305578 0.00203067 0.00923118 0.0287219 0.0611968 0.0893284 0.089376 0.0614292 0.0295025 0.0114864 0.0076938 0.0126756 0.0235459 0.0389327 0.0562121 0.0709616 0.0786768 0.0772622 0.0682423 0.0556529 0.0435522 0.034114 0.0274098 0.0224281
 1.06204e-16 6.44991e-05 0.000626954 0.00416633 0.0189395 0.058928 0.125553 0.183249 0.183258 0.125593 0.059063 0.0193317 0.00515806 0.0028167 0.00429608 0.00719088 0.0107987 0.0145151 0.0177478 0.020197 0.0219503 0.0232472 0.0241346 0.0243411 0.0234769 0.0213573
 1.05618e-16 5.62493e-05 0.000546763 0.00363343 0.0165171 0.0513909 0.109495 0.159816 0.15984 0.109612 0.0517844 0.0176537 0.0064864 0.00677498 0.0118859 0.0195655 0.0281961 0.0355069 0.0392392 0.0383943 0.0338478 0.0277648 0.0222872 0.0185026 0.0162986 0.0149058
 1.08464e-16 4.13001e-05 0.000401452 0.00266779 0.0121274 0.0377331 0.0803955 0.117346 0.11738 0.080557 0.0382757 0.0136962 0.00661154 0.00902994 0.0164849 0.0273354 0.0397197 0.0506736 0.0571819 0.0578316 0.0535874 0.0469965 0.0405057 0.0352514 0.031039 0.0271301
 1.06309e-16 6.37637e-05 0.000619806 0.00411883 0.0187236 0.0582562 0.124121 0.181161 0.181172 0.124175 0.0584382 0.0192508 0.00544732 0.00353694 0.00565428 0.00937942 0.0138183 0.0180398 0.0211338 0.0226832 0.0229651 0.0226509 0.0222599 0.0218304 0.0210229 0.0194765
 1.04378e-16 6.1185e-05 0.00059474 0.00395226 0.0179664 0.0559002 0.119102 0.173837 0.173856 0.119196 0.0562159 0.0188784 0.006242 0.00559488 0.00956242 0.0157261 0.022685 0.0286125 0.0316989 0.0311334 0.0275928 0.0227763 0.0183668 0.015223 0.013274 0.0119515
 1.0774e-16 3.55304e-05 0.000345368 0.0022951 0.0104332 0.0324618 0.0691647 0.100957 0.100997 0.0693646 0.033133 0.012373 0.00716834 0.0109974 0.0203057 0.0336183 0.0486706 0.0617194 0.0689542 0.0685994 0.0619217 0.0522615 0.0429155 0.035554 0.030101 0.025653
 1.12867e-16 4.58621e-05 0.000445796 0.00296247 0.013467 0.0419009 0.0892749 0.130303 0.130322 0.0893668 0.0422102 0.0143639 0.00522676 0.00543177 0.00964184 0.0161999 0.0241132 0.0319677 0.0383222 0.0424864 0.0448027 0.04612 0.0469298 0.0469412 0.0453978 0.0417557
 1.05871e-16 6.85798e-05 0.00066662 0.00442993 0.0201378 0.0626562 0.133496 0.194843 0.194852 0.13354 0.0628052 0.0205687 0.00551363 0.00303967 0.00459755 0.00755191 0.0110176 0.0141743 0.0162486 0.0169222 0.0165215 0.0157651 0.0152657 0.0151785 0.0152153 0.0149232
 1.05983e-16 4.46778e-05 0.000434284 0.00288597 0.0131192 0.040819 0.0869705 0.126944 0.126981 0.0871502 0.0414222 0.0148614 0.00725844 0.00997755 0.0181639 0.0299454 0.0431068 0.054161 0.0595918 0.0578036 0.0500877 0.0397611 0.030187 0.0232048 0.0188756 0.0162436
pSPR Fmed_Fpbrs
0.556065   0.6 0.325
Fs Fmed_Fpbrs
0.341307   0.292812 0.721073
SSBpbr Bo_Bmed_Bpbrs
2.14591e+06  1.08597e+06  1.18025e+06 590126
Ro
172410
SPR SPRFo_SPRFmed_SPRFpbrs
1.24103e+06 690091 403334
Fref
0.292812
Nvult_r0
 87591.7 63611.5 7100.33 2422.45 3163.55
CTP_r0
 5682.04 5407.9 613.661 209.549 273.669
YTP_r0
218838
Np
 205388 60971.5 12634.6 8808.27 1249.53
Nvult_p0
 144416 44142.3 9165.41 6390.38 906.538
CTP_p0
 25505.4 7396.02 5266.56 586.859 267.199
 25505.4 9851.44 2074.27 1447.31 205.323
YTP_p0
 475937 466714
CBA_c0
295968
log_Ro
11.8776
likeval ReclasPelacesDesembMPH_pf_preclas_ppelaces_ptallas_desvR_qrecl_qpela
 14.8034 17.3688 0.0559009 0.00112917 230.339 128.139 112.06 0 22.7249 1.72877e-07 7.27393e-07 0.282406 5.64873e-16 0 0
q_reclas_q_pelaces
0.942895 1.12819
M
1
N
 192731 42384.4 142286 8400.17 0.280143
 108362 64022.8 13600.2 45543 2688.47
 112360 33076 18342.4 3878.77 13752.2
 181592 34445.7 9531.57 5262.35 5056.98
 147108 50438.8 8697.33 2390.24 2586.82
 242412 49270.3 16363.6 2815.18 1610.79
 102508 73862.7 14082.5 4655.66 1258.93
 48129.6 24911.1 15593.4 2943.14 1235.43
 44448.8 16570 8385.48 5240.55 1404.18
 58038.3 12621.1 4309.09 2166.97 1716.54
 109162 15154.8 2933.63 993.273 894.763
 144120 36953.1 4987.34 963.484 620.012
 119287 36888.6 8362.76 1118.74 355.032
 85027 31176.5 8584.91 1930.09 339.986
 84929.6 17604.3 5310.81 1442.07 381.033
 450636 21073.6 3821.66 1141.9 391.79
 98568.3 119744 5014.35 902.167 361.897
 709525 29653.1 33645.9 1402.06 353.349
 397868 212835 8299.78 9370.62 488.762
 308010 109722 53225.7 2061.08 2447.46
 448086 87150.6 28399.2 13688.6 1159.1
 613198 134416 24394 7909.7 4134.24
 129440 174349 35018.4 6315.44 3117.03
 371290 41049.7 52575.4 10521.7 2833.55
 315980 119551 12633.1 16127.7 4096.06
 145034 101793 36816.5 3877.89 6206.86
 314486 47989.1 32491.2 11721.2 3210.2
 364959 101218 14760.4 9961.14 4576.84
 118756 119904 32002.2 4653.96 4583.13
 110274 39501.7 38543 10261.8 2961.57
 302559 35519.2 12162.4 11828.9 4057.56
 133366 95690.7 10671.9 3640.82 4754.65
pred_Ctot
 11919 3461.44 11819.5 698.423 0.0232933
 11842.7 9136.7 1972.62 6611.38 390.297
 12014.7 4621.05 2604.61 551.259 1954.58
 28769.6 7040.92 1978.48 1093.2 1050.59
 8394.25 3805.01 667.421 183.59 198.698
 26724.4 7091.16 2393.57 412.142 235.83
 22744 20805.7 4023.65 1331.22 359.987
 1962.47 1347.93 858.531 162.19 68.0851
 6546.96 3157.59 1623.01 1015.14 272.015
 10947.3 3048.24 1056.28 531.604 421.121
 5545.3 1019.25 200.727 68.0245 61.2809
 28543.7 9348.75 1280.39 247.545 159.304
 22447.8 8889.59 2045.43 273.846 86.9086
 24609.9 11251.6 3138.83 706.168 124.397
 18041.8 4759.39 1456.63 395.83 104.593
 81220.1 4873.7 897.179 268.287 92.0543
 11542.3 18275.5 777.706 140.042 56.1792
 84182.8 4583.79 5285.15 220.425 55.5545
 64460 44449.2 1760.08 1988.78 103.737
 45920.7 21154.3 10422.5 403.927 479.669
 53157.1 13470.1 4460.45 2151.79 182.213
 89898.5 25499.4 4700.3 1525.32 797.29
 11424.5 20195.3 4124.03 744.407 367.424
 29598.7 4303.39 5604.56 1122.62 302.34
 25099.6 12489 1341.98 1714.73 435.522
 9300.33 8615.42 3169.38 334.133 534.83
 25144.5 5045.45 3473.6 1254.21 343.519
 24898.2 9105.39 1350.46 912.179 419.138
 7252.77 9672.11 2625.8 382.206 376.407
 8768.9 4130.95 4098.63 1092.21 315.226
 27163.5 4183.55 1456.42 1417.72 486.332
 5682.04 5407.9 613.661 209.549 273.669
F
 0.102055 0.136693 0.139179 0.139312 0.139319
 0.186667 0.250022 0.254569 0.254813 0.254826
 0.182319 0.244198 0.248639 0.248878 0.24889
 0.280999 0.376369 0.383215 0.383582 0.383601
 0.0938493 0.125702 0.127988 0.12811 0.128117
 0.188432 0.252385 0.256976 0.257222 0.257235
 0.414632 0.555358 0.565458 0.566 0.566029
 0.0663059 0.08881 0.0904252 0.0905119 0.0905164
 0.25897 0.346864 0.353173 0.353511 0.353529
 0.342786 0.459126 0.467477 0.467925 0.467948
 0.0831834 0.111416 0.113442 0.113551 0.113556
 0.362746 0.485862 0.494698 0.495172 0.495197
 0.341866 0.457895 0.466223 0.46667 0.466693
 0.574826 0.769921 0.783924 0.784675 0.784715
 0.393802 0.527458 0.537052 0.537566 0.537593
 0.325307 0.435716 0.44364 0.444065 0.444088
 0.201181 0.269462 0.274363 0.274626 0.27464
 0.204076 0.273339 0.278311 0.278578 0.278592
 0.288172 0.385977 0.392997 0.393373 0.393393
 0.262496 0.351586 0.357981 0.358324 0.358342
 0.204048 0.273301 0.278272 0.278539 0.278553
 0.257626 0.345063 0.351339 0.351676 0.351694
 0.148435 0.198814 0.20243 0.202624 0.202634
 0.133243 0.178466 0.181712 0.181886 0.181895
 0.132741 0.177793 0.181026 0.1812 0.181209
 0.105993 0.141967 0.144549 0.144688 0.144695
 0.133659 0.179023 0.182279 0.182454 0.182463
 0.113093 0.151477 0.154232 0.15438 0.154387
 0.10073 0.134918 0.137372 0.137503 0.13751
 0.132891 0.177994 0.181231 0.181405 0.181414
 0.151156 0.202458 0.20614 0.206338 0.206348
 0.0693696 0.0929135 0.0946034 0.094694 0.0946988
YTP_r0W_actual
 48865.6 134116 17121.1 7816.17 10919.4
YTP_p0W_proyectada
 192311 129060 126766 18380.4 9418.77
 192311 171908 49927.7 45329.8 7237.64
CTP_r0_actual
 5682.04 5407.9 613.661 209.549 273.669
CTP_p0_proyectada
 25505.4 7396.02 5266.56 586.859 267.199
 25505.4 9851.44 2074.27 1447.31 205.323
Wmedp
 7.54 17.45 24.07 31.32 35.25
Frms_r0
 0.0693696 0.0929135 0.0946034 0.094694 0.0946988
Zrms_r0
 1.06937 1.09291 1.0946 1.09469 1.0947
nmprior
 7.27 8.72 9 0
nm_flota  nm_reclas  nm_pelaces    nm_pelaL
inf 12.1876 20.3283 67.8173
cv_recla  cv_pelaces  cv_mph
0.340372 0.456537 0.914559
 ------------------------------------------------
Talla a la edad & desviaci?n 
 8 13.2811 15.8009 17.003 17.5766
 0.8 1.32811 1.58009 1.7003 1.75766
